incident_day_of_week,police_district,incident_hour,zipcode,crime,population,population_density,housing_units,occupied_housing_units,median_home_value,median_household_income
Friday,Bayview,0,94107.0,7,26599.0,14845.0,15141.0,13736.0,719700.0,114439.0
Friday,Bayview,0,94110.0,9,69333.0,29816.0,28913.0,27128.0,768200.0,82111.0
Friday,Bayview,0,94124.0,43,33996.0,6901.0,10812.0,9717.0,470400.0,50146.0
Friday,Bayview,0,94134.0,26,40798.0,17001.0,11867.0,11244.0,547800.0,56716.0
Friday,Bayview,0,94158.0,10,4792.0,7288.0,2482.0,2271.0,643900.0,82195.0
Friday,Bayview,1,94107.0,2,26599.0,14845.0,15141.0,13736.0,719700.0,114439.0
Friday,Bayview,1,94110.0,8,69333.0,29816.0,28913.0,27128.0,768200.0,82111.0
Friday,Bayview,1,94124.0,21,33996.0,6901.0,10812.0,9717.0,470400.0,50146.0
Friday,Bayview,1,94134.0,8,40798.0,17001.0,11867.0,11244.0,547800.0,56716.0
Friday,Bayview,1,94158.0,2,4792.0,7288.0,2482.0,2271.0,643900.0,82195.0
Friday,Bayview,2,94107.0,2,26599.0,14845.0,15141.0,13736.0,719700.0,114439.0
Friday,Bayview,2,94110.0,9,69333.0,29816.0,28913.0,27128.0,768200.0,82111.0
Friday,Bayview,2,94124.0,5,33996.0,6901.0,10812.0,9717.0,470400.0,50146.0
Friday,Bayview,2,94134.0,6,40798.0,17001.0,11867.0,11244.0,547800.0,56716.0
Friday,Bayview,2,94158.0,4,4792.0,7288.0,2482.0,2271.0,643900.0,82195.0
Friday,Bayview,3,94107.0,1,26599.0,14845.0,15141.0,13736.0,719700.0,114439.0
Friday,Bayview,3,94110.0,6,69333.0,29816.0,28913.0,27128.0,768200.0,82111.0
Friday,Bayview,3,94124.0,4,33996.0,6901.0,10812.0,9717.0,470400.0,50146.0
Friday,Bayview,3,94134.0,8,40798.0,17001.0,11867.0,11244.0,547800.0,56716.0
Friday,Bayview,3,94158.0,3,4792.0,7288.0,2482.0,2271.0,643900.0,82195.0
Friday,Bayview,4,94107.0,1,26599.0,14845.0,15141.0,13736.0,719700.0,114439.0
Friday,Bayview,4,94110.0,1,69333.0,29816.0,28913.0,27128.0,768200.0,82111.0
Friday,Bayview,4,94124.0,6,33996.0,6901.0,10812.0,9717.0,470400.0,50146.0
Friday,Bayview,4,94134.0,4,40798.0,17001.0,11867.0,11244.0,547800.0,56716.0
Friday,Bayview,4,94158.0,1,4792.0,7288.0,2482.0,2271.0,643900.0,82195.0
Friday,Bayview,5,94107.0,3,26599.0,14845.0,15141.0,13736.0,719700.0,114439.0
Friday,Bayview,5,94110.0,9,69333.0,29816.0,28913.0,27128.0,768200.0,82111.0
Friday,Bayview,5,94124.0,22,33996.0,6901.0,10812.0,9717.0,470400.0,50146.0
Friday,Bayview,5,94134.0,5,40798.0,17001.0,11867.0,11244.0,547800.0,56716.0
Friday,Bayview,5,94158.0,2,4792.0,7288.0,2482.0,2271.0,643900.0,82195.0
Friday,Bayview,6,94103.0,1,27170.0,20036.0,14778.0,13098.0,628000.0,43364.0
Friday,Bayview,6,94107.0,2,26599.0,14845.0,15141.0,13736.0,719700.0,114439.0
Friday,Bayview,6,94110.0,2,69333.0,29816.0,28913.0,27128.0,768200.0,82111.0
Friday,Bayview,6,94124.0,23,33996.0,6901.0,10812.0,9717.0,470400.0,50146.0
Friday,Bayview,6,94134.0,7,40798.0,17001.0,11867.0,11244.0,547800.0,56716.0
Friday,Bayview,6,94158.0,5,4792.0,7288.0,2482.0,2271.0,643900.0,82195.0
Friday,Bayview,7,94107.0,2,26599.0,14845.0,15141.0,13736.0,719700.0,114439.0
Friday,Bayview,7,94110.0,3,69333.0,29816.0,28913.0,27128.0,768200.0,82111.0
Friday,Bayview,7,94112.0,1,79407.0,23606.0,23081.0,21975.0,602400.0,71625.0
Friday,Bayview,7,94114.0,1,31124.0,21837.0,17634.0,16281.0,1000001.0,114689.0
Friday,Bayview,7,94124.0,26,33996.0,6901.0,10812.0,9717.0,470400.0,50146.0
Friday,Bayview,7,94134.0,6,40798.0,17001.0,11867.0,11244.0,547800.0,56716.0
Friday,Bayview,7,94158.0,7,4792.0,7288.0,2482.0,2271.0,643900.0,82195.0
Friday,Bayview,8,94107.0,10,26599.0,14845.0,15141.0,13736.0,719700.0,114439.0
Friday,Bayview,8,94110.0,5,69333.0,29816.0,28913.0,27128.0,768200.0,82111.0
Friday,Bayview,8,94124.0,27,33996.0,6901.0,10812.0,9717.0,470400.0,50146.0
Friday,Bayview,8,94134.0,13,40798.0,17001.0,11867.0,11244.0,547800.0,56716.0
Friday,Bayview,8,94158.0,8,4792.0,7288.0,2482.0,2271.0,643900.0,82195.0
Friday,Bayview,9,94102.0,1,31176.0,46472.0,18758.0,16844.0,574100.0,22517.0
Friday,Bayview,9,94107.0,2,26599.0,14845.0,15141.0,13736.0,719700.0,114439.0
Friday,Bayview,9,94110.0,13,69333.0,29816.0,28913.0,27128.0,768200.0,82111.0
Friday,Bayview,9,94112.0,1,79407.0,23606.0,23081.0,21975.0,602400.0,71625.0
Friday,Bayview,9,94124.0,30,33996.0,6901.0,10812.0,9717.0,470400.0,50146.0
Friday,Bayview,9,94134.0,24,40798.0,17001.0,11867.0,11244.0,547800.0,56716.0
Friday,Bayview,9,94158.0,14,4792.0,7288.0,2482.0,2271.0,643900.0,82195.0
Friday,Bayview,10,94103.0,3,27170.0,20036.0,14778.0,13098.0,628000.0,43364.0
Friday,Bayview,10,94107.0,3,26599.0,14845.0,15141.0,13736.0,719700.0,114439.0
Friday,Bayview,10,94110.0,7,69333.0,29816.0,28913.0,27128.0,768200.0,82111.0
Friday,Bayview,10,94124.0,36,33996.0,6901.0,10812.0,9717.0,470400.0,50146.0
Friday,Bayview,10,94134.0,17,40798.0,17001.0,11867.0,11244.0,547800.0,56716.0
Friday,Bayview,10,94158.0,17,4792.0,7288.0,2482.0,2271.0,643900.0,82195.0
Friday,Bayview,11,94103.0,2,27170.0,20036.0,14778.0,13098.0,628000.0,43364.0
Friday,Bayview,11,94107.0,5,26599.0,14845.0,15141.0,13736.0,719700.0,114439.0
Friday,Bayview,11,94110.0,8,69333.0,29816.0,28913.0,27128.0,768200.0,82111.0
Friday,Bayview,11,94124.0,37,33996.0,6901.0,10812.0,9717.0,470400.0,50146.0
Friday,Bayview,11,94134.0,13,40798.0,17001.0,11867.0,11244.0,547800.0,56716.0
Friday,Bayview,11,94158.0,13,4792.0,7288.0,2482.0,2271.0,643900.0,82195.0
Friday,Bayview,12,94105.0,1,5846.0,15826.0,4601.0,3586.0,740900.0,163949.0
Friday,Bayview,12,94107.0,3,26599.0,14845.0,15141.0,13736.0,719700.0,114439.0
Friday,Bayview,12,94110.0,12,69333.0,29816.0,28913.0,27128.0,768200.0,82111.0
Friday,Bayview,12,94122.0,1,56023.0,23699.0,23633.0,22162.0,774500.0,81768.0
Friday,Bayview,12,94124.0,55,33996.0,6901.0,10812.0,9717.0,470400.0,50146.0
Friday,Bayview,12,94134.0,17,40798.0,17001.0,11867.0,11244.0,547800.0,56716.0
Friday,Bayview,12,94158.0,11,4792.0,7288.0,2482.0,2271.0,643900.0,82195.0
Friday,Bayview,13,94107.0,2,26599.0,14845.0,15141.0,13736.0,719700.0,114439.0
Friday,Bayview,13,94110.0,13,69333.0,29816.0,28913.0,27128.0,768200.0,82111.0
Friday,Bayview,13,94124.0,33,33996.0,6901.0,10812.0,9717.0,470400.0,50146.0
Friday,Bayview,13,94134.0,16,40798.0,17001.0,11867.0,11244.0,547800.0,56716.0
Friday,Bayview,13,94158.0,8,4792.0,7288.0,2482.0,2271.0,643900.0,82195.0
Friday,Bayview,14,94107.0,3,26599.0,14845.0,15141.0,13736.0,719700.0,114439.0
Friday,Bayview,14,94110.0,10,69333.0,29816.0,28913.0,27128.0,768200.0,82111.0
Friday,Bayview,14,94124.0,48,33996.0,6901.0,10812.0,9717.0,470400.0,50146.0
Friday,Bayview,14,94134.0,20,40798.0,17001.0,11867.0,11244.0,547800.0,56716.0
Friday,Bayview,14,94158.0,14,4792.0,7288.0,2482.0,2271.0,643900.0,82195.0
Friday,Bayview,15,94107.0,7,26599.0,14845.0,15141.0,13736.0,719700.0,114439.0
Friday,Bayview,15,94110.0,9,69333.0,29816.0,28913.0,27128.0,768200.0,82111.0
Friday,Bayview,15,94124.0,70,33996.0,6901.0,10812.0,9717.0,470400.0,50146.0
Friday,Bayview,15,94134.0,23,40798.0,17001.0,11867.0,11244.0,547800.0,56716.0
Friday,Bayview,15,94158.0,14,4792.0,7288.0,2482.0,2271.0,643900.0,82195.0
Friday,Bayview,16,94107.0,7,26599.0,14845.0,15141.0,13736.0,719700.0,114439.0
Friday,Bayview,16,94110.0,15,69333.0,29816.0,28913.0,27128.0,768200.0,82111.0
Friday,Bayview,16,94124.0,53,33996.0,6901.0,10812.0,9717.0,470400.0,50146.0
Friday,Bayview,16,94134.0,21,40798.0,17001.0,11867.0,11244.0,547800.0,56716.0
Friday,Bayview,16,94158.0,16,4792.0,7288.0,2482.0,2271.0,643900.0,82195.0
Friday,Bayview,17,94107.0,9,26599.0,14845.0,15141.0,13736.0,719700.0,114439.0
Friday,Bayview,17,94110.0,18,69333.0,29816.0,28913.0,27128.0,768200.0,82111.0
Friday,Bayview,17,94124.0,56,33996.0,6901.0,10812.0,9717.0,470400.0,50146.0
Friday,Bayview,17,94134.0,21,40798.0,17001.0,11867.0,11244.0,547800.0,56716.0
Friday,Bayview,17,94158.0,22,4792.0,7288.0,2482.0,2271.0,643900.0,82195.0
Friday,Bayview,18,94107.0,10,26599.0,14845.0,15141.0,13736.0,719700.0,114439.0
Friday,Bayview,18,94110.0,13,69333.0,29816.0,28913.0,27128.0,768200.0,82111.0
Friday,Bayview,18,94124.0,39,33996.0,6901.0,10812.0,9717.0,470400.0,50146.0
Friday,Bayview,18,94134.0,19,40798.0,17001.0,11867.0,11244.0,547800.0,56716.0
Friday,Bayview,18,94158.0,18,4792.0,7288.0,2482.0,2271.0,643900.0,82195.0
Friday,Bayview,19,94107.0,3,26599.0,14845.0,15141.0,13736.0,719700.0,114439.0
Friday,Bayview,19,94110.0,16,69333.0,29816.0,28913.0,27128.0,768200.0,82111.0
Friday,Bayview,19,94124.0,47,33996.0,6901.0,10812.0,9717.0,470400.0,50146.0
Friday,Bayview,19,94134.0,35,40798.0,17001.0,11867.0,11244.0,547800.0,56716.0
Friday,Bayview,19,94158.0,13,4792.0,7288.0,2482.0,2271.0,643900.0,82195.0
Friday,Bayview,20,94107.0,4,26599.0,14845.0,15141.0,13736.0,719700.0,114439.0
Friday,Bayview,20,94110.0,11,69333.0,29816.0,28913.0,27128.0,768200.0,82111.0
Friday,Bayview,20,94124.0,41,33996.0,6901.0,10812.0,9717.0,470400.0,50146.0
Friday,Bayview,20,94134.0,21,40798.0,17001.0,11867.0,11244.0,547800.0,56716.0
Friday,Bayview,20,94158.0,14,4792.0,7288.0,2482.0,2271.0,643900.0,82195.0
Friday,Bayview,21,94105.0,1,5846.0,15826.0,4601.0,3586.0,740900.0,163949.0
Friday,Bayview,21,94107.0,4,26599.0,14845.0,15141.0,13736.0,719700.0,114439.0
Friday,Bayview,21,94110.0,5,69333.0,29816.0,28913.0,27128.0,768200.0,82111.0
Friday,Bayview,21,94124.0,39,33996.0,6901.0,10812.0,9717.0,470400.0,50146.0
Friday,Bayview,21,94134.0,22,40798.0,17001.0,11867.0,11244.0,547800.0,56716.0
Friday,Bayview,21,94158.0,14,4792.0,7288.0,2482.0,2271.0,643900.0,82195.0
Friday,Bayview,22,94107.0,6,26599.0,14845.0,15141.0,13736.0,719700.0,114439.0
Friday,Bayview,22,94110.0,14,69333.0,29816.0,28913.0,27128.0,768200.0,82111.0
Friday,Bayview,22,94124.0,41,33996.0,6901.0,10812.0,9717.0,470400.0,50146.0
Friday,Bayview,22,94134.0,21,40798.0,17001.0,11867.0,11244.0,547800.0,56716.0
Friday,Bayview,22,94158.0,8,4792.0,7288.0,2482.0,2271.0,643900.0,82195.0
Friday,Bayview,23,94107.0,3,26599.0,14845.0,15141.0,13736.0,719700.0,114439.0
Friday,Bayview,23,94110.0,5,69333.0,29816.0,28913.0,27128.0,768200.0,82111.0
Friday,Bayview,23,94124.0,23,33996.0,6901.0,10812.0,9717.0,470400.0,50146.0
Friday,Bayview,23,94134.0,15,40798.0,17001.0,11867.0,11244.0,547800.0,56716.0
Friday,Bayview,23,94158.0,6,4792.0,7288.0,2482.0,2271.0,643900.0,82195.0
Friday,Central,0,94102.0,1,31176.0,46472.0,18758.0,16844.0,574100.0,22517.0
Friday,Central,0,94104.0,22,406.0,5232.0,368.0,207.0,1000001.0,48750.0
Friday,Central,0,94105.0,3,5846.0,15826.0,4601.0,3586.0,740900.0,163949.0
Friday,Central,0,94108.0,70,13768.0,50983.0,8843.0,7628.0,856900.0,35427.0
Friday,Central,0,94109.0,17,55984.0,47129.0,37182.0,33342.0,723200.0,60722.0
Friday,Central,0,94111.0,17,3713.0,10791.0,2811.0,2365.0,882000.0,89722.0
Friday,Central,1,94104.0,13,406.0,5232.0,368.0,207.0,1000001.0,48750.0
Friday,Central,1,94105.0,1,5846.0,15826.0,4601.0,3586.0,740900.0,163949.0
Friday,Central,1,94108.0,35,13768.0,50983.0,8843.0,7628.0,856900.0,35427.0
Friday,Central,1,94109.0,13,55984.0,47129.0,37182.0,33342.0,723200.0,60722.0
Friday,Central,1,94111.0,10,3713.0,10791.0,2811.0,2365.0,882000.0,89722.0
Friday,Central,1,94129.0,2,3183.0,1381.0,1132.0,1086.0,,143320.0
Friday,Central,2,94104.0,18,406.0,5232.0,368.0,207.0,1000001.0,48750.0
Friday,Central,2,94105.0,1,5846.0,15826.0,4601.0,3586.0,740900.0,163949.0
Friday,Central,2,94108.0,24,13768.0,50983.0,8843.0,7628.0,856900.0,35427.0
Friday,Central,2,94109.0,8,55984.0,47129.0,37182.0,33342.0,723200.0,60722.0
Friday,Central,2,94111.0,4,3713.0,10791.0,2811.0,2365.0,882000.0,89722.0
Friday,Central,3,94104.0,19,406.0,5232.0,368.0,207.0,1000001.0,48750.0
Friday,Central,3,94105.0,2,5846.0,15826.0,4601.0,3586.0,740900.0,163949.0
Friday,Central,3,94108.0,24,13768.0,50983.0,8843.0,7628.0,856900.0,35427.0
Friday,Central,3,94109.0,13,55984.0,47129.0,37182.0,33342.0,723200.0,60722.0
Friday,Central,3,94111.0,4,3713.0,10791.0,2811.0,2365.0,882000.0,89722.0
Friday,Central,3,94117.0,1,39169.0,23211.0,19255.0,17939.0,911500.0,94479.0
Friday,Central,4,94104.0,18,406.0,5232.0,368.0,207.0,1000001.0,48750.0
Friday,Central,4,94105.0,3,5846.0,15826.0,4601.0,3586.0,740900.0,163949.0
Friday,Central,4,94108.0,10,13768.0,50983.0,8843.0,7628.0,856900.0,35427.0
Friday,Central,4,94109.0,6,55984.0,47129.0,37182.0,33342.0,723200.0,60722.0
Friday,Central,5,94104.0,18,406.0,5232.0,368.0,207.0,1000001.0,48750.0
Friday,Central,5,94105.0,3,5846.0,15826.0,4601.0,3586.0,740900.0,163949.0
Friday,Central,5,94108.0,14,13768.0,50983.0,8843.0,7628.0,856900.0,35427.0
Friday,Central,5,94109.0,5,55984.0,47129.0,37182.0,33342.0,723200.0,60722.0
Friday,Central,5,94111.0,4,3713.0,10791.0,2811.0,2365.0,882000.0,89722.0
Friday,Central,6,94104.0,14,406.0,5232.0,368.0,207.0,1000001.0,48750.0
Friday,Central,6,94105.0,3,5846.0,15826.0,4601.0,3586.0,740900.0,163949.0
Friday,Central,6,94108.0,14,13768.0,50983.0,8843.0,7628.0,856900.0,35427.0
Friday,Central,6,94109.0,9,55984.0,47129.0,37182.0,33342.0,723200.0,60722.0
Friday,Central,6,94110.0,1,69333.0,29816.0,28913.0,27128.0,768200.0,82111.0
Friday,Central,6,94111.0,16,3713.0,10791.0,2811.0,2365.0,882000.0,89722.0
Friday,Central,6,94129.0,1,3183.0,1381.0,1132.0,1086.0,,143320.0
Friday,Central,7,94104.0,29,406.0,5232.0,368.0,207.0,1000001.0,48750.0
Friday,Central,7,94105.0,1,5846.0,15826.0,4601.0,3586.0,740900.0,163949.0
Friday,Central,7,94108.0,21,13768.0,50983.0,8843.0,7628.0,856900.0,35427.0
Friday,Central,7,94109.0,5,55984.0,47129.0,37182.0,33342.0,723200.0,60722.0
Friday,Central,7,94111.0,12,3713.0,10791.0,2811.0,2365.0,882000.0,89722.0
Friday,Central,7,94114.0,1,31124.0,21837.0,17634.0,16281.0,1000001.0,114689.0
Friday,Central,8,94104.0,42,406.0,5232.0,368.0,207.0,1000001.0,48750.0
Friday,Central,8,94105.0,5,5846.0,15826.0,4601.0,3586.0,740900.0,163949.0
Friday,Central,8,94108.0,19,13768.0,50983.0,8843.0,7628.0,856900.0,35427.0
Friday,Central,8,94109.0,12,55984.0,47129.0,37182.0,33342.0,723200.0,60722.0
Friday,Central,8,94110.0,2,69333.0,29816.0,28913.0,27128.0,768200.0,82111.0
Friday,Central,8,94111.0,21,3713.0,10791.0,2811.0,2365.0,882000.0,89722.0
Friday,Central,8,94123.0,1,23088.0,22622.0,15083.0,13717.0,1000001.0,112650.0
Friday,Central,8,94129.0,2,3183.0,1381.0,1132.0,1086.0,,143320.0
Friday,Central,9,94103.0,1,27170.0,20036.0,14778.0,13098.0,628000.0,43364.0
Friday,Central,9,94104.0,39,406.0,5232.0,368.0,207.0,1000001.0,48750.0
Friday,Central,9,94105.0,7,5846.0,15826.0,4601.0,3586.0,740900.0,163949.0
Friday,Central,9,94108.0,40,13768.0,50983.0,8843.0,7628.0,856900.0,35427.0
Friday,Central,9,94109.0,12,55984.0,47129.0,37182.0,33342.0,723200.0,60722.0
Friday,Central,9,94111.0,21,3713.0,10791.0,2811.0,2365.0,882000.0,89722.0
Friday,Central,9,94129.0,4,3183.0,1381.0,1132.0,1086.0,,143320.0
Friday,Central,10,94104.0,44,406.0,5232.0,368.0,207.0,1000001.0,48750.0
Friday,Central,10,94105.0,4,5846.0,15826.0,4601.0,3586.0,740900.0,163949.0
Friday,Central,10,94108.0,34,13768.0,50983.0,8843.0,7628.0,856900.0,35427.0
Friday,Central,10,94109.0,10,55984.0,47129.0,37182.0,33342.0,723200.0,60722.0
Friday,Central,10,94111.0,53,3713.0,10791.0,2811.0,2365.0,882000.0,89722.0
Friday,Central,10,94129.0,1,3183.0,1381.0,1132.0,1086.0,,143320.0
Friday,Central,11,94103.0,2,27170.0,20036.0,14778.0,13098.0,628000.0,43364.0
Friday,Central,11,94104.0,45,406.0,5232.0,368.0,207.0,1000001.0,48750.0
Friday,Central,11,94105.0,6,5846.0,15826.0,4601.0,3586.0,740900.0,163949.0
Friday,Central,11,94108.0,50,13768.0,50983.0,8843.0,7628.0,856900.0,35427.0
Friday,Central,11,94109.0,9,55984.0,47129.0,37182.0,33342.0,723200.0,60722.0
Friday,Central,11,94111.0,80,3713.0,10791.0,2811.0,2365.0,882000.0,89722.0
Friday,Central,11,94123.0,1,23088.0,22622.0,15083.0,13717.0,1000001.0,112650.0
Friday,Central,11,94124.0,1,33996.0,6901.0,10812.0,9717.0,470400.0,50146.0
Friday,Central,12,94104.0,39,406.0,5232.0,368.0,207.0,1000001.0,48750.0
Friday,Central,12,94105.0,7,5846.0,15826.0,4601.0,3586.0,740900.0,163949.0
Friday,Central,12,94108.0,57,13768.0,50983.0,8843.0,7628.0,856900.0,35427.0
Friday,Central,12,94109.0,19,55984.0,47129.0,37182.0,33342.0,723200.0,60722.0
Friday,Central,12,94111.0,91,3713.0,10791.0,2811.0,2365.0,882000.0,89722.0
Friday,Central,12,94114.0,1,31124.0,21837.0,17634.0,16281.0,1000001.0,114689.0
Friday,Central,12,94124.0,1,33996.0,6901.0,10812.0,9717.0,470400.0,50146.0
Friday,Central,12,94129.0,1,3183.0,1381.0,1132.0,1086.0,,143320.0
Friday,Central,12,94158.0,1,4792.0,7288.0,2482.0,2271.0,643900.0,82195.0
Friday,Central,13,94103.0,1,27170.0,20036.0,14778.0,13098.0,628000.0,43364.0
Friday,Central,13,94104.0,46,406.0,5232.0,368.0,207.0,1000001.0,48750.0
Friday,Central,13,94105.0,5,5846.0,15826.0,4601.0,3586.0,740900.0,163949.0
Friday,Central,13,94108.0,44,13768.0,50983.0,8843.0,7628.0,856900.0,35427.0
Friday,Central,13,94109.0,22,55984.0,47129.0,37182.0,33342.0,723200.0,60722.0
Friday,Central,13,94110.0,1,69333.0,29816.0,28913.0,27128.0,768200.0,82111.0
Friday,Central,13,94111.0,75,3713.0,10791.0,2811.0,2365.0,882000.0,89722.0
Friday,Central,13,94114.0,1,31124.0,21837.0,17634.0,16281.0,1000001.0,114689.0
Friday,Central,13,94123.0,7,23088.0,22622.0,15083.0,13717.0,1000001.0,112650.0
Friday,Central,13,94129.0,6,3183.0,1381.0,1132.0,1086.0,,143320.0
Friday,Central,14,94102.0,2,31176.0,46472.0,18758.0,16844.0,574100.0,22517.0
Friday,Central,14,94103.0,2,27170.0,20036.0,14778.0,13098.0,628000.0,43364.0
Friday,Central,14,94104.0,42,406.0,5232.0,368.0,207.0,1000001.0,48750.0
Friday,Central,14,94105.0,16,5846.0,15826.0,4601.0,3586.0,740900.0,163949.0
Friday,Central,14,94108.0,52,13768.0,50983.0,8843.0,7628.0,856900.0,35427.0
Friday,Central,14,94109.0,13,55984.0,47129.0,37182.0,33342.0,723200.0,60722.0
Friday,Central,14,94110.0,1,69333.0,29816.0,28913.0,27128.0,768200.0,82111.0
Friday,Central,14,94111.0,57,3713.0,10791.0,2811.0,2365.0,882000.0,89722.0
Friday,Central,14,94114.0,1,31124.0,21837.0,17634.0,16281.0,1000001.0,114689.0
Friday,Central,14,94123.0,1,23088.0,22622.0,15083.0,13717.0,1000001.0,112650.0
Friday,Central,14,94124.0,1,33996.0,6901.0,10812.0,9717.0,470400.0,50146.0
Friday,Central,14,94129.0,2,3183.0,1381.0,1132.0,1086.0,,143320.0
Friday,Central,14,94158.0,1,4792.0,7288.0,2482.0,2271.0,643900.0,82195.0
Friday,Central,15,94104.0,49,406.0,5232.0,368.0,207.0,1000001.0,48750.0
Friday,Central,15,94105.0,6,5846.0,15826.0,4601.0,3586.0,740900.0,163949.0
Friday,Central,15,94108.0,57,13768.0,50983.0,8843.0,7628.0,856900.0,35427.0
Friday,Central,15,94109.0,20,55984.0,47129.0,37182.0,33342.0,723200.0,60722.0
Friday,Central,15,94111.0,59,3713.0,10791.0,2811.0,2365.0,882000.0,89722.0
Friday,Central,15,94117.0,1,39169.0,23211.0,19255.0,17939.0,911500.0,94479.0
Friday,Central,15,94123.0,1,23088.0,22622.0,15083.0,13717.0,1000001.0,112650.0
Friday,Central,15,94129.0,1,3183.0,1381.0,1132.0,1086.0,,143320.0
Friday,Central,16,94103.0,1,27170.0,20036.0,14778.0,13098.0,628000.0,43364.0
Friday,Central,16,94104.0,40,406.0,5232.0,368.0,207.0,1000001.0,48750.0
Friday,Central,16,94105.0,8,5846.0,15826.0,4601.0,3586.0,740900.0,163949.0
Friday,Central,16,94108.0,71,13768.0,50983.0,8843.0,7628.0,856900.0,35427.0
Friday,Central,16,94109.0,5,55984.0,47129.0,37182.0,33342.0,723200.0,60722.0
Friday,Central,16,94111.0,57,3713.0,10791.0,2811.0,2365.0,882000.0,89722.0
Friday,Central,16,94123.0,1,23088.0,22622.0,15083.0,13717.0,1000001.0,112650.0
Friday,Central,16,94124.0,1,33996.0,6901.0,10812.0,9717.0,470400.0,50146.0
Friday,Central,16,94129.0,3,3183.0,1381.0,1132.0,1086.0,,143320.0
Friday,Central,17,94103.0,2,27170.0,20036.0,14778.0,13098.0,628000.0,43364.0
Friday,Central,17,94104.0,82,406.0,5232.0,368.0,207.0,1000001.0,48750.0
Friday,Central,17,94105.0,8,5846.0,15826.0,4601.0,3586.0,740900.0,163949.0
Friday,Central,17,94108.0,64,13768.0,50983.0,8843.0,7628.0,856900.0,35427.0
Friday,Central,17,94109.0,22,55984.0,47129.0,37182.0,33342.0,723200.0,60722.0
Friday,Central,17,94111.0,70,3713.0,10791.0,2811.0,2365.0,882000.0,89722.0
Friday,Central,18,94104.0,73,406.0,5232.0,368.0,207.0,1000001.0,48750.0
Friday,Central,18,94105.0,11,5846.0,15826.0,4601.0,3586.0,740900.0,163949.0
Friday,Central,18,94108.0,64,13768.0,50983.0,8843.0,7628.0,856900.0,35427.0
Friday,Central,18,94109.0,20,55984.0,47129.0,37182.0,33342.0,723200.0,60722.0
Friday,Central,18,94111.0,82,3713.0,10791.0,2811.0,2365.0,882000.0,89722.0
Friday,Central,18,94115.0,1,33021.0,29596.0,18884.0,17289.0,965800.0,76952.0
Friday,Central,18,94123.0,3,23088.0,22622.0,15083.0,13717.0,1000001.0,112650.0
Friday,Central,18,94129.0,1,3183.0,1381.0,1132.0,1086.0,,143320.0
Friday,Central,18,94158.0,1,4792.0,7288.0,2482.0,2271.0,643900.0,82195.0
Friday,Central,19,94104.0,56,406.0,5232.0,368.0,207.0,1000001.0,48750.0
Friday,Central,19,94105.0,7,5846.0,15826.0,4601.0,3586.0,740900.0,163949.0
Friday,Central,19,94108.0,66,13768.0,50983.0,8843.0,7628.0,856900.0,35427.0
Friday,Central,19,94109.0,21,55984.0,47129.0,37182.0,33342.0,723200.0,60722.0
Friday,Central,19,94111.0,65,3713.0,10791.0,2811.0,2365.0,882000.0,89722.0
Friday,Central,20,94104.0,59,406.0,5232.0,368.0,207.0,1000001.0,48750.0
Friday,Central,20,94105.0,4,5846.0,15826.0,4601.0,3586.0,740900.0,163949.0
Friday,Central,20,94108.0,50,13768.0,50983.0,8843.0,7628.0,856900.0,35427.0
Friday,Central,20,94109.0,19,55984.0,47129.0,37182.0,33342.0,723200.0,60722.0
Friday,Central,20,94111.0,69,3713.0,10791.0,2811.0,2365.0,882000.0,89722.0
Friday,Central,20,94123.0,2,23088.0,22622.0,15083.0,13717.0,1000001.0,112650.0
Friday,Central,21,94104.0,52,406.0,5232.0,368.0,207.0,1000001.0,48750.0
Friday,Central,21,94105.0,3,5846.0,15826.0,4601.0,3586.0,740900.0,163949.0
Friday,Central,21,94108.0,57,13768.0,50983.0,8843.0,7628.0,856900.0,35427.0
Friday,Central,21,94109.0,13,55984.0,47129.0,37182.0,33342.0,723200.0,60722.0
Friday,Central,21,94111.0,65,3713.0,10791.0,2811.0,2365.0,882000.0,89722.0
Friday,Central,21,94123.0,1,23088.0,22622.0,15083.0,13717.0,1000001.0,112650.0
Friday,Central,21,94129.0,2,3183.0,1381.0,1132.0,1086.0,,143320.0
Friday,Central,22,94104.0,35,406.0,5232.0,368.0,207.0,1000001.0,48750.0
Friday,Central,22,94105.0,10,5846.0,15826.0,4601.0,3586.0,740900.0,163949.0
Friday,Central,22,94108.0,40,13768.0,50983.0,8843.0,7628.0,856900.0,35427.0
Friday,Central,22,94109.0,23,55984.0,47129.0,37182.0,33342.0,723200.0,60722.0
Friday,Central,22,94111.0,46,3713.0,10791.0,2811.0,2365.0,882000.0,89722.0
Friday,Central,22,94129.0,1,3183.0,1381.0,1132.0,1086.0,,143320.0
Friday,Central,23,94104.0,30,406.0,5232.0,368.0,207.0,1000001.0,48750.0
Friday,Central,23,94105.0,2,5846.0,15826.0,4601.0,3586.0,740900.0,163949.0
Friday,Central,23,94108.0,64,13768.0,50983.0,8843.0,7628.0,856900.0,35427.0
Friday,Central,23,94109.0,19,55984.0,47129.0,37182.0,33342.0,723200.0,60722.0
Friday,Central,23,94111.0,23,3713.0,10791.0,2811.0,2365.0,882000.0,89722.0
Friday,Central,23,94129.0,2,3183.0,1381.0,1132.0,1086.0,,143320.0
Friday,Ingleside,0,94110.0,19,69333.0,29816.0,28913.0,27128.0,768200.0,82111.0
Friday,Ingleside,0,94112.0,29,79407.0,23606.0,23081.0,21975.0,602400.0,71625.0
Friday,Ingleside,0,94127.0,3,19289.0,10895.0,7801.0,7511.0,916900.0,131351.0
Friday,Ingleside,0,94131.0,5,26881.0,12926.0,13427.0,12618.0,859700.0,96889.0
Friday,Ingleside,0,94132.0,1,28129.0,9045.0,10769.0,9993.0,733100.0,69223.0
Friday,Ingleside,0,94134.0,16,40798.0,17001.0,11867.0,11244.0,547800.0,56716.0
Friday,Ingleside,1,94110.0,12,69333.0,29816.0,28913.0,27128.0,768200.0,82111.0
Friday,Ingleside,1,94112.0,10,79407.0,23606.0,23081.0,21975.0,602400.0,71625.0
Friday,Ingleside,1,94131.0,3,26881.0,12926.0,13427.0,12618.0,859700.0,96889.0
Friday,Ingleside,1,94134.0,3,40798.0,17001.0,11867.0,11244.0,547800.0,56716.0
Friday,Ingleside,2,94110.0,4,69333.0,29816.0,28913.0,27128.0,768200.0,82111.0
Friday,Ingleside,2,94112.0,20,79407.0,23606.0,23081.0,21975.0,602400.0,71625.0
Friday,Ingleside,2,94127.0,1,19289.0,10895.0,7801.0,7511.0,916900.0,131351.0
Friday,Ingleside,2,94131.0,2,26881.0,12926.0,13427.0,12618.0,859700.0,96889.0
Friday,Ingleside,2,94134.0,8,40798.0,17001.0,11867.0,11244.0,547800.0,56716.0
Friday,Ingleside,3,94110.0,4,69333.0,29816.0,28913.0,27128.0,768200.0,82111.0
Friday,Ingleside,3,94112.0,10,79407.0,23606.0,23081.0,21975.0,602400.0,71625.0
Friday,Ingleside,3,94127.0,2,19289.0,10895.0,7801.0,7511.0,916900.0,131351.0
Friday,Ingleside,3,94131.0,1,26881.0,12926.0,13427.0,12618.0,859700.0,96889.0
Friday,Ingleside,3,94134.0,6,40798.0,17001.0,11867.0,11244.0,547800.0,56716.0
Friday,Ingleside,4,94110.0,5,69333.0,29816.0,28913.0,27128.0,768200.0,82111.0
Friday,Ingleside,4,94112.0,5,79407.0,23606.0,23081.0,21975.0,602400.0,71625.0
Friday,Ingleside,4,94127.0,1,19289.0,10895.0,7801.0,7511.0,916900.0,131351.0
Friday,Ingleside,4,94131.0,1,26881.0,12926.0,13427.0,12618.0,859700.0,96889.0
Friday,Ingleside,5,94110.0,4,69333.0,29816.0,28913.0,27128.0,768200.0,82111.0
Friday,Ingleside,5,94112.0,9,79407.0,23606.0,23081.0,21975.0,602400.0,71625.0
Friday,Ingleside,5,94131.0,3,26881.0,12926.0,13427.0,12618.0,859700.0,96889.0
Friday,Ingleside,5,94134.0,2,40798.0,17001.0,11867.0,11244.0,547800.0,56716.0
Friday,Ingleside,6,94110.0,2,69333.0,29816.0,28913.0,27128.0,768200.0,82111.0
Friday,Ingleside,6,94112.0,9,79407.0,23606.0,23081.0,21975.0,602400.0,71625.0
Friday,Ingleside,6,94127.0,1,19289.0,10895.0,7801.0,7511.0,916900.0,131351.0
Friday,Ingleside,6,94131.0,1,26881.0,12926.0,13427.0,12618.0,859700.0,96889.0
Friday,Ingleside,6,94134.0,9,40798.0,17001.0,11867.0,11244.0,547800.0,56716.0
Friday,Ingleside,7,94103.0,1,27170.0,20036.0,14778.0,13098.0,628000.0,43364.0
Friday,Ingleside,7,94110.0,6,69333.0,29816.0,28913.0,27128.0,768200.0,82111.0
Friday,Ingleside,7,94112.0,32,79407.0,23606.0,23081.0,21975.0,602400.0,71625.0
Friday,Ingleside,7,94127.0,1,19289.0,10895.0,7801.0,7511.0,916900.0,131351.0
Friday,Ingleside,7,94131.0,3,26881.0,12926.0,13427.0,12618.0,859700.0,96889.0
Friday,Ingleside,7,94134.0,12,40798.0,17001.0,11867.0,11244.0,547800.0,56716.0
Friday,Ingleside,8,94110.0,9,69333.0,29816.0,28913.0,27128.0,768200.0,82111.0
Friday,Ingleside,8,94112.0,26,79407.0,23606.0,23081.0,21975.0,602400.0,71625.0
Friday,Ingleside,8,94116.0,2,43698.0,16901.0,16283.0,15445.0,734400.0,83407.0
Friday,Ingleside,8,94124.0,1,33996.0,6901.0,10812.0,9717.0,470400.0,50146.0
Friday,Ingleside,8,94127.0,5,19289.0,10895.0,7801.0,7511.0,916900.0,131351.0
Friday,Ingleside,8,94134.0,14,40798.0,17001.0,11867.0,11244.0,547800.0,56716.0
Friday,Ingleside,9,94110.0,27,69333.0,29816.0,28913.0,27128.0,768200.0,82111.0
Friday,Ingleside,9,94112.0,24,79407.0,23606.0,23081.0,21975.0,602400.0,71625.0
Friday,Ingleside,9,94127.0,10,19289.0,10895.0,7801.0,7511.0,916900.0,131351.0
Friday,Ingleside,9,94131.0,5,26881.0,12926.0,13427.0,12618.0,859700.0,96889.0
Friday,Ingleside,9,94134.0,16,40798.0,17001.0,11867.0,11244.0,547800.0,56716.0
Friday,Ingleside,9,94158.0,1,4792.0,7288.0,2482.0,2271.0,643900.0,82195.0
Friday,Ingleside,10,94110.0,18,69333.0,29816.0,28913.0,27128.0,768200.0,82111.0
Friday,Ingleside,10,94112.0,31,79407.0,23606.0,23081.0,21975.0,602400.0,71625.0
Friday,Ingleside,10,94127.0,3,19289.0,10895.0,7801.0,7511.0,916900.0,131351.0
Friday,Ingleside,10,94131.0,8,26881.0,12926.0,13427.0,12618.0,859700.0,96889.0
Friday,Ingleside,10,94134.0,29,40798.0,17001.0,11867.0,11244.0,547800.0,56716.0
Friday,Ingleside,11,94110.0,19,69333.0,29816.0,28913.0,27128.0,768200.0,82111.0
Friday,Ingleside,11,94112.0,42,79407.0,23606.0,23081.0,21975.0,602400.0,71625.0
Friday,Ingleside,11,94127.0,2,19289.0,10895.0,7801.0,7511.0,916900.0,131351.0
Friday,Ingleside,11,94131.0,9,26881.0,12926.0,13427.0,12618.0,859700.0,96889.0
Friday,Ingleside,11,94134.0,16,40798.0,17001.0,11867.0,11244.0,547800.0,56716.0
Friday,Ingleside,12,94103.0,1,27170.0,20036.0,14778.0,13098.0,628000.0,43364.0
Friday,Ingleside,12,94110.0,21,69333.0,29816.0,28913.0,27128.0,768200.0,82111.0
Friday,Ingleside,12,94112.0,40,79407.0,23606.0,23081.0,21975.0,602400.0,71625.0
Friday,Ingleside,12,94127.0,11,19289.0,10895.0,7801.0,7511.0,916900.0,131351.0
Friday,Ingleside,12,94131.0,2,26881.0,12926.0,13427.0,12618.0,859700.0,96889.0
Friday,Ingleside,12,94134.0,30,40798.0,17001.0,11867.0,11244.0,547800.0,56716.0
Friday,Ingleside,13,94103.0,2,27170.0,20036.0,14778.0,13098.0,628000.0,43364.0
Friday,Ingleside,13,94110.0,18,69333.0,29816.0,28913.0,27128.0,768200.0,82111.0
Friday,Ingleside,13,94112.0,27,79407.0,23606.0,23081.0,21975.0,602400.0,71625.0
Friday,Ingleside,13,94116.0,1,43698.0,16901.0,16283.0,15445.0,734400.0,83407.0
Friday,Ingleside,13,94127.0,6,19289.0,10895.0,7801.0,7511.0,916900.0,131351.0
Friday,Ingleside,13,94131.0,6,26881.0,12926.0,13427.0,12618.0,859700.0,96889.0
Friday,Ingleside,13,94134.0,33,40798.0,17001.0,11867.0,11244.0,547800.0,56716.0
Friday,Ingleside,14,94103.0,1,27170.0,20036.0,14778.0,13098.0,628000.0,43364.0
Friday,Ingleside,14,94110.0,31,69333.0,29816.0,28913.0,27128.0,768200.0,82111.0
Friday,Ingleside,14,94112.0,26,79407.0,23606.0,23081.0,21975.0,602400.0,71625.0
Friday,Ingleside,14,94124.0,1,33996.0,6901.0,10812.0,9717.0,470400.0,50146.0
Friday,Ingleside,14,94127.0,3,19289.0,10895.0,7801.0,7511.0,916900.0,131351.0
Friday,Ingleside,14,94131.0,7,26881.0,12926.0,13427.0,12618.0,859700.0,96889.0
Friday,Ingleside,14,94132.0,1,28129.0,9045.0,10769.0,9993.0,733100.0,69223.0
Friday,Ingleside,14,94134.0,21,40798.0,17001.0,11867.0,11244.0,547800.0,56716.0
Friday,Ingleside,15,94103.0,1,27170.0,20036.0,14778.0,13098.0,628000.0,43364.0
Friday,Ingleside,15,94110.0,9,69333.0,29816.0,28913.0,27128.0,768200.0,82111.0
Friday,Ingleside,15,94112.0,33,79407.0,23606.0,23081.0,21975.0,602400.0,71625.0
Friday,Ingleside,15,94127.0,7,19289.0,10895.0,7801.0,7511.0,916900.0,131351.0
Friday,Ingleside,15,94131.0,5,26881.0,12926.0,13427.0,12618.0,859700.0,96889.0
Friday,Ingleside,15,94134.0,25,40798.0,17001.0,11867.0,11244.0,547800.0,56716.0
Friday,Ingleside,16,94110.0,14,69333.0,29816.0,28913.0,27128.0,768200.0,82111.0
Friday,Ingleside,16,94112.0,39,79407.0,23606.0,23081.0,21975.0,602400.0,71625.0
Friday,Ingleside,16,94127.0,10,19289.0,10895.0,7801.0,7511.0,916900.0,131351.0
Friday,Ingleside,16,94131.0,4,26881.0,12926.0,13427.0,12618.0,859700.0,96889.0
Friday,Ingleside,16,94134.0,19,40798.0,17001.0,11867.0,11244.0,547800.0,56716.0
Friday,Ingleside,17,94103.0,1,27170.0,20036.0,14778.0,13098.0,628000.0,43364.0
Friday,Ingleside,17,94110.0,22,69333.0,29816.0,28913.0,27128.0,768200.0,82111.0
Friday,Ingleside,17,94112.0,36,79407.0,23606.0,23081.0,21975.0,602400.0,71625.0
Friday,Ingleside,17,94124.0,1,33996.0,6901.0,10812.0,9717.0,470400.0,50146.0
Friday,Ingleside,17,94127.0,9,19289.0,10895.0,7801.0,7511.0,916900.0,131351.0
Friday,Ingleside,17,94131.0,2,26881.0,12926.0,13427.0,12618.0,859700.0,96889.0
Friday,Ingleside,17,94134.0,20,40798.0,17001.0,11867.0,11244.0,547800.0,56716.0
Friday,Ingleside,18,94110.0,19,69333.0,29816.0,28913.0,27128.0,768200.0,82111.0
Friday,Ingleside,18,94112.0,45,79407.0,23606.0,23081.0,21975.0,602400.0,71625.0
Friday,Ingleside,18,94127.0,5,19289.0,10895.0,7801.0,7511.0,916900.0,131351.0
Friday,Ingleside,18,94131.0,4,26881.0,12926.0,13427.0,12618.0,859700.0,96889.0
Friday,Ingleside,18,94132.0,3,28129.0,9045.0,10769.0,9993.0,733100.0,69223.0
Friday,Ingleside,18,94134.0,19,40798.0,17001.0,11867.0,11244.0,547800.0,56716.0
Friday,Ingleside,19,94110.0,16,69333.0,29816.0,28913.0,27128.0,768200.0,82111.0
Friday,Ingleside,19,94112.0,42,79407.0,23606.0,23081.0,21975.0,602400.0,71625.0
Friday,Ingleside,19,94117.0,1,39169.0,23211.0,19255.0,17939.0,911500.0,94479.0
Friday,Ingleside,19,94127.0,5,19289.0,10895.0,7801.0,7511.0,916900.0,131351.0
Friday,Ingleside,19,94131.0,6,26881.0,12926.0,13427.0,12618.0,859700.0,96889.0
Friday,Ingleside,19,94134.0,27,40798.0,17001.0,11867.0,11244.0,547800.0,56716.0
Friday,Ingleside,20,94110.0,15,69333.0,29816.0,28913.0,27128.0,768200.0,82111.0
Friday,Ingleside,20,94112.0,39,79407.0,23606.0,23081.0,21975.0,602400.0,71625.0
Friday,Ingleside,20,94127.0,8,19289.0,10895.0,7801.0,7511.0,916900.0,131351.0
Friday,Ingleside,20,94131.0,4,26881.0,12926.0,13427.0,12618.0,859700.0,96889.0
Friday,Ingleside,20,94134.0,11,40798.0,17001.0,11867.0,11244.0,547800.0,56716.0
Friday,Ingleside,21,94110.0,15,69333.0,29816.0,28913.0,27128.0,768200.0,82111.0
Friday,Ingleside,21,94112.0,26,79407.0,23606.0,23081.0,21975.0,602400.0,71625.0
Friday,Ingleside,21,94127.0,3,19289.0,10895.0,7801.0,7511.0,916900.0,131351.0
Friday,Ingleside,21,94131.0,7,26881.0,12926.0,13427.0,12618.0,859700.0,96889.0
Friday,Ingleside,21,94134.0,10,40798.0,17001.0,11867.0,11244.0,547800.0,56716.0
Friday,Ingleside,22,94110.0,21,69333.0,29816.0,28913.0,27128.0,768200.0,82111.0
Friday,Ingleside,22,94112.0,44,79407.0,23606.0,23081.0,21975.0,602400.0,71625.0
Friday,Ingleside,22,94118.0,1,38319.0,19663.0,18633.0,17171.0,1000001.0,82857.0
Friday,Ingleside,22,94127.0,3,19289.0,10895.0,7801.0,7511.0,916900.0,131351.0
Friday,Ingleside,22,94131.0,3,26881.0,12926.0,13427.0,12618.0,859700.0,96889.0
Friday,Ingleside,22,94134.0,7,40798.0,17001.0,11867.0,11244.0,547800.0,56716.0
Friday,Ingleside,23,94110.0,21,69333.0,29816.0,28913.0,27128.0,768200.0,82111.0
Friday,Ingleside,23,94112.0,26,79407.0,23606.0,23081.0,21975.0,602400.0,71625.0
Friday,Ingleside,23,94127.0,3,19289.0,10895.0,7801.0,7511.0,916900.0,131351.0
Friday,Ingleside,23,94131.0,6,26881.0,12926.0,13427.0,12618.0,859700.0,96889.0
Friday,Ingleside,23,94134.0,4,40798.0,17001.0,11867.0,11244.0,547800.0,56716.0
Friday,Mission,0,94102.0,23,31176.0,46472.0,18758.0,16844.0,574100.0,22517.0
Friday,Mission,0,94103.0,3,27170.0,20036.0,14778.0,13098.0,628000.0,43364.0
Friday,Mission,0,94110.0,103,69333.0,29816.0,28913.0,27128.0,768200.0,82111.0
Friday,Mission,0,94114.0,32,31124.0,21837.0,17634.0,16281.0,1000001.0,114689.0
Friday,Mission,0,94117.0,5,39169.0,23211.0,19255.0,17939.0,911500.0,94479.0
Friday,Mission,0,94131.0,4,26881.0,12926.0,13427.0,12618.0,859700.0,96889.0
Friday,Mission,0,94158.0,5,4792.0,7288.0,2482.0,2271.0,643900.0,82195.0
Friday,Mission,1,94102.0,8,31176.0,46472.0,18758.0,16844.0,574100.0,22517.0
Friday,Mission,1,94103.0,1,27170.0,20036.0,14778.0,13098.0,628000.0,43364.0
Friday,Mission,1,94110.0,58,69333.0,29816.0,28913.0,27128.0,768200.0,82111.0
Friday,Mission,1,94111.0,1,3713.0,10791.0,2811.0,2365.0,882000.0,89722.0
Friday,Mission,1,94114.0,14,31124.0,21837.0,17634.0,16281.0,1000001.0,114689.0
Friday,Mission,1,94117.0,8,39169.0,23211.0,19255.0,17939.0,911500.0,94479.0
Friday,Mission,1,94131.0,4,26881.0,12926.0,13427.0,12618.0,859700.0,96889.0
Friday,Mission,2,94102.0,12,31176.0,46472.0,18758.0,16844.0,574100.0,22517.0
Friday,Mission,2,94110.0,57,69333.0,29816.0,28913.0,27128.0,768200.0,82111.0
Friday,Mission,2,94114.0,15,31124.0,21837.0,17634.0,16281.0,1000001.0,114689.0
Friday,Mission,2,94117.0,2,39169.0,23211.0,19255.0,17939.0,911500.0,94479.0
Friday,Mission,2,94131.0,1,26881.0,12926.0,13427.0,12618.0,859700.0,96889.0
Friday,Mission,2,94158.0,1,4792.0,7288.0,2482.0,2271.0,643900.0,82195.0
Friday,Mission,3,94102.0,5,31176.0,46472.0,18758.0,16844.0,574100.0,22517.0
Friday,Mission,3,94110.0,43,69333.0,29816.0,28913.0,27128.0,768200.0,82111.0
Friday,Mission,3,94114.0,9,31124.0,21837.0,17634.0,16281.0,1000001.0,114689.0
Friday,Mission,3,94158.0,2,4792.0,7288.0,2482.0,2271.0,643900.0,82195.0
Friday,Mission,4,94102.0,19,31176.0,46472.0,18758.0,16844.0,574100.0,22517.0
Friday,Mission,4,94103.0,1,27170.0,20036.0,14778.0,13098.0,628000.0,43364.0
Friday,Mission,4,94110.0,27,69333.0,29816.0,28913.0,27128.0,768200.0,82111.0
Friday,Mission,4,94114.0,9,31124.0,21837.0,17634.0,16281.0,1000001.0,114689.0
Friday,Mission,4,94117.0,3,39169.0,23211.0,19255.0,17939.0,911500.0,94479.0
Friday,Mission,4,94122.0,1,56023.0,23699.0,23633.0,22162.0,774500.0,81768.0
Friday,Mission,4,94131.0,2,26881.0,12926.0,13427.0,12618.0,859700.0,96889.0
Friday,Mission,5,94102.0,4,31176.0,46472.0,18758.0,16844.0,574100.0,22517.0
Friday,Mission,5,94103.0,1,27170.0,20036.0,14778.0,13098.0,628000.0,43364.0
Friday,Mission,5,94110.0,29,69333.0,29816.0,28913.0,27128.0,768200.0,82111.0
Friday,Mission,5,94114.0,8,31124.0,21837.0,17634.0,16281.0,1000001.0,114689.0
Friday,Mission,5,94117.0,4,39169.0,23211.0,19255.0,17939.0,911500.0,94479.0
Friday,Mission,5,94131.0,2,26881.0,12926.0,13427.0,12618.0,859700.0,96889.0
Friday,Mission,5,94158.0,3,4792.0,7288.0,2482.0,2271.0,643900.0,82195.0
Friday,Mission,6,94102.0,13,31176.0,46472.0,18758.0,16844.0,574100.0,22517.0
Friday,Mission,6,94103.0,5,27170.0,20036.0,14778.0,13098.0,628000.0,43364.0
Friday,Mission,6,94110.0,25,69333.0,29816.0,28913.0,27128.0,768200.0,82111.0
Friday,Mission,6,94114.0,6,31124.0,21837.0,17634.0,16281.0,1000001.0,114689.0
Friday,Mission,6,94117.0,2,39169.0,23211.0,19255.0,17939.0,911500.0,94479.0
Friday,Mission,7,94102.0,10,31176.0,46472.0,18758.0,16844.0,574100.0,22517.0
Friday,Mission,7,94103.0,6,27170.0,20036.0,14778.0,13098.0,628000.0,43364.0
Friday,Mission,7,94110.0,32,69333.0,29816.0,28913.0,27128.0,768200.0,82111.0
Friday,Mission,7,94114.0,17,31124.0,21837.0,17634.0,16281.0,1000001.0,114689.0
Friday,Mission,7,94117.0,1,39169.0,23211.0,19255.0,17939.0,911500.0,94479.0
Friday,Mission,7,94131.0,1,26881.0,12926.0,13427.0,12618.0,859700.0,96889.0
Friday,Mission,7,94158.0,3,4792.0,7288.0,2482.0,2271.0,643900.0,82195.0
Friday,Mission,8,94102.0,25,31176.0,46472.0,18758.0,16844.0,574100.0,22517.0
Friday,Mission,8,94103.0,5,27170.0,20036.0,14778.0,13098.0,628000.0,43364.0
Friday,Mission,8,94110.0,46,69333.0,29816.0,28913.0,27128.0,768200.0,82111.0
Friday,Mission,8,94114.0,25,31124.0,21837.0,17634.0,16281.0,1000001.0,114689.0
Friday,Mission,8,94117.0,15,39169.0,23211.0,19255.0,17939.0,911500.0,94479.0
Friday,Mission,8,94131.0,3,26881.0,12926.0,13427.0,12618.0,859700.0,96889.0
Friday,Mission,9,94102.0,13,31176.0,46472.0,18758.0,16844.0,574100.0,22517.0
Friday,Mission,9,94103.0,6,27170.0,20036.0,14778.0,13098.0,628000.0,43364.0
Friday,Mission,9,94110.0,53,69333.0,29816.0,28913.0,27128.0,768200.0,82111.0
Friday,Mission,9,94114.0,15,31124.0,21837.0,17634.0,16281.0,1000001.0,114689.0
Friday,Mission,9,94117.0,4,39169.0,23211.0,19255.0,17939.0,911500.0,94479.0
Friday,Mission,9,94131.0,2,26881.0,12926.0,13427.0,12618.0,859700.0,96889.0
Friday,Mission,9,94158.0,3,4792.0,7288.0,2482.0,2271.0,643900.0,82195.0
Friday,Mission,10,94102.0,11,31176.0,46472.0,18758.0,16844.0,574100.0,22517.0
Friday,Mission,10,94103.0,4,27170.0,20036.0,14778.0,13098.0,628000.0,43364.0
Friday,Mission,10,94110.0,64,69333.0,29816.0,28913.0,27128.0,768200.0,82111.0
Friday,Mission,10,94114.0,21,31124.0,21837.0,17634.0,16281.0,1000001.0,114689.0
Friday,Mission,10,94117.0,6,39169.0,23211.0,19255.0,17939.0,911500.0,94479.0
Friday,Mission,10,94131.0,1,26881.0,12926.0,13427.0,12618.0,859700.0,96889.0
Friday,Mission,10,94158.0,3,4792.0,7288.0,2482.0,2271.0,643900.0,82195.0
Friday,Mission,11,94102.0,24,31176.0,46472.0,18758.0,16844.0,574100.0,22517.0
Friday,Mission,11,94103.0,3,27170.0,20036.0,14778.0,13098.0,628000.0,43364.0
Friday,Mission,11,94104.0,1,406.0,5232.0,368.0,207.0,1000001.0,48750.0
Friday,Mission,11,94110.0,73,69333.0,29816.0,28913.0,27128.0,768200.0,82111.0
Friday,Mission,11,94114.0,9,31124.0,21837.0,17634.0,16281.0,1000001.0,114689.0
Friday,Mission,11,94117.0,7,39169.0,23211.0,19255.0,17939.0,911500.0,94479.0
Friday,Mission,11,94131.0,3,26881.0,12926.0,13427.0,12618.0,859700.0,96889.0
Friday,Mission,11,94158.0,3,4792.0,7288.0,2482.0,2271.0,643900.0,82195.0
Friday,Mission,12,94102.0,22,31176.0,46472.0,18758.0,16844.0,574100.0,22517.0
Friday,Mission,12,94103.0,6,27170.0,20036.0,14778.0,13098.0,628000.0,43364.0
Friday,Mission,12,94110.0,96,69333.0,29816.0,28913.0,27128.0,768200.0,82111.0
Friday,Mission,12,94114.0,21,31124.0,21837.0,17634.0,16281.0,1000001.0,114689.0
Friday,Mission,12,94117.0,4,39169.0,23211.0,19255.0,17939.0,911500.0,94479.0
Friday,Mission,12,94158.0,2,4792.0,7288.0,2482.0,2271.0,643900.0,82195.0
Friday,Mission,13,94102.0,17,31176.0,46472.0,18758.0,16844.0,574100.0,22517.0
Friday,Mission,13,94103.0,12,27170.0,20036.0,14778.0,13098.0,628000.0,43364.0
Friday,Mission,13,94110.0,86,69333.0,29816.0,28913.0,27128.0,768200.0,82111.0
Friday,Mission,13,94114.0,26,31124.0,21837.0,17634.0,16281.0,1000001.0,114689.0
Friday,Mission,13,94117.0,10,39169.0,23211.0,19255.0,17939.0,911500.0,94479.0
Friday,Mission,13,94131.0,4,26881.0,12926.0,13427.0,12618.0,859700.0,96889.0
Friday,Mission,14,94102.0,20,31176.0,46472.0,18758.0,16844.0,574100.0,22517.0
Friday,Mission,14,94103.0,14,27170.0,20036.0,14778.0,13098.0,628000.0,43364.0
Friday,Mission,14,94110.0,72,69333.0,29816.0,28913.0,27128.0,768200.0,82111.0
Friday,Mission,14,94114.0,24,31124.0,21837.0,17634.0,16281.0,1000001.0,114689.0
Friday,Mission,14,94117.0,5,39169.0,23211.0,19255.0,17939.0,911500.0,94479.0
Friday,Mission,14,94131.0,5,26881.0,12926.0,13427.0,12618.0,859700.0,96889.0
Friday,Mission,14,94158.0,7,4792.0,7288.0,2482.0,2271.0,643900.0,82195.0
Friday,Mission,15,94102.0,34,31176.0,46472.0,18758.0,16844.0,574100.0,22517.0
Friday,Mission,15,94103.0,7,27170.0,20036.0,14778.0,13098.0,628000.0,43364.0
Friday,Mission,15,94109.0,1,55984.0,47129.0,37182.0,33342.0,723200.0,60722.0
Friday,Mission,15,94110.0,65,69333.0,29816.0,28913.0,27128.0,768200.0,82111.0
Friday,Mission,15,94112.0,1,79407.0,23606.0,23081.0,21975.0,602400.0,71625.0
Friday,Mission,15,94114.0,33,31124.0,21837.0,17634.0,16281.0,1000001.0,114689.0
Friday,Mission,15,94117.0,9,39169.0,23211.0,19255.0,17939.0,911500.0,94479.0
Friday,Mission,15,94131.0,6,26881.0,12926.0,13427.0,12618.0,859700.0,96889.0
Friday,Mission,15,94158.0,1,4792.0,7288.0,2482.0,2271.0,643900.0,82195.0
Friday,Mission,16,94102.0,17,31176.0,46472.0,18758.0,16844.0,574100.0,22517.0
Friday,Mission,16,94103.0,4,27170.0,20036.0,14778.0,13098.0,628000.0,43364.0
Friday,Mission,16,94110.0,78,69333.0,29816.0,28913.0,27128.0,768200.0,82111.0
Friday,Mission,16,94114.0,31,31124.0,21837.0,17634.0,16281.0,1000001.0,114689.0
Friday,Mission,16,94117.0,5,39169.0,23211.0,19255.0,17939.0,911500.0,94479.0
Friday,Mission,16,94131.0,2,26881.0,12926.0,13427.0,12618.0,859700.0,96889.0
Friday,Mission,16,94158.0,1,4792.0,7288.0,2482.0,2271.0,643900.0,82195.0
Friday,Mission,17,94102.0,27,31176.0,46472.0,18758.0,16844.0,574100.0,22517.0
Friday,Mission,17,94103.0,3,27170.0,20036.0,14778.0,13098.0,628000.0,43364.0
Friday,Mission,17,94110.0,87,69333.0,29816.0,28913.0,27128.0,768200.0,82111.0
Friday,Mission,17,94114.0,21,31124.0,21837.0,17634.0,16281.0,1000001.0,114689.0
Friday,Mission,17,94117.0,7,39169.0,23211.0,19255.0,17939.0,911500.0,94479.0
Friday,Mission,17,94131.0,5,26881.0,12926.0,13427.0,12618.0,859700.0,96889.0
Friday,Mission,17,94158.0,1,4792.0,7288.0,2482.0,2271.0,643900.0,82195.0
Friday,Mission,18,94102.0,32,31176.0,46472.0,18758.0,16844.0,574100.0,22517.0
Friday,Mission,18,94103.0,12,27170.0,20036.0,14778.0,13098.0,628000.0,43364.0
Friday,Mission,18,94110.0,85,69333.0,29816.0,28913.0,27128.0,768200.0,82111.0
Friday,Mission,18,94114.0,28,31124.0,21837.0,17634.0,16281.0,1000001.0,114689.0
Friday,Mission,18,94117.0,7,39169.0,23211.0,19255.0,17939.0,911500.0,94479.0
Friday,Mission,18,94131.0,5,26881.0,12926.0,13427.0,12618.0,859700.0,96889.0
Friday,Mission,18,94158.0,9,4792.0,7288.0,2482.0,2271.0,643900.0,82195.0
Friday,Mission,19,94102.0,27,31176.0,46472.0,18758.0,16844.0,574100.0,22517.0
Friday,Mission,19,94103.0,11,27170.0,20036.0,14778.0,13098.0,628000.0,43364.0
Friday,Mission,19,94105.0,1,5846.0,15826.0,4601.0,3586.0,740900.0,163949.0
Friday,Mission,19,94110.0,100,69333.0,29816.0,28913.0,27128.0,768200.0,82111.0
Friday,Mission,19,94114.0,29,31124.0,21837.0,17634.0,16281.0,1000001.0,114689.0
Friday,Mission,19,94117.0,10,39169.0,23211.0,19255.0,17939.0,911500.0,94479.0
Friday,Mission,19,94131.0,5,26881.0,12926.0,13427.0,12618.0,859700.0,96889.0
Friday,Mission,19,94158.0,1,4792.0,7288.0,2482.0,2271.0,643900.0,82195.0
Friday,Mission,20,94102.0,19,31176.0,46472.0,18758.0,16844.0,574100.0,22517.0
Friday,Mission,20,94103.0,4,27170.0,20036.0,14778.0,13098.0,628000.0,43364.0
Friday,Mission,20,94110.0,97,69333.0,29816.0,28913.0,27128.0,768200.0,82111.0
Friday,Mission,20,94114.0,29,31124.0,21837.0,17634.0,16281.0,1000001.0,114689.0
Friday,Mission,20,94117.0,7,39169.0,23211.0,19255.0,17939.0,911500.0,94479.0
Friday,Mission,20,94131.0,4,26881.0,12926.0,13427.0,12618.0,859700.0,96889.0
Friday,Mission,20,94158.0,2,4792.0,7288.0,2482.0,2271.0,643900.0,82195.0
Friday,Mission,21,94102.0,28,31176.0,46472.0,18758.0,16844.0,574100.0,22517.0
Friday,Mission,21,94103.0,8,27170.0,20036.0,14778.0,13098.0,628000.0,43364.0
Friday,Mission,21,94110.0,79,69333.0,29816.0,28913.0,27128.0,768200.0,82111.0
Friday,Mission,21,94114.0,33,31124.0,21837.0,17634.0,16281.0,1000001.0,114689.0
Friday,Mission,21,94117.0,12,39169.0,23211.0,19255.0,17939.0,911500.0,94479.0
Friday,Mission,21,94131.0,4,26881.0,12926.0,13427.0,12618.0,859700.0,96889.0
Friday,Mission,21,94134.0,1,40798.0,17001.0,11867.0,11244.0,547800.0,56716.0
Friday,Mission,21,94158.0,9,4792.0,7288.0,2482.0,2271.0,643900.0,82195.0
Friday,Mission,22,94102.0,22,31176.0,46472.0,18758.0,16844.0,574100.0,22517.0
Friday,Mission,22,94103.0,1,27170.0,20036.0,14778.0,13098.0,628000.0,43364.0
Friday,Mission,22,94105.0,2,5846.0,15826.0,4601.0,3586.0,740900.0,163949.0
Friday,Mission,22,94110.0,99,69333.0,29816.0,28913.0,27128.0,768200.0,82111.0
Friday,Mission,22,94114.0,32,31124.0,21837.0,17634.0,16281.0,1000001.0,114689.0
Friday,Mission,22,94117.0,4,39169.0,23211.0,19255.0,17939.0,911500.0,94479.0
Friday,Mission,22,94131.0,3,26881.0,12926.0,13427.0,12618.0,859700.0,96889.0
Friday,Mission,23,94102.0,15,31176.0,46472.0,18758.0,16844.0,574100.0,22517.0
Friday,Mission,23,94103.0,9,27170.0,20036.0,14778.0,13098.0,628000.0,43364.0
Friday,Mission,23,94110.0,104,69333.0,29816.0,28913.0,27128.0,768200.0,82111.0
Friday,Mission,23,94114.0,24,31124.0,21837.0,17634.0,16281.0,1000001.0,114689.0
Friday,Mission,23,94117.0,2,39169.0,23211.0,19255.0,17939.0,911500.0,94479.0
Friday,Mission,23,94131.0,2,26881.0,12926.0,13427.0,12618.0,859700.0,96889.0
Friday,Mission,23,94158.0,8,4792.0,7288.0,2482.0,2271.0,643900.0,82195.0
Friday,Northern,0,94102.0,53,31176.0,46472.0,18758.0,16844.0,574100.0,22517.0
Friday,Northern,0,94108.0,1,13768.0,50983.0,8843.0,7628.0,856900.0,35427.0
Friday,Northern,0,94109.0,37,55984.0,47129.0,37182.0,33342.0,723200.0,60722.0
Friday,Northern,0,94115.0,20,33021.0,29596.0,18884.0,17289.0,965800.0,76952.0
Friday,Northern,0,94117.0,8,39169.0,23211.0,19255.0,17939.0,911500.0,94479.0
Friday,Northern,0,94123.0,26,23088.0,22622.0,15083.0,13717.0,1000001.0,112650.0
Friday,Northern,0,94129.0,1,3183.0,1381.0,1132.0,1086.0,,143320.0
Friday,Northern,1,94102.0,16,31176.0,46472.0,18758.0,16844.0,574100.0,22517.0
Friday,Northern,1,94109.0,26,55984.0,47129.0,37182.0,33342.0,723200.0,60722.0
Friday,Northern,1,94114.0,1,31124.0,21837.0,17634.0,16281.0,1000001.0,114689.0
Friday,Northern,1,94115.0,7,33021.0,29596.0,18884.0,17289.0,965800.0,76952.0
Friday,Northern,1,94117.0,3,39169.0,23211.0,19255.0,17939.0,911500.0,94479.0
Friday,Northern,1,94123.0,7,23088.0,22622.0,15083.0,13717.0,1000001.0,112650.0
Friday,Northern,2,94102.0,19,31176.0,46472.0,18758.0,16844.0,574100.0,22517.0
Friday,Northern,2,94109.0,22,55984.0,47129.0,37182.0,33342.0,723200.0,60722.0
Friday,Northern,2,94115.0,3,33021.0,29596.0,18884.0,17289.0,965800.0,76952.0
Friday,Northern,2,94117.0,3,39169.0,23211.0,19255.0,17939.0,911500.0,94479.0
Friday,Northern,2,94123.0,10,23088.0,22622.0,15083.0,13717.0,1000001.0,112650.0
Friday,Northern,3,94102.0,10,31176.0,46472.0,18758.0,16844.0,574100.0,22517.0
Friday,Northern,3,94109.0,14,55984.0,47129.0,37182.0,33342.0,723200.0,60722.0
Friday,Northern,3,94115.0,6,33021.0,29596.0,18884.0,17289.0,965800.0,76952.0
Friday,Northern,3,94117.0,3,39169.0,23211.0,19255.0,17939.0,911500.0,94479.0
Friday,Northern,3,94123.0,2,23088.0,22622.0,15083.0,13717.0,1000001.0,112650.0
Friday,Northern,4,94102.0,22,31176.0,46472.0,18758.0,16844.0,574100.0,22517.0
Friday,Northern,4,94109.0,12,55984.0,47129.0,37182.0,33342.0,723200.0,60722.0
Friday,Northern,4,94115.0,5,33021.0,29596.0,18884.0,17289.0,965800.0,76952.0
Friday,Northern,4,94117.0,3,39169.0,23211.0,19255.0,17939.0,911500.0,94479.0
Friday,Northern,4,94123.0,9,23088.0,22622.0,15083.0,13717.0,1000001.0,112650.0
Friday,Northern,5,94102.0,6,31176.0,46472.0,18758.0,16844.0,574100.0,22517.0
Friday,Northern,5,94109.0,11,55984.0,47129.0,37182.0,33342.0,723200.0,60722.0
Friday,Northern,5,94115.0,3,33021.0,29596.0,18884.0,17289.0,965800.0,76952.0
Friday,Northern,5,94123.0,10,23088.0,22622.0,15083.0,13717.0,1000001.0,112650.0
Friday,Northern,6,94102.0,12,31176.0,46472.0,18758.0,16844.0,574100.0,22517.0
Friday,Northern,6,94109.0,10,55984.0,47129.0,37182.0,33342.0,723200.0,60722.0
Friday,Northern,6,94115.0,6,33021.0,29596.0,18884.0,17289.0,965800.0,76952.0
Friday,Northern,6,94117.0,7,39169.0,23211.0,19255.0,17939.0,911500.0,94479.0
Friday,Northern,6,94123.0,4,23088.0,22622.0,15083.0,13717.0,1000001.0,112650.0
Friday,Northern,7,94102.0,21,31176.0,46472.0,18758.0,16844.0,574100.0,22517.0
Friday,Northern,7,94109.0,11,55984.0,47129.0,37182.0,33342.0,723200.0,60722.0
Friday,Northern,7,94110.0,3,69333.0,29816.0,28913.0,27128.0,768200.0,82111.0
Friday,Northern,7,94111.0,1,3713.0,10791.0,2811.0,2365.0,882000.0,89722.0
Friday,Northern,7,94115.0,12,33021.0,29596.0,18884.0,17289.0,965800.0,76952.0
Friday,Northern,7,94117.0,5,39169.0,23211.0,19255.0,17939.0,911500.0,94479.0
Friday,Northern,7,94123.0,5,23088.0,22622.0,15083.0,13717.0,1000001.0,112650.0
Friday,Northern,8,94102.0,17,31176.0,46472.0,18758.0,16844.0,574100.0,22517.0
Friday,Northern,8,94109.0,16,55984.0,47129.0,37182.0,33342.0,723200.0,60722.0
Friday,Northern,8,94115.0,15,33021.0,29596.0,18884.0,17289.0,965800.0,76952.0
Friday,Northern,8,94117.0,7,39169.0,23211.0,19255.0,17939.0,911500.0,94479.0
Friday,Northern,8,94123.0,26,23088.0,22622.0,15083.0,13717.0,1000001.0,112650.0
Friday,Northern,8,94129.0,1,3183.0,1381.0,1132.0,1086.0,,143320.0
Friday,Northern,9,94102.0,43,31176.0,46472.0,18758.0,16844.0,574100.0,22517.0
Friday,Northern,9,94109.0,25,55984.0,47129.0,37182.0,33342.0,723200.0,60722.0
Friday,Northern,9,94115.0,20,33021.0,29596.0,18884.0,17289.0,965800.0,76952.0
Friday,Northern,9,94117.0,11,39169.0,23211.0,19255.0,17939.0,911500.0,94479.0
Friday,Northern,9,94123.0,6,23088.0,22622.0,15083.0,13717.0,1000001.0,112650.0
Friday,Northern,9,94134.0,1,40798.0,17001.0,11867.0,11244.0,547800.0,56716.0
Friday,Northern,9,94158.0,2,4792.0,7288.0,2482.0,2271.0,643900.0,82195.0
Friday,Northern,10,94102.0,43,31176.0,46472.0,18758.0,16844.0,574100.0,22517.0
Friday,Northern,10,94109.0,27,55984.0,47129.0,37182.0,33342.0,723200.0,60722.0
Friday,Northern,10,94111.0,2,3713.0,10791.0,2811.0,2365.0,882000.0,89722.0
Friday,Northern,10,94115.0,13,33021.0,29596.0,18884.0,17289.0,965800.0,76952.0
Friday,Northern,10,94117.0,8,39169.0,23211.0,19255.0,17939.0,911500.0,94479.0
Friday,Northern,10,94123.0,13,23088.0,22622.0,15083.0,13717.0,1000001.0,112650.0
Friday,Northern,11,94102.0,50,31176.0,46472.0,18758.0,16844.0,574100.0,22517.0
Friday,Northern,11,94109.0,19,55984.0,47129.0,37182.0,33342.0,723200.0,60722.0
Friday,Northern,11,94111.0,2,3713.0,10791.0,2811.0,2365.0,882000.0,89722.0
Friday,Northern,11,94115.0,14,33021.0,29596.0,18884.0,17289.0,965800.0,76952.0
Friday,Northern,11,94117.0,23,39169.0,23211.0,19255.0,17939.0,911500.0,94479.0
Friday,Northern,11,94123.0,34,23088.0,22622.0,15083.0,13717.0,1000001.0,112650.0
Friday,Northern,12,94102.0,66,31176.0,46472.0,18758.0,16844.0,574100.0,22517.0
Friday,Northern,12,94109.0,33,55984.0,47129.0,37182.0,33342.0,723200.0,60722.0
Friday,Northern,12,94115.0,26,33021.0,29596.0,18884.0,17289.0,965800.0,76952.0
Friday,Northern,12,94117.0,23,39169.0,23211.0,19255.0,17939.0,911500.0,94479.0
Friday,Northern,12,94123.0,31,23088.0,22622.0,15083.0,13717.0,1000001.0,112650.0
Friday,Northern,12,94129.0,2,3183.0,1381.0,1132.0,1086.0,,143320.0
Friday,Northern,13,94102.0,25,31176.0,46472.0,18758.0,16844.0,574100.0,22517.0
Friday,Northern,13,94103.0,1,27170.0,20036.0,14778.0,13098.0,628000.0,43364.0
Friday,Northern,13,94109.0,34,55984.0,47129.0,37182.0,33342.0,723200.0,60722.0
Friday,Northern,13,94111.0,3,3713.0,10791.0,2811.0,2365.0,882000.0,89722.0
Friday,Northern,13,94115.0,20,33021.0,29596.0,18884.0,17289.0,965800.0,76952.0
Friday,Northern,13,94117.0,13,39169.0,23211.0,19255.0,17939.0,911500.0,94479.0
Friday,Northern,13,94123.0,26,23088.0,22622.0,15083.0,13717.0,1000001.0,112650.0
Friday,Northern,13,94129.0,2,3183.0,1381.0,1132.0,1086.0,,143320.0
Friday,Northern,14,94102.0,37,31176.0,46472.0,18758.0,16844.0,574100.0,22517.0
Friday,Northern,14,94109.0,33,55984.0,47129.0,37182.0,33342.0,723200.0,60722.0
Friday,Northern,14,94115.0,25,33021.0,29596.0,18884.0,17289.0,965800.0,76952.0
Friday,Northern,14,94117.0,15,39169.0,23211.0,19255.0,17939.0,911500.0,94479.0
Friday,Northern,14,94123.0,16,23088.0,22622.0,15083.0,13717.0,1000001.0,112650.0
Friday,Northern,15,94102.0,46,31176.0,46472.0,18758.0,16844.0,574100.0,22517.0
Friday,Northern,15,94109.0,42,55984.0,47129.0,37182.0,33342.0,723200.0,60722.0
Friday,Northern,15,94110.0,1,69333.0,29816.0,28913.0,27128.0,768200.0,82111.0
Friday,Northern,15,94111.0,3,3713.0,10791.0,2811.0,2365.0,882000.0,89722.0
Friday,Northern,15,94115.0,17,33021.0,29596.0,18884.0,17289.0,965800.0,76952.0
Friday,Northern,15,94117.0,11,39169.0,23211.0,19255.0,17939.0,911500.0,94479.0
Friday,Northern,15,94123.0,34,23088.0,22622.0,15083.0,13717.0,1000001.0,112650.0
Friday,Northern,15,94129.0,1,3183.0,1381.0,1132.0,1086.0,,143320.0
Friday,Northern,16,94102.0,47,31176.0,46472.0,18758.0,16844.0,574100.0,22517.0
Friday,Northern,16,94109.0,29,55984.0,47129.0,37182.0,33342.0,723200.0,60722.0
Friday,Northern,16,94111.0,2,3713.0,10791.0,2811.0,2365.0,882000.0,89722.0
Friday,Northern,16,94115.0,22,33021.0,29596.0,18884.0,17289.0,965800.0,76952.0
Friday,Northern,16,94117.0,16,39169.0,23211.0,19255.0,17939.0,911500.0,94479.0
Friday,Northern,16,94123.0,21,23088.0,22622.0,15083.0,13717.0,1000001.0,112650.0
Friday,Northern,16,94129.0,2,3183.0,1381.0,1132.0,1086.0,,143320.0
Friday,Northern,17,94102.0,56,31176.0,46472.0,18758.0,16844.0,574100.0,22517.0
Friday,Northern,17,94109.0,44,55984.0,47129.0,37182.0,33342.0,723200.0,60722.0
Friday,Northern,17,94111.0,2,3713.0,10791.0,2811.0,2365.0,882000.0,89722.0
Friday,Northern,17,94115.0,20,33021.0,29596.0,18884.0,17289.0,965800.0,76952.0
Friday,Northern,17,94117.0,11,39169.0,23211.0,19255.0,17939.0,911500.0,94479.0
Friday,Northern,17,94122.0,2,56023.0,23699.0,23633.0,22162.0,774500.0,81768.0
Friday,Northern,17,94123.0,28,23088.0,22622.0,15083.0,13717.0,1000001.0,112650.0
Friday,Northern,18,94102.0,73,31176.0,46472.0,18758.0,16844.0,574100.0,22517.0
Friday,Northern,18,94108.0,1,13768.0,50983.0,8843.0,7628.0,856900.0,35427.0
Friday,Northern,18,94109.0,35,55984.0,47129.0,37182.0,33342.0,723200.0,60722.0
Friday,Northern,18,94110.0,1,69333.0,29816.0,28913.0,27128.0,768200.0,82111.0
Friday,Northern,18,94114.0,1,31124.0,21837.0,17634.0,16281.0,1000001.0,114689.0
Friday,Northern,18,94115.0,45,33021.0,29596.0,18884.0,17289.0,965800.0,76952.0
Friday,Northern,18,94117.0,17,39169.0,23211.0,19255.0,17939.0,911500.0,94479.0
Friday,Northern,18,94123.0,40,23088.0,22622.0,15083.0,13717.0,1000001.0,112650.0
Friday,Northern,19,94102.0,78,31176.0,46472.0,18758.0,16844.0,574100.0,22517.0
Friday,Northern,19,94109.0,41,55984.0,47129.0,37182.0,33342.0,723200.0,60722.0
Friday,Northern,19,94115.0,22,33021.0,29596.0,18884.0,17289.0,965800.0,76952.0
Friday,Northern,19,94117.0,14,39169.0,23211.0,19255.0,17939.0,911500.0,94479.0
Friday,Northern,19,94123.0,44,23088.0,22622.0,15083.0,13717.0,1000001.0,112650.0
Friday,Northern,20,94102.0,77,31176.0,46472.0,18758.0,16844.0,574100.0,22517.0
Friday,Northern,20,94109.0,52,55984.0,47129.0,37182.0,33342.0,723200.0,60722.0
Friday,Northern,20,94115.0,33,33021.0,29596.0,18884.0,17289.0,965800.0,76952.0
Friday,Northern,20,94117.0,10,39169.0,23211.0,19255.0,17939.0,911500.0,94479.0
Friday,Northern,20,94118.0,1,38319.0,19663.0,18633.0,17171.0,1000001.0,82857.0
Friday,Northern,20,94123.0,27,23088.0,22622.0,15083.0,13717.0,1000001.0,112650.0
Friday,Northern,21,94102.0,69,31176.0,46472.0,18758.0,16844.0,574100.0,22517.0
Friday,Northern,21,94108.0,2,13768.0,50983.0,8843.0,7628.0,856900.0,35427.0
Friday,Northern,21,94109.0,37,55984.0,47129.0,37182.0,33342.0,723200.0,60722.0
Friday,Northern,21,94110.0,1,69333.0,29816.0,28913.0,27128.0,768200.0,82111.0
Friday,Northern,21,94115.0,16,33021.0,29596.0,18884.0,17289.0,965800.0,76952.0
Friday,Northern,21,94117.0,7,39169.0,23211.0,19255.0,17939.0,911500.0,94479.0
Friday,Northern,21,94123.0,19,23088.0,22622.0,15083.0,13717.0,1000001.0,112650.0
Friday,Northern,22,94102.0,47,31176.0,46472.0,18758.0,16844.0,574100.0,22517.0
Friday,Northern,22,94109.0,37,55984.0,47129.0,37182.0,33342.0,723200.0,60722.0
Friday,Northern,22,94115.0,10,33021.0,29596.0,18884.0,17289.0,965800.0,76952.0
Friday,Northern,22,94117.0,9,39169.0,23211.0,19255.0,17939.0,911500.0,94479.0
Friday,Northern,22,94123.0,27,23088.0,22622.0,15083.0,13717.0,1000001.0,112650.0
Friday,Northern,22,94124.0,1,33996.0,6901.0,10812.0,9717.0,470400.0,50146.0
Friday,Northern,23,94102.0,50,31176.0,46472.0,18758.0,16844.0,574100.0,22517.0
Friday,Northern,23,94109.0,44,55984.0,47129.0,37182.0,33342.0,723200.0,60722.0
Friday,Northern,23,94110.0,1,69333.0,29816.0,28913.0,27128.0,768200.0,82111.0
Friday,Northern,23,94115.0,13,33021.0,29596.0,18884.0,17289.0,965800.0,76952.0
Friday,Northern,23,94117.0,6,39169.0,23211.0,19255.0,17939.0,911500.0,94479.0
Friday,Northern,23,94123.0,25,23088.0,22622.0,15083.0,13717.0,1000001.0,112650.0
Friday,Out of SF,0,94103.0,6,27170.0,20036.0,14778.0,13098.0,628000.0,43364.0
Friday,Out of SF,0,94108.0,2,13768.0,50983.0,8843.0,7628.0,856900.0,35427.0
Friday,Out of SF,0,94110.0,3,69333.0,29816.0,28913.0,27128.0,768200.0,82111.0
Friday,Out of SF,0,94118.0,3,38319.0,19663.0,18633.0,17171.0,1000001.0,82857.0
Friday,Out of SF,0,94124.0,2,33996.0,6901.0,10812.0,9717.0,470400.0,50146.0
Friday,Out of SF,0,94158.0,14,4792.0,7288.0,2482.0,2271.0,643900.0,82195.0
Friday,Out of SF,1,94103.0,11,27170.0,20036.0,14778.0,13098.0,628000.0,43364.0
Friday,Out of SF,1,94118.0,1,38319.0,19663.0,18633.0,17171.0,1000001.0,82857.0
Friday,Out of SF,2,94158.0,1,4792.0,7288.0,2482.0,2271.0,643900.0,82195.0
Friday,Out of SF,3,94118.0,2,38319.0,19663.0,18633.0,17171.0,1000001.0,82857.0
Friday,Out of SF,3,94158.0,2,4792.0,7288.0,2482.0,2271.0,643900.0,82195.0
Friday,Out of SF,4,94105.0,1,5846.0,15826.0,4601.0,3586.0,740900.0,163949.0
Friday,Out of SF,4,94116.0,2,43698.0,16901.0,16283.0,15445.0,734400.0,83407.0
Friday,Out of SF,5,94103.0,1,27170.0,20036.0,14778.0,13098.0,628000.0,43364.0
Friday,Out of SF,5,94158.0,2,4792.0,7288.0,2482.0,2271.0,643900.0,82195.0
Friday,Out of SF,6,94103.0,2,27170.0,20036.0,14778.0,13098.0,628000.0,43364.0
Friday,Out of SF,6,94108.0,1,13768.0,50983.0,8843.0,7628.0,856900.0,35427.0
Friday,Out of SF,6,94118.0,2,38319.0,19663.0,18633.0,17171.0,1000001.0,82857.0
Friday,Out of SF,6,94158.0,2,4792.0,7288.0,2482.0,2271.0,643900.0,82195.0
Friday,Out of SF,7,94103.0,2,27170.0,20036.0,14778.0,13098.0,628000.0,43364.0
Friday,Out of SF,7,94158.0,3,4792.0,7288.0,2482.0,2271.0,643900.0,82195.0
Friday,Out of SF,8,94103.0,15,27170.0,20036.0,14778.0,13098.0,628000.0,43364.0
Friday,Out of SF,8,94108.0,2,13768.0,50983.0,8843.0,7628.0,856900.0,35427.0
Friday,Out of SF,8,94110.0,4,69333.0,29816.0,28913.0,27128.0,768200.0,82111.0
Friday,Out of SF,8,94117.0,2,39169.0,23211.0,19255.0,17939.0,911500.0,94479.0
Friday,Out of SF,8,94124.0,1,33996.0,6901.0,10812.0,9717.0,470400.0,50146.0
Friday,Out of SF,8,94158.0,1,4792.0,7288.0,2482.0,2271.0,643900.0,82195.0
Friday,Out of SF,9,94103.0,4,27170.0,20036.0,14778.0,13098.0,628000.0,43364.0
Friday,Out of SF,9,94108.0,1,13768.0,50983.0,8843.0,7628.0,856900.0,35427.0
Friday,Out of SF,9,94116.0,1,43698.0,16901.0,16283.0,15445.0,734400.0,83407.0
Friday,Out of SF,9,94118.0,2,38319.0,19663.0,18633.0,17171.0,1000001.0,82857.0
Friday,Out of SF,9,94123.0,3,23088.0,22622.0,15083.0,13717.0,1000001.0,112650.0
Friday,Out of SF,10,94103.0,6,27170.0,20036.0,14778.0,13098.0,628000.0,43364.0
Friday,Out of SF,10,94108.0,1,13768.0,50983.0,8843.0,7628.0,856900.0,35427.0
Friday,Out of SF,10,94118.0,2,38319.0,19663.0,18633.0,17171.0,1000001.0,82857.0
Friday,Out of SF,10,94158.0,1,4792.0,7288.0,2482.0,2271.0,643900.0,82195.0
Friday,Out of SF,11,94103.0,2,27170.0,20036.0,14778.0,13098.0,628000.0,43364.0
Friday,Out of SF,11,94108.0,1,13768.0,50983.0,8843.0,7628.0,856900.0,35427.0
Friday,Out of SF,11,94109.0,1,55984.0,47129.0,37182.0,33342.0,723200.0,60722.0
Friday,Out of SF,11,94116.0,2,43698.0,16901.0,16283.0,15445.0,734400.0,83407.0
Friday,Out of SF,11,94117.0,1,39169.0,23211.0,19255.0,17939.0,911500.0,94479.0
Friday,Out of SF,11,94118.0,1,38319.0,19663.0,18633.0,17171.0,1000001.0,82857.0
Friday,Out of SF,11,94124.0,1,33996.0,6901.0,10812.0,9717.0,470400.0,50146.0
Friday,Out of SF,11,94134.0,1,40798.0,17001.0,11867.0,11244.0,547800.0,56716.0
Friday,Out of SF,11,94158.0,4,4792.0,7288.0,2482.0,2271.0,643900.0,82195.0
Friday,Out of SF,12,94102.0,2,31176.0,46472.0,18758.0,16844.0,574100.0,22517.0
Friday,Out of SF,12,94108.0,10,13768.0,50983.0,8843.0,7628.0,856900.0,35427.0
Friday,Out of SF,12,94110.0,3,69333.0,29816.0,28913.0,27128.0,768200.0,82111.0
Friday,Out of SF,12,94112.0,1,79407.0,23606.0,23081.0,21975.0,602400.0,71625.0
Friday,Out of SF,12,94118.0,2,38319.0,19663.0,18633.0,17171.0,1000001.0,82857.0
Friday,Out of SF,12,94158.0,3,4792.0,7288.0,2482.0,2271.0,643900.0,82195.0
Friday,Out of SF,13,94103.0,9,27170.0,20036.0,14778.0,13098.0,628000.0,43364.0
Friday,Out of SF,13,94108.0,4,13768.0,50983.0,8843.0,7628.0,856900.0,35427.0
Friday,Out of SF,13,94111.0,1,3713.0,10791.0,2811.0,2365.0,882000.0,89722.0
Friday,Out of SF,13,94112.0,1,79407.0,23606.0,23081.0,21975.0,602400.0,71625.0
Friday,Out of SF,13,94134.0,1,40798.0,17001.0,11867.0,11244.0,547800.0,56716.0
Friday,Out of SF,14,94103.0,1,27170.0,20036.0,14778.0,13098.0,628000.0,43364.0
Friday,Out of SF,14,94108.0,6,13768.0,50983.0,8843.0,7628.0,856900.0,35427.0
Friday,Out of SF,14,94111.0,1,3713.0,10791.0,2811.0,2365.0,882000.0,89722.0
Friday,Out of SF,14,94112.0,5,79407.0,23606.0,23081.0,21975.0,602400.0,71625.0
Friday,Out of SF,14,94134.0,1,40798.0,17001.0,11867.0,11244.0,547800.0,56716.0
Friday,Out of SF,14,94158.0,1,4792.0,7288.0,2482.0,2271.0,643900.0,82195.0
Friday,Out of SF,15,94103.0,2,27170.0,20036.0,14778.0,13098.0,628000.0,43364.0
Friday,Out of SF,15,94108.0,2,13768.0,50983.0,8843.0,7628.0,856900.0,35427.0
Friday,Out of SF,15,94112.0,1,79407.0,23606.0,23081.0,21975.0,602400.0,71625.0
Friday,Out of SF,16,94103.0,3,27170.0,20036.0,14778.0,13098.0,628000.0,43364.0
Friday,Out of SF,16,94122.0,1,56023.0,23699.0,23633.0,22162.0,774500.0,81768.0
Friday,Out of SF,16,94132.0,1,28129.0,9045.0,10769.0,9993.0,733100.0,69223.0
Friday,Out of SF,16,94134.0,2,40798.0,17001.0,11867.0,11244.0,547800.0,56716.0
Friday,Out of SF,16,94158.0,2,4792.0,7288.0,2482.0,2271.0,643900.0,82195.0
Friday,Out of SF,17,94102.0,2,31176.0,46472.0,18758.0,16844.0,574100.0,22517.0
Friday,Out of SF,17,94103.0,6,27170.0,20036.0,14778.0,13098.0,628000.0,43364.0
Friday,Out of SF,17,94108.0,2,13768.0,50983.0,8843.0,7628.0,856900.0,35427.0
Friday,Out of SF,17,94112.0,1,79407.0,23606.0,23081.0,21975.0,602400.0,71625.0
Friday,Out of SF,17,94122.0,1,56023.0,23699.0,23633.0,22162.0,774500.0,81768.0
Friday,Out of SF,17,94158.0,2,4792.0,7288.0,2482.0,2271.0,643900.0,82195.0
Friday,Out of SF,18,94102.0,2,31176.0,46472.0,18758.0,16844.0,574100.0,22517.0
Friday,Out of SF,18,94108.0,4,13768.0,50983.0,8843.0,7628.0,856900.0,35427.0
Friday,Out of SF,18,94112.0,3,79407.0,23606.0,23081.0,21975.0,602400.0,71625.0
Friday,Out of SF,18,94116.0,2,43698.0,16901.0,16283.0,15445.0,734400.0,83407.0
Friday,Out of SF,18,94118.0,1,38319.0,19663.0,18633.0,17171.0,1000001.0,82857.0
Friday,Out of SF,18,94124.0,3,33996.0,6901.0,10812.0,9717.0,470400.0,50146.0
Friday,Out of SF,18,94134.0,1,40798.0,17001.0,11867.0,11244.0,547800.0,56716.0
Friday,Out of SF,19,94116.0,2,43698.0,16901.0,16283.0,15445.0,734400.0,83407.0
Friday,Out of SF,19,94118.0,5,38319.0,19663.0,18633.0,17171.0,1000001.0,82857.0
Friday,Out of SF,19,94158.0,2,4792.0,7288.0,2482.0,2271.0,643900.0,82195.0
Friday,Out of SF,20,94102.0,2,31176.0,46472.0,18758.0,16844.0,574100.0,22517.0
Friday,Out of SF,20,94104.0,1,406.0,5232.0,368.0,207.0,1000001.0,48750.0
Friday,Out of SF,20,94108.0,4,13768.0,50983.0,8843.0,7628.0,856900.0,35427.0
Friday,Out of SF,20,94116.0,2,43698.0,16901.0,16283.0,15445.0,734400.0,83407.0
Friday,Out of SF,20,94118.0,1,38319.0,19663.0,18633.0,17171.0,1000001.0,82857.0
Friday,Out of SF,20,94127.0,1,19289.0,10895.0,7801.0,7511.0,916900.0,131351.0
Friday,Out of SF,20,94158.0,1,4792.0,7288.0,2482.0,2271.0,643900.0,82195.0
Friday,Out of SF,21,94102.0,1,31176.0,46472.0,18758.0,16844.0,574100.0,22517.0
Friday,Out of SF,21,94112.0,2,79407.0,23606.0,23081.0,21975.0,602400.0,71625.0
Friday,Out of SF,21,94158.0,1,4792.0,7288.0,2482.0,2271.0,643900.0,82195.0
Friday,Out of SF,22,94103.0,1,27170.0,20036.0,14778.0,13098.0,628000.0,43364.0
Friday,Out of SF,22,94117.0,1,39169.0,23211.0,19255.0,17939.0,911500.0,94479.0
Friday,Out of SF,22,94118.0,1,38319.0,19663.0,18633.0,17171.0,1000001.0,82857.0
Friday,Out of SF,22,94158.0,3,4792.0,7288.0,2482.0,2271.0,643900.0,82195.0
Friday,Out of SF,23,94102.0,1,31176.0,46472.0,18758.0,16844.0,574100.0,22517.0
Friday,Out of SF,23,94103.0,1,27170.0,20036.0,14778.0,13098.0,628000.0,43364.0
Friday,Out of SF,23,94107.0,2,26599.0,14845.0,15141.0,13736.0,719700.0,114439.0
Friday,Park,0,94107.0,3,26599.0,14845.0,15141.0,13736.0,719700.0,114439.0
Friday,Park,0,94114.0,12,31124.0,21837.0,17634.0,16281.0,1000001.0,114689.0
Friday,Park,0,94115.0,1,33021.0,29596.0,18884.0,17289.0,965800.0,76952.0
Friday,Park,0,94117.0,23,39169.0,23211.0,19255.0,17939.0,911500.0,94479.0
Friday,Park,0,94118.0,6,38319.0,19663.0,18633.0,17171.0,1000001.0,82857.0
Friday,Park,0,94122.0,1,56023.0,23699.0,23633.0,22162.0,774500.0,81768.0
Friday,Park,0,94131.0,2,26881.0,12926.0,13427.0,12618.0,859700.0,96889.0
Friday,Park,1,94114.0,2,31124.0,21837.0,17634.0,16281.0,1000001.0,114689.0
Friday,Park,1,94117.0,13,39169.0,23211.0,19255.0,17939.0,911500.0,94479.0
Friday,Park,1,94118.0,1,38319.0,19663.0,18633.0,17171.0,1000001.0,82857.0
Friday,Park,1,94122.0,1,56023.0,23699.0,23633.0,22162.0,774500.0,81768.0
Friday,Park,1,94131.0,1,26881.0,12926.0,13427.0,12618.0,859700.0,96889.0
Friday,Park,2,94114.0,1,31124.0,21837.0,17634.0,16281.0,1000001.0,114689.0
Friday,Park,2,94117.0,10,39169.0,23211.0,19255.0,17939.0,911500.0,94479.0
Friday,Park,2,94118.0,3,38319.0,19663.0,18633.0,17171.0,1000001.0,82857.0
Friday,Park,2,94131.0,2,26881.0,12926.0,13427.0,12618.0,859700.0,96889.0
Friday,Park,3,94102.0,1,31176.0,46472.0,18758.0,16844.0,574100.0,22517.0
Friday,Park,3,94114.0,6,31124.0,21837.0,17634.0,16281.0,1000001.0,114689.0
Friday,Park,3,94115.0,1,33021.0,29596.0,18884.0,17289.0,965800.0,76952.0
Friday,Park,3,94117.0,5,39169.0,23211.0,19255.0,17939.0,911500.0,94479.0
Friday,Park,3,94118.0,2,38319.0,19663.0,18633.0,17171.0,1000001.0,82857.0
Friday,Park,3,94122.0,2,56023.0,23699.0,23633.0,22162.0,774500.0,81768.0
Friday,Park,4,94114.0,1,31124.0,21837.0,17634.0,16281.0,1000001.0,114689.0
Friday,Park,4,94117.0,12,39169.0,23211.0,19255.0,17939.0,911500.0,94479.0
Friday,Park,4,94118.0,8,38319.0,19663.0,18633.0,17171.0,1000001.0,82857.0
Friday,Park,5,94114.0,3,31124.0,21837.0,17634.0,16281.0,1000001.0,114689.0
Friday,Park,5,94117.0,5,39169.0,23211.0,19255.0,17939.0,911500.0,94479.0
Friday,Park,5,94122.0,1,56023.0,23699.0,23633.0,22162.0,774500.0,81768.0
Friday,Park,6,94114.0,4,31124.0,21837.0,17634.0,16281.0,1000001.0,114689.0
Friday,Park,6,94115.0,1,33021.0,29596.0,18884.0,17289.0,965800.0,76952.0
Friday,Park,6,94117.0,8,39169.0,23211.0,19255.0,17939.0,911500.0,94479.0
Friday,Park,6,94118.0,5,38319.0,19663.0,18633.0,17171.0,1000001.0,82857.0
Friday,Park,6,94131.0,1,26881.0,12926.0,13427.0,12618.0,859700.0,96889.0
Friday,Park,7,94102.0,2,31176.0,46472.0,18758.0,16844.0,574100.0,22517.0
Friday,Park,7,94110.0,1,69333.0,29816.0,28913.0,27128.0,768200.0,82111.0
Friday,Park,7,94114.0,1,31124.0,21837.0,17634.0,16281.0,1000001.0,114689.0
Friday,Park,7,94115.0,1,33021.0,29596.0,18884.0,17289.0,965800.0,76952.0
Friday,Park,7,94117.0,26,39169.0,23211.0,19255.0,17939.0,911500.0,94479.0
Friday,Park,7,94118.0,1,38319.0,19663.0,18633.0,17171.0,1000001.0,82857.0
Friday,Park,7,94122.0,4,56023.0,23699.0,23633.0,22162.0,774500.0,81768.0
Friday,Park,8,94114.0,5,31124.0,21837.0,17634.0,16281.0,1000001.0,114689.0
Friday,Park,8,94115.0,2,33021.0,29596.0,18884.0,17289.0,965800.0,76952.0
Friday,Park,8,94117.0,23,39169.0,23211.0,19255.0,17939.0,911500.0,94479.0
Friday,Park,8,94118.0,2,38319.0,19663.0,18633.0,17171.0,1000001.0,82857.0
Friday,Park,8,94122.0,1,56023.0,23699.0,23633.0,22162.0,774500.0,81768.0
Friday,Park,8,94131.0,6,26881.0,12926.0,13427.0,12618.0,859700.0,96889.0
Friday,Park,9,94102.0,1,31176.0,46472.0,18758.0,16844.0,574100.0,22517.0
Friday,Park,9,94114.0,5,31124.0,21837.0,17634.0,16281.0,1000001.0,114689.0
Friday,Park,9,94117.0,40,39169.0,23211.0,19255.0,17939.0,911500.0,94479.0
Friday,Park,9,94118.0,5,38319.0,19663.0,18633.0,17171.0,1000001.0,82857.0
Friday,Park,9,94122.0,5,56023.0,23699.0,23633.0,22162.0,774500.0,81768.0
Friday,Park,9,94131.0,3,26881.0,12926.0,13427.0,12618.0,859700.0,96889.0
Friday,Park,9,94158.0,2,4792.0,7288.0,2482.0,2271.0,643900.0,82195.0
Friday,Park,10,94102.0,1,31176.0,46472.0,18758.0,16844.0,574100.0,22517.0
Friday,Park,10,94105.0,2,5846.0,15826.0,4601.0,3586.0,740900.0,163949.0
Friday,Park,10,94114.0,7,31124.0,21837.0,17634.0,16281.0,1000001.0,114689.0
Friday,Park,10,94117.0,34,39169.0,23211.0,19255.0,17939.0,911500.0,94479.0
Friday,Park,10,94118.0,7,38319.0,19663.0,18633.0,17171.0,1000001.0,82857.0
Friday,Park,10,94122.0,3,56023.0,23699.0,23633.0,22162.0,774500.0,81768.0
Friday,Park,10,94131.0,11,26881.0,12926.0,13427.0,12618.0,859700.0,96889.0
Friday,Park,11,94102.0,2,31176.0,46472.0,18758.0,16844.0,574100.0,22517.0
Friday,Park,11,94115.0,2,33021.0,29596.0,18884.0,17289.0,965800.0,76952.0
Friday,Park,11,94117.0,19,39169.0,23211.0,19255.0,17939.0,911500.0,94479.0
Friday,Park,11,94118.0,9,38319.0,19663.0,18633.0,17171.0,1000001.0,82857.0
Friday,Park,11,94122.0,4,56023.0,23699.0,23633.0,22162.0,774500.0,81768.0
Friday,Park,11,94131.0,6,26881.0,12926.0,13427.0,12618.0,859700.0,96889.0
Friday,Park,12,94103.0,1,27170.0,20036.0,14778.0,13098.0,628000.0,43364.0
Friday,Park,12,94108.0,1,13768.0,50983.0,8843.0,7628.0,856900.0,35427.0
Friday,Park,12,94114.0,5,31124.0,21837.0,17634.0,16281.0,1000001.0,114689.0
Friday,Park,12,94115.0,3,33021.0,29596.0,18884.0,17289.0,965800.0,76952.0
Friday,Park,12,94117.0,45,39169.0,23211.0,19255.0,17939.0,911500.0,94479.0
Friday,Park,12,94118.0,6,38319.0,19663.0,18633.0,17171.0,1000001.0,82857.0
Friday,Park,12,94122.0,7,56023.0,23699.0,23633.0,22162.0,774500.0,81768.0
Friday,Park,12,94131.0,1,26881.0,12926.0,13427.0,12618.0,859700.0,96889.0
Friday,Park,13,94114.0,6,31124.0,21837.0,17634.0,16281.0,1000001.0,114689.0
Friday,Park,13,94115.0,2,33021.0,29596.0,18884.0,17289.0,965800.0,76952.0
Friday,Park,13,94117.0,37,39169.0,23211.0,19255.0,17939.0,911500.0,94479.0
Friday,Park,13,94118.0,5,38319.0,19663.0,18633.0,17171.0,1000001.0,82857.0
Friday,Park,13,94122.0,8,56023.0,23699.0,23633.0,22162.0,774500.0,81768.0
Friday,Park,13,94131.0,4,26881.0,12926.0,13427.0,12618.0,859700.0,96889.0
Friday,Park,14,94102.0,1,31176.0,46472.0,18758.0,16844.0,574100.0,22517.0
Friday,Park,14,94114.0,3,31124.0,21837.0,17634.0,16281.0,1000001.0,114689.0
Friday,Park,14,94117.0,37,39169.0,23211.0,19255.0,17939.0,911500.0,94479.0
Friday,Park,14,94118.0,10,38319.0,19663.0,18633.0,17171.0,1000001.0,82857.0
Friday,Park,14,94122.0,3,56023.0,23699.0,23633.0,22162.0,774500.0,81768.0
Friday,Park,14,94131.0,3,26881.0,12926.0,13427.0,12618.0,859700.0,96889.0
Friday,Park,15,94102.0,2,31176.0,46472.0,18758.0,16844.0,574100.0,22517.0
Friday,Park,15,94114.0,5,31124.0,21837.0,17634.0,16281.0,1000001.0,114689.0
Friday,Park,15,94117.0,24,39169.0,23211.0,19255.0,17939.0,911500.0,94479.0
Friday,Park,15,94118.0,9,38319.0,19663.0,18633.0,17171.0,1000001.0,82857.0
Friday,Park,15,94122.0,1,56023.0,23699.0,23633.0,22162.0,774500.0,81768.0
Friday,Park,15,94131.0,8,26881.0,12926.0,13427.0,12618.0,859700.0,96889.0
Friday,Park,16,94114.0,9,31124.0,21837.0,17634.0,16281.0,1000001.0,114689.0
Friday,Park,16,94117.0,47,39169.0,23211.0,19255.0,17939.0,911500.0,94479.0
Friday,Park,16,94118.0,13,38319.0,19663.0,18633.0,17171.0,1000001.0,82857.0
Friday,Park,16,94122.0,1,56023.0,23699.0,23633.0,22162.0,774500.0,81768.0
Friday,Park,16,94131.0,2,26881.0,12926.0,13427.0,12618.0,859700.0,96889.0
Friday,Park,17,94102.0,1,31176.0,46472.0,18758.0,16844.0,574100.0,22517.0
Friday,Park,17,94114.0,13,31124.0,21837.0,17634.0,16281.0,1000001.0,114689.0
Friday,Park,17,94115.0,4,33021.0,29596.0,18884.0,17289.0,965800.0,76952.0
Friday,Park,17,94117.0,31,39169.0,23211.0,19255.0,17939.0,911500.0,94479.0
Friday,Park,17,94118.0,11,38319.0,19663.0,18633.0,17171.0,1000001.0,82857.0
Friday,Park,17,94122.0,6,56023.0,23699.0,23633.0,22162.0,774500.0,81768.0
Friday,Park,17,94131.0,2,26881.0,12926.0,13427.0,12618.0,859700.0,96889.0
Friday,Park,18,94102.0,1,31176.0,46472.0,18758.0,16844.0,574100.0,22517.0
Friday,Park,18,94114.0,17,31124.0,21837.0,17634.0,16281.0,1000001.0,114689.0
Friday,Park,18,94115.0,1,33021.0,29596.0,18884.0,17289.0,965800.0,76952.0
Friday,Park,18,94117.0,34,39169.0,23211.0,19255.0,17939.0,911500.0,94479.0
Friday,Park,18,94118.0,10,38319.0,19663.0,18633.0,17171.0,1000001.0,82857.0
Friday,Park,18,94122.0,4,56023.0,23699.0,23633.0,22162.0,774500.0,81768.0
Friday,Park,18,94131.0,6,26881.0,12926.0,13427.0,12618.0,859700.0,96889.0
Friday,Park,19,94102.0,1,31176.0,46472.0,18758.0,16844.0,574100.0,22517.0
Friday,Park,19,94109.0,1,55984.0,47129.0,37182.0,33342.0,723200.0,60722.0
Friday,Park,19,94114.0,8,31124.0,21837.0,17634.0,16281.0,1000001.0,114689.0
Friday,Park,19,94115.0,1,33021.0,29596.0,18884.0,17289.0,965800.0,76952.0
Friday,Park,19,94117.0,36,39169.0,23211.0,19255.0,17939.0,911500.0,94479.0
Friday,Park,19,94118.0,3,38319.0,19663.0,18633.0,17171.0,1000001.0,82857.0
Friday,Park,19,94131.0,2,26881.0,12926.0,13427.0,12618.0,859700.0,96889.0
Friday,Park,20,94102.0,1,31176.0,46472.0,18758.0,16844.0,574100.0,22517.0
Friday,Park,20,94114.0,5,31124.0,21837.0,17634.0,16281.0,1000001.0,114689.0
Friday,Park,20,94117.0,20,39169.0,23211.0,19255.0,17939.0,911500.0,94479.0
Friday,Park,20,94118.0,7,38319.0,19663.0,18633.0,17171.0,1000001.0,82857.0
Friday,Park,20,94122.0,1,56023.0,23699.0,23633.0,22162.0,774500.0,81768.0
Friday,Park,20,94131.0,10,26881.0,12926.0,13427.0,12618.0,859700.0,96889.0
Friday,Park,21,94114.0,3,31124.0,21837.0,17634.0,16281.0,1000001.0,114689.0
Friday,Park,21,94115.0,1,33021.0,29596.0,18884.0,17289.0,965800.0,76952.0
Friday,Park,21,94117.0,19,39169.0,23211.0,19255.0,17939.0,911500.0,94479.0
Friday,Park,21,94118.0,6,38319.0,19663.0,18633.0,17171.0,1000001.0,82857.0
Friday,Park,21,94122.0,3,56023.0,23699.0,23633.0,22162.0,774500.0,81768.0
Friday,Park,21,94131.0,4,26881.0,12926.0,13427.0,12618.0,859700.0,96889.0
Friday,Park,22,94102.0,1,31176.0,46472.0,18758.0,16844.0,574100.0,22517.0
Friday,Park,22,94114.0,17,31124.0,21837.0,17634.0,16281.0,1000001.0,114689.0
Friday,Park,22,94115.0,1,33021.0,29596.0,18884.0,17289.0,965800.0,76952.0
Friday,Park,22,94117.0,29,39169.0,23211.0,19255.0,17939.0,911500.0,94479.0
Friday,Park,22,94118.0,1,38319.0,19663.0,18633.0,17171.0,1000001.0,82857.0
Friday,Park,22,94122.0,2,56023.0,23699.0,23633.0,22162.0,774500.0,81768.0
Friday,Park,22,94131.0,2,26881.0,12926.0,13427.0,12618.0,859700.0,96889.0
Friday,Park,23,94102.0,1,31176.0,46472.0,18758.0,16844.0,574100.0,22517.0
Friday,Park,23,94114.0,13,31124.0,21837.0,17634.0,16281.0,1000001.0,114689.0
Friday,Park,23,94115.0,1,33021.0,29596.0,18884.0,17289.0,965800.0,76952.0
Friday,Park,23,94117.0,27,39169.0,23211.0,19255.0,17939.0,911500.0,94479.0
Friday,Park,23,94118.0,2,38319.0,19663.0,18633.0,17171.0,1000001.0,82857.0
Friday,Park,23,94122.0,5,56023.0,23699.0,23633.0,22162.0,774500.0,81768.0
Friday,Park,23,94131.0,7,26881.0,12926.0,13427.0,12618.0,859700.0,96889.0
Friday,Richmond,0,94115.0,5,33021.0,29596.0,18884.0,17289.0,965800.0,76952.0
Friday,Richmond,0,94118.0,45,38319.0,19663.0,18633.0,17171.0,1000001.0,82857.0
Friday,Richmond,0,94122.0,19,56023.0,23699.0,23633.0,22162.0,774500.0,81768.0
Friday,Richmond,1,94118.0,18,38319.0,19663.0,18633.0,17171.0,1000001.0,82857.0
Friday,Richmond,1,94122.0,1,56023.0,23699.0,23633.0,22162.0,774500.0,81768.0
Friday,Richmond,2,94115.0,3,33021.0,29596.0,18884.0,17289.0,965800.0,76952.0
Friday,Richmond,2,94118.0,15,38319.0,19663.0,18633.0,17171.0,1000001.0,82857.0
Friday,Richmond,2,94122.0,3,56023.0,23699.0,23633.0,22162.0,774500.0,81768.0
Friday,Richmond,3,94118.0,5,38319.0,19663.0,18633.0,17171.0,1000001.0,82857.0
Friday,Richmond,3,94122.0,4,56023.0,23699.0,23633.0,22162.0,774500.0,81768.0
Friday,Richmond,4,94115.0,2,33021.0,29596.0,18884.0,17289.0,965800.0,76952.0
Friday,Richmond,4,94118.0,4,38319.0,19663.0,18633.0,17171.0,1000001.0,82857.0
Friday,Richmond,4,94122.0,1,56023.0,23699.0,23633.0,22162.0,774500.0,81768.0
Friday,Richmond,5,94115.0,2,33021.0,29596.0,18884.0,17289.0,965800.0,76952.0
Friday,Richmond,5,94118.0,10,38319.0,19663.0,18633.0,17171.0,1000001.0,82857.0
Friday,Richmond,5,94122.0,1,56023.0,23699.0,23633.0,22162.0,774500.0,81768.0
Friday,Richmond,6,94115.0,4,33021.0,29596.0,18884.0,17289.0,965800.0,76952.0
Friday,Richmond,6,94118.0,13,38319.0,19663.0,18633.0,17171.0,1000001.0,82857.0
Friday,Richmond,6,94122.0,7,56023.0,23699.0,23633.0,22162.0,774500.0,81768.0
Friday,Richmond,6,94129.0,2,3183.0,1381.0,1132.0,1086.0,,143320.0
Friday,Richmond,7,94115.0,3,33021.0,29596.0,18884.0,17289.0,965800.0,76952.0
Friday,Richmond,7,94118.0,6,38319.0,19663.0,18633.0,17171.0,1000001.0,82857.0
Friday,Richmond,7,94122.0,8,56023.0,23699.0,23633.0,22162.0,774500.0,81768.0
Friday,Richmond,8,94115.0,7,33021.0,29596.0,18884.0,17289.0,965800.0,76952.0
Friday,Richmond,8,94118.0,23,38319.0,19663.0,18633.0,17171.0,1000001.0,82857.0
Friday,Richmond,8,94122.0,10,56023.0,23699.0,23633.0,22162.0,774500.0,81768.0
Friday,Richmond,9,94115.0,3,33021.0,29596.0,18884.0,17289.0,965800.0,76952.0
Friday,Richmond,9,94118.0,18,38319.0,19663.0,18633.0,17171.0,1000001.0,82857.0
Friday,Richmond,9,94122.0,18,56023.0,23699.0,23633.0,22162.0,774500.0,81768.0
Friday,Richmond,10,94115.0,10,33021.0,29596.0,18884.0,17289.0,965800.0,76952.0
Friday,Richmond,10,94118.0,30,38319.0,19663.0,18633.0,17171.0,1000001.0,82857.0
Friday,Richmond,10,94122.0,36,56023.0,23699.0,23633.0,22162.0,774500.0,81768.0
Friday,Richmond,11,94103.0,2,27170.0,20036.0,14778.0,13098.0,628000.0,43364.0
Friday,Richmond,11,94115.0,7,33021.0,29596.0,18884.0,17289.0,965800.0,76952.0
Friday,Richmond,11,94117.0,1,39169.0,23211.0,19255.0,17939.0,911500.0,94479.0
Friday,Richmond,11,94118.0,40,38319.0,19663.0,18633.0,17171.0,1000001.0,82857.0
Friday,Richmond,11,94122.0,39,56023.0,23699.0,23633.0,22162.0,774500.0,81768.0
Friday,Richmond,12,94109.0,1,55984.0,47129.0,37182.0,33342.0,723200.0,60722.0
Friday,Richmond,12,94115.0,8,33021.0,29596.0,18884.0,17289.0,965800.0,76952.0
Friday,Richmond,12,94118.0,35,38319.0,19663.0,18633.0,17171.0,1000001.0,82857.0
Friday,Richmond,12,94122.0,29,56023.0,23699.0,23633.0,22162.0,774500.0,81768.0
Friday,Richmond,13,94103.0,1,27170.0,20036.0,14778.0,13098.0,628000.0,43364.0
Friday,Richmond,13,94115.0,6,33021.0,29596.0,18884.0,17289.0,965800.0,76952.0
Friday,Richmond,13,94118.0,25,38319.0,19663.0,18633.0,17171.0,1000001.0,82857.0
Friday,Richmond,13,94122.0,17,56023.0,23699.0,23633.0,22162.0,774500.0,81768.0
Friday,Richmond,14,94115.0,4,33021.0,29596.0,18884.0,17289.0,965800.0,76952.0
Friday,Richmond,14,94118.0,22,38319.0,19663.0,18633.0,17171.0,1000001.0,82857.0
Friday,Richmond,14,94122.0,23,56023.0,23699.0,23633.0,22162.0,774500.0,81768.0
Friday,Richmond,15,94115.0,14,33021.0,29596.0,18884.0,17289.0,965800.0,76952.0
Friday,Richmond,15,94116.0,1,43698.0,16901.0,16283.0,15445.0,734400.0,83407.0
Friday,Richmond,15,94118.0,24,38319.0,19663.0,18633.0,17171.0,1000001.0,82857.0
Friday,Richmond,15,94122.0,27,56023.0,23699.0,23633.0,22162.0,774500.0,81768.0
Friday,Richmond,15,94129.0,1,3183.0,1381.0,1132.0,1086.0,,143320.0
Friday,Richmond,16,94115.0,14,33021.0,29596.0,18884.0,17289.0,965800.0,76952.0
Friday,Richmond,16,94118.0,25,38319.0,19663.0,18633.0,17171.0,1000001.0,82857.0
Friday,Richmond,16,94122.0,30,56023.0,23699.0,23633.0,22162.0,774500.0,81768.0
Friday,Richmond,17,94108.0,1,13768.0,50983.0,8843.0,7628.0,856900.0,35427.0
Friday,Richmond,17,94115.0,4,33021.0,29596.0,18884.0,17289.0,965800.0,76952.0
Friday,Richmond,17,94116.0,1,43698.0,16901.0,16283.0,15445.0,734400.0,83407.0
Friday,Richmond,17,94117.0,1,39169.0,23211.0,19255.0,17939.0,911500.0,94479.0
Friday,Richmond,17,94118.0,44,38319.0,19663.0,18633.0,17171.0,1000001.0,82857.0
Friday,Richmond,17,94122.0,35,56023.0,23699.0,23633.0,22162.0,774500.0,81768.0
Friday,Richmond,17,94134.0,1,40798.0,17001.0,11867.0,11244.0,547800.0,56716.0
Friday,Richmond,18,94108.0,1,13768.0,50983.0,8843.0,7628.0,856900.0,35427.0
Friday,Richmond,18,94115.0,5,33021.0,29596.0,18884.0,17289.0,965800.0,76952.0
Friday,Richmond,18,94118.0,49,38319.0,19663.0,18633.0,17171.0,1000001.0,82857.0
Friday,Richmond,18,94122.0,16,56023.0,23699.0,23633.0,22162.0,774500.0,81768.0
Friday,Richmond,19,94108.0,2,13768.0,50983.0,8843.0,7628.0,856900.0,35427.0
Friday,Richmond,19,94115.0,8,33021.0,29596.0,18884.0,17289.0,965800.0,76952.0
Friday,Richmond,19,94118.0,45,38319.0,19663.0,18633.0,17171.0,1000001.0,82857.0
Friday,Richmond,19,94122.0,21,56023.0,23699.0,23633.0,22162.0,774500.0,81768.0
Friday,Richmond,20,94115.0,4,33021.0,29596.0,18884.0,17289.0,965800.0,76952.0
Friday,Richmond,20,94118.0,57,38319.0,19663.0,18633.0,17171.0,1000001.0,82857.0
Friday,Richmond,20,94122.0,15,56023.0,23699.0,23633.0,22162.0,774500.0,81768.0
Friday,Richmond,21,94115.0,2,33021.0,29596.0,18884.0,17289.0,965800.0,76952.0
Friday,Richmond,21,94118.0,41,38319.0,19663.0,18633.0,17171.0,1000001.0,82857.0
Friday,Richmond,21,94122.0,12,56023.0,23699.0,23633.0,22162.0,774500.0,81768.0
Friday,Richmond,22,94115.0,8,33021.0,29596.0,18884.0,17289.0,965800.0,76952.0
Friday,Richmond,22,94118.0,37,38319.0,19663.0,18633.0,17171.0,1000001.0,82857.0
Friday,Richmond,22,94122.0,4,56023.0,23699.0,23633.0,22162.0,774500.0,81768.0
Friday,Richmond,23,94115.0,5,33021.0,29596.0,18884.0,17289.0,965800.0,76952.0
Friday,Richmond,23,94118.0,26,38319.0,19663.0,18633.0,17171.0,1000001.0,82857.0
Friday,Richmond,23,94122.0,5,56023.0,23699.0,23633.0,22162.0,774500.0,81768.0
Friday,Southern,0,94102.0,12,31176.0,46472.0,18758.0,16844.0,574100.0,22517.0
Friday,Southern,0,94103.0,75,27170.0,20036.0,14778.0,13098.0,628000.0,43364.0
Friday,Southern,0,94104.0,5,406.0,5232.0,368.0,207.0,1000001.0,48750.0
Friday,Southern,0,94105.0,25,5846.0,15826.0,4601.0,3586.0,740900.0,163949.0
Friday,Southern,0,94108.0,1,13768.0,50983.0,8843.0,7628.0,856900.0,35427.0
Friday,Southern,0,94117.0,1,39169.0,23211.0,19255.0,17939.0,911500.0,94479.0
Friday,Southern,0,94118.0,3,38319.0,19663.0,18633.0,17171.0,1000001.0,82857.0
Friday,Southern,0,94130.0,6,2880.0,3196.0,786.0,656.0,,37500.0
Friday,Southern,0,94132.0,1,28129.0,9045.0,10769.0,9993.0,733100.0,69223.0
Friday,Southern,0,94158.0,34,4792.0,7288.0,2482.0,2271.0,643900.0,82195.0
Friday,Southern,1,94102.0,5,31176.0,46472.0,18758.0,16844.0,574100.0,22517.0
Friday,Southern,1,94103.0,45,27170.0,20036.0,14778.0,13098.0,628000.0,43364.0
Friday,Southern,1,94105.0,14,5846.0,15826.0,4601.0,3586.0,740900.0,163949.0
Friday,Southern,1,94130.0,3,2880.0,3196.0,786.0,656.0,,37500.0
Friday,Southern,1,94158.0,4,4792.0,7288.0,2482.0,2271.0,643900.0,82195.0
Friday,Southern,2,94102.0,3,31176.0,46472.0,18758.0,16844.0,574100.0,22517.0
Friday,Southern,2,94103.0,19,27170.0,20036.0,14778.0,13098.0,628000.0,43364.0
Friday,Southern,2,94105.0,10,5846.0,15826.0,4601.0,3586.0,740900.0,163949.0
Friday,Southern,2,94107.0,1,26599.0,14845.0,15141.0,13736.0,719700.0,114439.0
Friday,Southern,2,94130.0,1,2880.0,3196.0,786.0,656.0,,37500.0
Friday,Southern,2,94158.0,7,4792.0,7288.0,2482.0,2271.0,643900.0,82195.0
Friday,Southern,3,94102.0,8,31176.0,46472.0,18758.0,16844.0,574100.0,22517.0
Friday,Southern,3,94103.0,16,27170.0,20036.0,14778.0,13098.0,628000.0,43364.0
Friday,Southern,3,94104.0,1,406.0,5232.0,368.0,207.0,1000001.0,48750.0
Friday,Southern,3,94105.0,6,5846.0,15826.0,4601.0,3586.0,740900.0,163949.0
Friday,Southern,3,94107.0,2,26599.0,14845.0,15141.0,13736.0,719700.0,114439.0
Friday,Southern,3,94118.0,2,38319.0,19663.0,18633.0,17171.0,1000001.0,82857.0
Friday,Southern,3,94158.0,5,4792.0,7288.0,2482.0,2271.0,643900.0,82195.0
Friday,Southern,4,94102.0,2,31176.0,46472.0,18758.0,16844.0,574100.0,22517.0
Friday,Southern,4,94103.0,10,27170.0,20036.0,14778.0,13098.0,628000.0,43364.0
Friday,Southern,4,94105.0,6,5846.0,15826.0,4601.0,3586.0,740900.0,163949.0
Friday,Southern,4,94158.0,7,4792.0,7288.0,2482.0,2271.0,643900.0,82195.0
Friday,Southern,5,94102.0,5,31176.0,46472.0,18758.0,16844.0,574100.0,22517.0
Friday,Southern,5,94103.0,18,27170.0,20036.0,14778.0,13098.0,628000.0,43364.0
Friday,Southern,5,94104.0,1,406.0,5232.0,368.0,207.0,1000001.0,48750.0
Friday,Southern,5,94105.0,5,5846.0,15826.0,4601.0,3586.0,740900.0,163949.0
Friday,Southern,5,94130.0,4,2880.0,3196.0,786.0,656.0,,37500.0
Friday,Southern,5,94158.0,6,4792.0,7288.0,2482.0,2271.0,643900.0,82195.0
Friday,Southern,6,94102.0,3,31176.0,46472.0,18758.0,16844.0,574100.0,22517.0
Friday,Southern,6,94103.0,11,27170.0,20036.0,14778.0,13098.0,628000.0,43364.0
Friday,Southern,6,94105.0,8,5846.0,15826.0,4601.0,3586.0,740900.0,163949.0
Friday,Southern,6,94107.0,2,26599.0,14845.0,15141.0,13736.0,719700.0,114439.0
Friday,Southern,6,94130.0,1,2880.0,3196.0,786.0,656.0,,37500.0
Friday,Southern,6,94158.0,7,4792.0,7288.0,2482.0,2271.0,643900.0,82195.0
Friday,Southern,7,94102.0,4,31176.0,46472.0,18758.0,16844.0,574100.0,22517.0
Friday,Southern,7,94103.0,49,27170.0,20036.0,14778.0,13098.0,628000.0,43364.0
Friday,Southern,7,94104.0,1,406.0,5232.0,368.0,207.0,1000001.0,48750.0
Friday,Southern,7,94105.0,18,5846.0,15826.0,4601.0,3586.0,740900.0,163949.0
Friday,Southern,7,94107.0,1,26599.0,14845.0,15141.0,13736.0,719700.0,114439.0
Friday,Southern,7,94130.0,3,2880.0,3196.0,786.0,656.0,,37500.0
Friday,Southern,7,94158.0,9,4792.0,7288.0,2482.0,2271.0,643900.0,82195.0
Friday,Southern,8,94102.0,12,31176.0,46472.0,18758.0,16844.0,574100.0,22517.0
Friday,Southern,8,94103.0,42,27170.0,20036.0,14778.0,13098.0,628000.0,43364.0
Friday,Southern,8,94104.0,1,406.0,5232.0,368.0,207.0,1000001.0,48750.0
Friday,Southern,8,94105.0,31,5846.0,15826.0,4601.0,3586.0,740900.0,163949.0
Friday,Southern,8,94107.0,1,26599.0,14845.0,15141.0,13736.0,719700.0,114439.0
Friday,Southern,8,94110.0,1,69333.0,29816.0,28913.0,27128.0,768200.0,82111.0
Friday,Southern,8,94117.0,1,39169.0,23211.0,19255.0,17939.0,911500.0,94479.0
Friday,Southern,8,94130.0,3,2880.0,3196.0,786.0,656.0,,37500.0
Friday,Southern,8,94158.0,14,4792.0,7288.0,2482.0,2271.0,643900.0,82195.0
Friday,Southern,9,94102.0,15,31176.0,46472.0,18758.0,16844.0,574100.0,22517.0
Friday,Southern,9,94103.0,49,27170.0,20036.0,14778.0,13098.0,628000.0,43364.0
Friday,Southern,9,94104.0,1,406.0,5232.0,368.0,207.0,1000001.0,48750.0
Friday,Southern,9,94105.0,16,5846.0,15826.0,4601.0,3586.0,740900.0,163949.0
Friday,Southern,9,94107.0,2,26599.0,14845.0,15141.0,13736.0,719700.0,114439.0
Friday,Southern,9,94130.0,2,2880.0,3196.0,786.0,656.0,,37500.0
Friday,Southern,9,94158.0,15,4792.0,7288.0,2482.0,2271.0,643900.0,82195.0
Friday,Southern,10,94102.0,10,31176.0,46472.0,18758.0,16844.0,574100.0,22517.0
Friday,Southern,10,94103.0,80,27170.0,20036.0,14778.0,13098.0,628000.0,43364.0
Friday,Southern,10,94104.0,7,406.0,5232.0,368.0,207.0,1000001.0,48750.0
Friday,Southern,10,94105.0,12,5846.0,15826.0,4601.0,3586.0,740900.0,163949.0
Friday,Southern,10,94107.0,8,26599.0,14845.0,15141.0,13736.0,719700.0,114439.0
Friday,Southern,10,94108.0,1,13768.0,50983.0,8843.0,7628.0,856900.0,35427.0
Friday,Southern,10,94130.0,6,2880.0,3196.0,786.0,656.0,,37500.0
Friday,Southern,10,94158.0,15,4792.0,7288.0,2482.0,2271.0,643900.0,82195.0
Friday,Southern,11,94102.0,14,31176.0,46472.0,18758.0,16844.0,574100.0,22517.0
Friday,Southern,11,94103.0,51,27170.0,20036.0,14778.0,13098.0,628000.0,43364.0
Friday,Southern,11,94104.0,4,406.0,5232.0,368.0,207.0,1000001.0,48750.0
Friday,Southern,11,94105.0,20,5846.0,15826.0,4601.0,3586.0,740900.0,163949.0
Friday,Southern,11,94107.0,7,26599.0,14845.0,15141.0,13736.0,719700.0,114439.0
Friday,Southern,11,94111.0,1,3713.0,10791.0,2811.0,2365.0,882000.0,89722.0
Friday,Southern,11,94130.0,4,2880.0,3196.0,786.0,656.0,,37500.0
Friday,Southern,11,94158.0,19,4792.0,7288.0,2482.0,2271.0,643900.0,82195.0
Friday,Southern,12,94102.0,14,31176.0,46472.0,18758.0,16844.0,574100.0,22517.0
Friday,Southern,12,94103.0,113,27170.0,20036.0,14778.0,13098.0,628000.0,43364.0
Friday,Southern,12,94104.0,2,406.0,5232.0,368.0,207.0,1000001.0,48750.0
Friday,Southern,12,94105.0,31,5846.0,15826.0,4601.0,3586.0,740900.0,163949.0
Friday,Southern,12,94107.0,1,26599.0,14845.0,15141.0,13736.0,719700.0,114439.0
Friday,Southern,12,94110.0,1,69333.0,29816.0,28913.0,27128.0,768200.0,82111.0
Friday,Southern,12,94118.0,1,38319.0,19663.0,18633.0,17171.0,1000001.0,82857.0
Friday,Southern,12,94130.0,4,2880.0,3196.0,786.0,656.0,,37500.0
Friday,Southern,12,94158.0,20,4792.0,7288.0,2482.0,2271.0,643900.0,82195.0
Friday,Southern,13,94102.0,10,31176.0,46472.0,18758.0,16844.0,574100.0,22517.0
Friday,Southern,13,94103.0,68,27170.0,20036.0,14778.0,13098.0,628000.0,43364.0
Friday,Southern,13,94104.0,5,406.0,5232.0,368.0,207.0,1000001.0,48750.0
Friday,Southern,13,94105.0,29,5846.0,15826.0,4601.0,3586.0,740900.0,163949.0
Friday,Southern,13,94117.0,4,39169.0,23211.0,19255.0,17939.0,911500.0,94479.0
Friday,Southern,13,94130.0,1,2880.0,3196.0,786.0,656.0,,37500.0
Friday,Southern,13,94158.0,21,4792.0,7288.0,2482.0,2271.0,643900.0,82195.0
Friday,Southern,14,94102.0,10,31176.0,46472.0,18758.0,16844.0,574100.0,22517.0
Friday,Southern,14,94103.0,93,27170.0,20036.0,14778.0,13098.0,628000.0,43364.0
Friday,Southern,14,94104.0,5,406.0,5232.0,368.0,207.0,1000001.0,48750.0
Friday,Southern,14,94105.0,37,5846.0,15826.0,4601.0,3586.0,740900.0,163949.0
Friday,Southern,14,94107.0,1,26599.0,14845.0,15141.0,13736.0,719700.0,114439.0
Friday,Southern,14,94108.0,1,13768.0,50983.0,8843.0,7628.0,856900.0,35427.0
Friday,Southern,14,94110.0,1,69333.0,29816.0,28913.0,27128.0,768200.0,82111.0
Friday,Southern,14,94117.0,1,39169.0,23211.0,19255.0,17939.0,911500.0,94479.0
Friday,Southern,14,94124.0,1,33996.0,6901.0,10812.0,9717.0,470400.0,50146.0
Friday,Southern,14,94130.0,3,2880.0,3196.0,786.0,656.0,,37500.0
Friday,Southern,14,94158.0,25,4792.0,7288.0,2482.0,2271.0,643900.0,82195.0
Friday,Southern,15,94102.0,13,31176.0,46472.0,18758.0,16844.0,574100.0,22517.0
Friday,Southern,15,94103.0,67,27170.0,20036.0,14778.0,13098.0,628000.0,43364.0
Friday,Southern,15,94104.0,5,406.0,5232.0,368.0,207.0,1000001.0,48750.0
Friday,Southern,15,94105.0,29,5846.0,15826.0,4601.0,3586.0,740900.0,163949.0
Friday,Southern,15,94108.0,1,13768.0,50983.0,8843.0,7628.0,856900.0,35427.0
Friday,Southern,15,94110.0,1,69333.0,29816.0,28913.0,27128.0,768200.0,82111.0
Friday,Southern,15,94116.0,1,43698.0,16901.0,16283.0,15445.0,734400.0,83407.0
Friday,Southern,15,94130.0,4,2880.0,3196.0,786.0,656.0,,37500.0
Friday,Southern,15,94158.0,22,4792.0,7288.0,2482.0,2271.0,643900.0,82195.0
Friday,Southern,16,94102.0,11,31176.0,46472.0,18758.0,16844.0,574100.0,22517.0
Friday,Southern,16,94103.0,72,27170.0,20036.0,14778.0,13098.0,628000.0,43364.0
Friday,Southern,16,94104.0,1,406.0,5232.0,368.0,207.0,1000001.0,48750.0
Friday,Southern,16,94105.0,28,5846.0,15826.0,4601.0,3586.0,740900.0,163949.0
Friday,Southern,16,94107.0,4,26599.0,14845.0,15141.0,13736.0,719700.0,114439.0
Friday,Southern,16,94108.0,1,13768.0,50983.0,8843.0,7628.0,856900.0,35427.0
Friday,Southern,16,94117.0,1,39169.0,23211.0,19255.0,17939.0,911500.0,94479.0
Friday,Southern,16,94130.0,9,2880.0,3196.0,786.0,656.0,,37500.0
Friday,Southern,16,94158.0,30,4792.0,7288.0,2482.0,2271.0,643900.0,82195.0
Friday,Southern,17,94102.0,20,31176.0,46472.0,18758.0,16844.0,574100.0,22517.0
Friday,Southern,17,94103.0,78,27170.0,20036.0,14778.0,13098.0,628000.0,43364.0
Friday,Southern,17,94104.0,4,406.0,5232.0,368.0,207.0,1000001.0,48750.0
Friday,Southern,17,94105.0,35,5846.0,15826.0,4601.0,3586.0,740900.0,163949.0
Friday,Southern,17,94108.0,1,13768.0,50983.0,8843.0,7628.0,856900.0,35427.0
Friday,Southern,17,94111.0,1,3713.0,10791.0,2811.0,2365.0,882000.0,89722.0
Friday,Southern,17,94130.0,7,2880.0,3196.0,786.0,656.0,,37500.0
Friday,Southern,17,94158.0,26,4792.0,7288.0,2482.0,2271.0,643900.0,82195.0
Friday,Southern,18,94102.0,10,31176.0,46472.0,18758.0,16844.0,574100.0,22517.0
Friday,Southern,18,94103.0,80,27170.0,20036.0,14778.0,13098.0,628000.0,43364.0
Friday,Southern,18,94104.0,3,406.0,5232.0,368.0,207.0,1000001.0,48750.0
Friday,Southern,18,94105.0,39,5846.0,15826.0,4601.0,3586.0,740900.0,163949.0
Friday,Southern,18,94107.0,4,26599.0,14845.0,15141.0,13736.0,719700.0,114439.0
Friday,Southern,18,94130.0,9,2880.0,3196.0,786.0,656.0,,37500.0
Friday,Southern,18,94158.0,29,4792.0,7288.0,2482.0,2271.0,643900.0,82195.0
Friday,Southern,19,94102.0,18,31176.0,46472.0,18758.0,16844.0,574100.0,22517.0
Friday,Southern,19,94103.0,94,27170.0,20036.0,14778.0,13098.0,628000.0,43364.0
Friday,Southern,19,94104.0,6,406.0,5232.0,368.0,207.0,1000001.0,48750.0
Friday,Southern,19,94105.0,44,5846.0,15826.0,4601.0,3586.0,740900.0,163949.0
Friday,Southern,19,94107.0,1,26599.0,14845.0,15141.0,13736.0,719700.0,114439.0
Friday,Southern,19,94114.0,1,31124.0,21837.0,17634.0,16281.0,1000001.0,114689.0
Friday,Southern,19,94130.0,3,2880.0,3196.0,786.0,656.0,,37500.0
Friday,Southern,19,94158.0,41,4792.0,7288.0,2482.0,2271.0,643900.0,82195.0
Friday,Southern,20,94102.0,9,31176.0,46472.0,18758.0,16844.0,574100.0,22517.0
Friday,Southern,20,94103.0,90,27170.0,20036.0,14778.0,13098.0,628000.0,43364.0
Friday,Southern,20,94104.0,8,406.0,5232.0,368.0,207.0,1000001.0,48750.0
Friday,Southern,20,94105.0,35,5846.0,15826.0,4601.0,3586.0,740900.0,163949.0
Friday,Southern,20,94107.0,2,26599.0,14845.0,15141.0,13736.0,719700.0,114439.0
Friday,Southern,20,94110.0,1,69333.0,29816.0,28913.0,27128.0,768200.0,82111.0
Friday,Southern,20,94130.0,3,2880.0,3196.0,786.0,656.0,,37500.0
Friday,Southern,20,94158.0,30,4792.0,7288.0,2482.0,2271.0,643900.0,82195.0
Friday,Southern,21,94102.0,21,31176.0,46472.0,18758.0,16844.0,574100.0,22517.0
Friday,Southern,21,94103.0,70,27170.0,20036.0,14778.0,13098.0,628000.0,43364.0
Friday,Southern,21,94104.0,4,406.0,5232.0,368.0,207.0,1000001.0,48750.0
Friday,Southern,21,94105.0,30,5846.0,15826.0,4601.0,3586.0,740900.0,163949.0
Friday,Southern,21,94107.0,2,26599.0,14845.0,15141.0,13736.0,719700.0,114439.0
Friday,Southern,21,94130.0,3,2880.0,3196.0,786.0,656.0,,37500.0
Friday,Southern,21,94132.0,2,28129.0,9045.0,10769.0,9993.0,733100.0,69223.0
Friday,Southern,21,94158.0,29,4792.0,7288.0,2482.0,2271.0,643900.0,82195.0
Friday,Southern,22,94102.0,9,31176.0,46472.0,18758.0,16844.0,574100.0,22517.0
Friday,Southern,22,94103.0,81,27170.0,20036.0,14778.0,13098.0,628000.0,43364.0
Friday,Southern,22,94104.0,4,406.0,5232.0,368.0,207.0,1000001.0,48750.0
Friday,Southern,22,94105.0,62,5846.0,15826.0,4601.0,3586.0,740900.0,163949.0
Friday,Southern,22,94107.0,1,26599.0,14845.0,15141.0,13736.0,719700.0,114439.0
Friday,Southern,22,94130.0,2,2880.0,3196.0,786.0,656.0,,37500.0
Friday,Southern,22,94158.0,21,4792.0,7288.0,2482.0,2271.0,643900.0,82195.0
Friday,Southern,23,94102.0,3,31176.0,46472.0,18758.0,16844.0,574100.0,22517.0
Friday,Southern,23,94103.0,80,27170.0,20036.0,14778.0,13098.0,628000.0,43364.0
Friday,Southern,23,94104.0,9,406.0,5232.0,368.0,207.0,1000001.0,48750.0
Friday,Southern,23,94105.0,47,5846.0,15826.0,4601.0,3586.0,740900.0,163949.0
Friday,Southern,23,94107.0,1,26599.0,14845.0,15141.0,13736.0,719700.0,114439.0
Friday,Southern,23,94114.0,1,31124.0,21837.0,17634.0,16281.0,1000001.0,114689.0
Friday,Southern,23,94124.0,1,33996.0,6901.0,10812.0,9717.0,470400.0,50146.0
Friday,Southern,23,94130.0,2,2880.0,3196.0,786.0,656.0,,37500.0
Friday,Southern,23,94158.0,20,4792.0,7288.0,2482.0,2271.0,643900.0,82195.0
Friday,Taraval,0,94102.0,2,31176.0,46472.0,18758.0,16844.0,574100.0,22517.0
Friday,Taraval,0,94104.0,2,406.0,5232.0,368.0,207.0,1000001.0,48750.0
Friday,Taraval,0,94112.0,7,79407.0,23606.0,23081.0,21975.0,602400.0,71625.0
Friday,Taraval,0,94116.0,23,43698.0,16901.0,16283.0,15445.0,734400.0,83407.0
Friday,Taraval,0,94122.0,32,56023.0,23699.0,23633.0,22162.0,774500.0,81768.0
Friday,Taraval,0,94127.0,12,19289.0,10895.0,7801.0,7511.0,916900.0,131351.0
Friday,Taraval,0,94132.0,16,28129.0,9045.0,10769.0,9993.0,733100.0,69223.0
Friday,Taraval,1,94116.0,10,43698.0,16901.0,16283.0,15445.0,734400.0,83407.0
Friday,Taraval,1,94122.0,8,56023.0,23699.0,23633.0,22162.0,774500.0,81768.0
Friday,Taraval,1,94127.0,8,19289.0,10895.0,7801.0,7511.0,916900.0,131351.0
Friday,Taraval,1,94132.0,5,28129.0,9045.0,10769.0,9993.0,733100.0,69223.0
Friday,Taraval,2,94112.0,2,79407.0,23606.0,23081.0,21975.0,602400.0,71625.0
Friday,Taraval,2,94116.0,6,43698.0,16901.0,16283.0,15445.0,734400.0,83407.0
Friday,Taraval,2,94122.0,7,56023.0,23699.0,23633.0,22162.0,774500.0,81768.0
Friday,Taraval,2,94127.0,7,19289.0,10895.0,7801.0,7511.0,916900.0,131351.0
Friday,Taraval,2,94132.0,9,28129.0,9045.0,10769.0,9993.0,733100.0,69223.0
Friday,Taraval,3,94116.0,3,43698.0,16901.0,16283.0,15445.0,734400.0,83407.0
Friday,Taraval,3,94122.0,4,56023.0,23699.0,23633.0,22162.0,774500.0,81768.0
Friday,Taraval,3,94132.0,1,28129.0,9045.0,10769.0,9993.0,733100.0,69223.0
Friday,Taraval,4,94112.0,3,79407.0,23606.0,23081.0,21975.0,602400.0,71625.0
Friday,Taraval,4,94116.0,3,43698.0,16901.0,16283.0,15445.0,734400.0,83407.0
Friday,Taraval,4,94122.0,8,56023.0,23699.0,23633.0,22162.0,774500.0,81768.0
Friday,Taraval,4,94127.0,2,19289.0,10895.0,7801.0,7511.0,916900.0,131351.0
Friday,Taraval,4,94132.0,2,28129.0,9045.0,10769.0,9993.0,733100.0,69223.0
Friday,Taraval,5,94112.0,2,79407.0,23606.0,23081.0,21975.0,602400.0,71625.0
Friday,Taraval,5,94116.0,6,43698.0,16901.0,16283.0,15445.0,734400.0,83407.0
Friday,Taraval,5,94122.0,3,56023.0,23699.0,23633.0,22162.0,774500.0,81768.0
Friday,Taraval,5,94127.0,2,19289.0,10895.0,7801.0,7511.0,916900.0,131351.0
Friday,Taraval,6,94112.0,3,79407.0,23606.0,23081.0,21975.0,602400.0,71625.0
Friday,Taraval,6,94116.0,9,43698.0,16901.0,16283.0,15445.0,734400.0,83407.0
Friday,Taraval,6,94122.0,1,56023.0,23699.0,23633.0,22162.0,774500.0,81768.0
Friday,Taraval,6,94132.0,2,28129.0,9045.0,10769.0,9993.0,733100.0,69223.0
Friday,Taraval,7,94112.0,1,79407.0,23606.0,23081.0,21975.0,602400.0,71625.0
Friday,Taraval,7,94116.0,16,43698.0,16901.0,16283.0,15445.0,734400.0,83407.0
Friday,Taraval,7,94122.0,16,56023.0,23699.0,23633.0,22162.0,774500.0,81768.0
Friday,Taraval,7,94127.0,5,19289.0,10895.0,7801.0,7511.0,916900.0,131351.0
Friday,Taraval,7,94132.0,10,28129.0,9045.0,10769.0,9993.0,733100.0,69223.0
Friday,Taraval,8,94116.0,14,43698.0,16901.0,16283.0,15445.0,734400.0,83407.0
Friday,Taraval,8,94122.0,21,56023.0,23699.0,23633.0,22162.0,774500.0,81768.0
Friday,Taraval,8,94127.0,9,19289.0,10895.0,7801.0,7511.0,916900.0,131351.0
Friday,Taraval,8,94132.0,16,28129.0,9045.0,10769.0,9993.0,733100.0,69223.0
Friday,Taraval,9,94112.0,1,79407.0,23606.0,23081.0,21975.0,602400.0,71625.0
Friday,Taraval,9,94114.0,1,31124.0,21837.0,17634.0,16281.0,1000001.0,114689.0
Friday,Taraval,9,94116.0,24,43698.0,16901.0,16283.0,15445.0,734400.0,83407.0
Friday,Taraval,9,94122.0,25,56023.0,23699.0,23633.0,22162.0,774500.0,81768.0
Friday,Taraval,9,94127.0,12,19289.0,10895.0,7801.0,7511.0,916900.0,131351.0
Friday,Taraval,9,94132.0,21,28129.0,9045.0,10769.0,9993.0,733100.0,69223.0
Friday,Taraval,10,94112.0,4,79407.0,23606.0,23081.0,21975.0,602400.0,71625.0
Friday,Taraval,10,94116.0,21,43698.0,16901.0,16283.0,15445.0,734400.0,83407.0
Friday,Taraval,10,94122.0,21,56023.0,23699.0,23633.0,22162.0,774500.0,81768.0
Friday,Taraval,10,94127.0,5,19289.0,10895.0,7801.0,7511.0,916900.0,131351.0
Friday,Taraval,10,94132.0,16,28129.0,9045.0,10769.0,9993.0,733100.0,69223.0
Friday,Taraval,11,94112.0,5,79407.0,23606.0,23081.0,21975.0,602400.0,71625.0
Friday,Taraval,11,94116.0,26,43698.0,16901.0,16283.0,15445.0,734400.0,83407.0
Friday,Taraval,11,94122.0,26,56023.0,23699.0,23633.0,22162.0,774500.0,81768.0
Friday,Taraval,11,94127.0,8,19289.0,10895.0,7801.0,7511.0,916900.0,131351.0
Friday,Taraval,11,94132.0,24,28129.0,9045.0,10769.0,9993.0,733100.0,69223.0
Friday,Taraval,12,94112.0,2,79407.0,23606.0,23081.0,21975.0,602400.0,71625.0
Friday,Taraval,12,94116.0,35,43698.0,16901.0,16283.0,15445.0,734400.0,83407.0
Friday,Taraval,12,94122.0,31,56023.0,23699.0,23633.0,22162.0,774500.0,81768.0
Friday,Taraval,12,94127.0,8,19289.0,10895.0,7801.0,7511.0,916900.0,131351.0
Friday,Taraval,12,94132.0,23,28129.0,9045.0,10769.0,9993.0,733100.0,69223.0
Friday,Taraval,13,94116.0,22,43698.0,16901.0,16283.0,15445.0,734400.0,83407.0
Friday,Taraval,13,94122.0,24,56023.0,23699.0,23633.0,22162.0,774500.0,81768.0
Friday,Taraval,13,94127.0,16,19289.0,10895.0,7801.0,7511.0,916900.0,131351.0
Friday,Taraval,13,94132.0,16,28129.0,9045.0,10769.0,9993.0,733100.0,69223.0
Friday,Taraval,14,94112.0,4,79407.0,23606.0,23081.0,21975.0,602400.0,71625.0
Friday,Taraval,14,94116.0,20,43698.0,16901.0,16283.0,15445.0,734400.0,83407.0
Friday,Taraval,14,94122.0,16,56023.0,23699.0,23633.0,22162.0,774500.0,81768.0
Friday,Taraval,14,94127.0,6,19289.0,10895.0,7801.0,7511.0,916900.0,131351.0
Friday,Taraval,14,94131.0,1,26881.0,12926.0,13427.0,12618.0,859700.0,96889.0
Friday,Taraval,14,94132.0,26,28129.0,9045.0,10769.0,9993.0,733100.0,69223.0
Friday,Taraval,15,94112.0,3,79407.0,23606.0,23081.0,21975.0,602400.0,71625.0
Friday,Taraval,15,94114.0,1,31124.0,21837.0,17634.0,16281.0,1000001.0,114689.0
Friday,Taraval,15,94116.0,28,43698.0,16901.0,16283.0,15445.0,734400.0,83407.0
Friday,Taraval,15,94122.0,18,56023.0,23699.0,23633.0,22162.0,774500.0,81768.0
Friday,Taraval,15,94127.0,13,19289.0,10895.0,7801.0,7511.0,916900.0,131351.0
Friday,Taraval,15,94132.0,33,28129.0,9045.0,10769.0,9993.0,733100.0,69223.0
Friday,Taraval,16,94112.0,5,79407.0,23606.0,23081.0,21975.0,602400.0,71625.0
Friday,Taraval,16,94116.0,34,43698.0,16901.0,16283.0,15445.0,734400.0,83407.0
Friday,Taraval,16,94122.0,22,56023.0,23699.0,23633.0,22162.0,774500.0,81768.0
Friday,Taraval,16,94127.0,16,19289.0,10895.0,7801.0,7511.0,916900.0,131351.0
Friday,Taraval,16,94132.0,26,28129.0,9045.0,10769.0,9993.0,733100.0,69223.0
Friday,Taraval,17,94109.0,1,55984.0,47129.0,37182.0,33342.0,723200.0,60722.0
Friday,Taraval,17,94116.0,20,43698.0,16901.0,16283.0,15445.0,734400.0,83407.0
Friday,Taraval,17,94122.0,27,56023.0,23699.0,23633.0,22162.0,774500.0,81768.0
Friday,Taraval,17,94127.0,16,19289.0,10895.0,7801.0,7511.0,916900.0,131351.0
Friday,Taraval,17,94131.0,1,26881.0,12926.0,13427.0,12618.0,859700.0,96889.0
Friday,Taraval,17,94132.0,24,28129.0,9045.0,10769.0,9993.0,733100.0,69223.0
Friday,Taraval,18,94112.0,4,79407.0,23606.0,23081.0,21975.0,602400.0,71625.0
Friday,Taraval,18,94116.0,32,43698.0,16901.0,16283.0,15445.0,734400.0,83407.0
Friday,Taraval,18,94122.0,26,56023.0,23699.0,23633.0,22162.0,774500.0,81768.0
Friday,Taraval,18,94127.0,8,19289.0,10895.0,7801.0,7511.0,916900.0,131351.0
Friday,Taraval,18,94132.0,14,28129.0,9045.0,10769.0,9993.0,733100.0,69223.0
Friday,Taraval,19,94112.0,2,79407.0,23606.0,23081.0,21975.0,602400.0,71625.0
Friday,Taraval,19,94116.0,26,43698.0,16901.0,16283.0,15445.0,734400.0,83407.0
Friday,Taraval,19,94122.0,27,56023.0,23699.0,23633.0,22162.0,774500.0,81768.0
Friday,Taraval,19,94127.0,12,19289.0,10895.0,7801.0,7511.0,916900.0,131351.0
Friday,Taraval,19,94132.0,14,28129.0,9045.0,10769.0,9993.0,733100.0,69223.0
Friday,Taraval,20,94110.0,1,69333.0,29816.0,28913.0,27128.0,768200.0,82111.0
Friday,Taraval,20,94112.0,5,79407.0,23606.0,23081.0,21975.0,602400.0,71625.0
Friday,Taraval,20,94116.0,35,43698.0,16901.0,16283.0,15445.0,734400.0,83407.0
Friday,Taraval,20,94122.0,28,56023.0,23699.0,23633.0,22162.0,774500.0,81768.0
Friday,Taraval,20,94127.0,9,19289.0,10895.0,7801.0,7511.0,916900.0,131351.0
Friday,Taraval,20,94132.0,15,28129.0,9045.0,10769.0,9993.0,733100.0,69223.0
Friday,Taraval,21,94102.0,2,31176.0,46472.0,18758.0,16844.0,574100.0,22517.0
Friday,Taraval,21,94112.0,2,79407.0,23606.0,23081.0,21975.0,602400.0,71625.0
Friday,Taraval,21,94116.0,13,43698.0,16901.0,16283.0,15445.0,734400.0,83407.0
Friday,Taraval,21,94122.0,18,56023.0,23699.0,23633.0,22162.0,774500.0,81768.0
Friday,Taraval,21,94127.0,2,19289.0,10895.0,7801.0,7511.0,916900.0,131351.0
Friday,Taraval,21,94131.0,1,26881.0,12926.0,13427.0,12618.0,859700.0,96889.0
Friday,Taraval,21,94132.0,29,28129.0,9045.0,10769.0,9993.0,733100.0,69223.0
Friday,Taraval,22,94112.0,5,79407.0,23606.0,23081.0,21975.0,602400.0,71625.0
Friday,Taraval,22,94116.0,20,43698.0,16901.0,16283.0,15445.0,734400.0,83407.0
Friday,Taraval,22,94122.0,21,56023.0,23699.0,23633.0,22162.0,774500.0,81768.0
Friday,Taraval,22,94127.0,5,19289.0,10895.0,7801.0,7511.0,916900.0,131351.0
Friday,Taraval,22,94132.0,19,28129.0,9045.0,10769.0,9993.0,733100.0,69223.0
Friday,Taraval,23,94112.0,1,79407.0,23606.0,23081.0,21975.0,602400.0,71625.0
Friday,Taraval,23,94116.0,13,43698.0,16901.0,16283.0,15445.0,734400.0,83407.0
Friday,Taraval,23,94122.0,13,56023.0,23699.0,23633.0,22162.0,774500.0,81768.0
Friday,Taraval,23,94127.0,4,19289.0,10895.0,7801.0,7511.0,916900.0,131351.0
Friday,Taraval,23,94132.0,11,28129.0,9045.0,10769.0,9993.0,733100.0,69223.0
Friday,Tenderloin,0,94102.0,23,31176.0,46472.0,18758.0,16844.0,574100.0,22517.0
Friday,Tenderloin,0,94103.0,59,27170.0,20036.0,14778.0,13098.0,628000.0,43364.0
Friday,Tenderloin,0,94104.0,1,406.0,5232.0,368.0,207.0,1000001.0,48750.0
Friday,Tenderloin,0,94108.0,7,13768.0,50983.0,8843.0,7628.0,856900.0,35427.0
Friday,Tenderloin,0,94109.0,5,55984.0,47129.0,37182.0,33342.0,723200.0,60722.0
Friday,Tenderloin,1,94102.0,8,31176.0,46472.0,18758.0,16844.0,574100.0,22517.0
Friday,Tenderloin,1,94103.0,27,27170.0,20036.0,14778.0,13098.0,628000.0,43364.0
Friday,Tenderloin,1,94108.0,1,13768.0,50983.0,8843.0,7628.0,856900.0,35427.0
Friday,Tenderloin,1,94117.0,1,39169.0,23211.0,19255.0,17939.0,911500.0,94479.0
Friday,Tenderloin,2,94102.0,7,31176.0,46472.0,18758.0,16844.0,574100.0,22517.0
Friday,Tenderloin,2,94103.0,10,27170.0,20036.0,14778.0,13098.0,628000.0,43364.0
Friday,Tenderloin,2,94104.0,1,406.0,5232.0,368.0,207.0,1000001.0,48750.0
Friday,Tenderloin,2,94109.0,3,55984.0,47129.0,37182.0,33342.0,723200.0,60722.0
Friday,Tenderloin,3,94102.0,5,31176.0,46472.0,18758.0,16844.0,574100.0,22517.0
Friday,Tenderloin,3,94103.0,19,27170.0,20036.0,14778.0,13098.0,628000.0,43364.0
Friday,Tenderloin,3,94104.0,3,406.0,5232.0,368.0,207.0,1000001.0,48750.0
Friday,Tenderloin,3,94108.0,1,13768.0,50983.0,8843.0,7628.0,856900.0,35427.0
Friday,Tenderloin,4,94102.0,4,31176.0,46472.0,18758.0,16844.0,574100.0,22517.0
Friday,Tenderloin,4,94103.0,16,27170.0,20036.0,14778.0,13098.0,628000.0,43364.0
Friday,Tenderloin,4,94108.0,3,13768.0,50983.0,8843.0,7628.0,856900.0,35427.0
Friday,Tenderloin,4,94109.0,5,55984.0,47129.0,37182.0,33342.0,723200.0,60722.0
Friday,Tenderloin,5,94102.0,3,31176.0,46472.0,18758.0,16844.0,574100.0,22517.0
Friday,Tenderloin,5,94103.0,14,27170.0,20036.0,14778.0,13098.0,628000.0,43364.0
Friday,Tenderloin,6,94102.0,12,31176.0,46472.0,18758.0,16844.0,574100.0,22517.0
Friday,Tenderloin,6,94103.0,20,27170.0,20036.0,14778.0,13098.0,628000.0,43364.0
Friday,Tenderloin,6,94109.0,1,55984.0,47129.0,37182.0,33342.0,723200.0,60722.0
Friday,Tenderloin,7,94102.0,34,31176.0,46472.0,18758.0,16844.0,574100.0,22517.0
Friday,Tenderloin,7,94103.0,64,27170.0,20036.0,14778.0,13098.0,628000.0,43364.0
Friday,Tenderloin,7,94109.0,2,55984.0,47129.0,37182.0,33342.0,723200.0,60722.0
Friday,Tenderloin,8,94102.0,22,31176.0,46472.0,18758.0,16844.0,574100.0,22517.0
Friday,Tenderloin,8,94103.0,79,27170.0,20036.0,14778.0,13098.0,628000.0,43364.0
Friday,Tenderloin,8,94104.0,6,406.0,5232.0,368.0,207.0,1000001.0,48750.0
Friday,Tenderloin,8,94108.0,5,13768.0,50983.0,8843.0,7628.0,856900.0,35427.0
Friday,Tenderloin,8,94109.0,2,55984.0,47129.0,37182.0,33342.0,723200.0,60722.0
Friday,Tenderloin,8,94124.0,1,33996.0,6901.0,10812.0,9717.0,470400.0,50146.0
Friday,Tenderloin,9,94102.0,39,31176.0,46472.0,18758.0,16844.0,574100.0,22517.0
Friday,Tenderloin,9,94103.0,73,27170.0,20036.0,14778.0,13098.0,628000.0,43364.0
Friday,Tenderloin,9,94104.0,9,406.0,5232.0,368.0,207.0,1000001.0,48750.0
Friday,Tenderloin,9,94108.0,3,13768.0,50983.0,8843.0,7628.0,856900.0,35427.0
Friday,Tenderloin,9,94109.0,12,55984.0,47129.0,37182.0,33342.0,723200.0,60722.0
Friday,Tenderloin,10,94102.0,42,31176.0,46472.0,18758.0,16844.0,574100.0,22517.0
Friday,Tenderloin,10,94103.0,76,27170.0,20036.0,14778.0,13098.0,628000.0,43364.0
Friday,Tenderloin,10,94104.0,9,406.0,5232.0,368.0,207.0,1000001.0,48750.0
Friday,Tenderloin,10,94108.0,6,13768.0,50983.0,8843.0,7628.0,856900.0,35427.0
Friday,Tenderloin,10,94109.0,2,55984.0,47129.0,37182.0,33342.0,723200.0,60722.0
Friday,Tenderloin,11,94102.0,41,31176.0,46472.0,18758.0,16844.0,574100.0,22517.0
Friday,Tenderloin,11,94103.0,93,27170.0,20036.0,14778.0,13098.0,628000.0,43364.0
Friday,Tenderloin,11,94104.0,1,406.0,5232.0,368.0,207.0,1000001.0,48750.0
Friday,Tenderloin,11,94105.0,3,5846.0,15826.0,4601.0,3586.0,740900.0,163949.0
Friday,Tenderloin,11,94108.0,5,13768.0,50983.0,8843.0,7628.0,856900.0,35427.0
Friday,Tenderloin,11,94109.0,1,55984.0,47129.0,37182.0,33342.0,723200.0,60722.0
Friday,Tenderloin,12,94102.0,43,31176.0,46472.0,18758.0,16844.0,574100.0,22517.0
Friday,Tenderloin,12,94103.0,105,27170.0,20036.0,14778.0,13098.0,628000.0,43364.0
Friday,Tenderloin,12,94104.0,3,406.0,5232.0,368.0,207.0,1000001.0,48750.0
Friday,Tenderloin,12,94108.0,12,13768.0,50983.0,8843.0,7628.0,856900.0,35427.0
Friday,Tenderloin,12,94109.0,4,55984.0,47129.0,37182.0,33342.0,723200.0,60722.0
Friday,Tenderloin,12,94115.0,2,33021.0,29596.0,18884.0,17289.0,965800.0,76952.0
Friday,Tenderloin,13,94102.0,35,31176.0,46472.0,18758.0,16844.0,574100.0,22517.0
Friday,Tenderloin,13,94103.0,83,27170.0,20036.0,14778.0,13098.0,628000.0,43364.0
Friday,Tenderloin,13,94104.0,3,406.0,5232.0,368.0,207.0,1000001.0,48750.0
Friday,Tenderloin,13,94108.0,12,13768.0,50983.0,8843.0,7628.0,856900.0,35427.0
Friday,Tenderloin,13,94109.0,7,55984.0,47129.0,37182.0,33342.0,723200.0,60722.0
Friday,Tenderloin,14,94102.0,26,31176.0,46472.0,18758.0,16844.0,574100.0,22517.0
Friday,Tenderloin,14,94103.0,71,27170.0,20036.0,14778.0,13098.0,628000.0,43364.0
Friday,Tenderloin,14,94104.0,7,406.0,5232.0,368.0,207.0,1000001.0,48750.0
Friday,Tenderloin,14,94108.0,14,13768.0,50983.0,8843.0,7628.0,856900.0,35427.0
Friday,Tenderloin,14,94109.0,4,55984.0,47129.0,37182.0,33342.0,723200.0,60722.0
Friday,Tenderloin,15,94102.0,39,31176.0,46472.0,18758.0,16844.0,574100.0,22517.0
Friday,Tenderloin,15,94103.0,140,27170.0,20036.0,14778.0,13098.0,628000.0,43364.0
Friday,Tenderloin,15,94104.0,1,406.0,5232.0,368.0,207.0,1000001.0,48750.0
Friday,Tenderloin,15,94108.0,9,13768.0,50983.0,8843.0,7628.0,856900.0,35427.0
Friday,Tenderloin,15,94109.0,4,55984.0,47129.0,37182.0,33342.0,723200.0,60722.0
Friday,Tenderloin,15,94122.0,1,56023.0,23699.0,23633.0,22162.0,774500.0,81768.0
Friday,Tenderloin,16,94102.0,39,31176.0,46472.0,18758.0,16844.0,574100.0,22517.0
Friday,Tenderloin,16,94103.0,104,27170.0,20036.0,14778.0,13098.0,628000.0,43364.0
Friday,Tenderloin,16,94104.0,1,406.0,5232.0,368.0,207.0,1000001.0,48750.0
Friday,Tenderloin,16,94108.0,7,13768.0,50983.0,8843.0,7628.0,856900.0,35427.0
Friday,Tenderloin,16,94109.0,1,55984.0,47129.0,37182.0,33342.0,723200.0,60722.0
Friday,Tenderloin,17,94102.0,37,31176.0,46472.0,18758.0,16844.0,574100.0,22517.0
Friday,Tenderloin,17,94103.0,89,27170.0,20036.0,14778.0,13098.0,628000.0,43364.0
Friday,Tenderloin,17,94108.0,6,13768.0,50983.0,8843.0,7628.0,856900.0,35427.0
Friday,Tenderloin,17,94109.0,3,55984.0,47129.0,37182.0,33342.0,723200.0,60722.0
Friday,Tenderloin,18,94102.0,33,31176.0,46472.0,18758.0,16844.0,574100.0,22517.0
Friday,Tenderloin,18,94103.0,82,27170.0,20036.0,14778.0,13098.0,628000.0,43364.0
Friday,Tenderloin,18,94104.0,2,406.0,5232.0,368.0,207.0,1000001.0,48750.0
Friday,Tenderloin,18,94108.0,7,13768.0,50983.0,8843.0,7628.0,856900.0,35427.0
Friday,Tenderloin,18,94109.0,6,55984.0,47129.0,37182.0,33342.0,723200.0,60722.0
Friday,Tenderloin,19,94102.0,27,31176.0,46472.0,18758.0,16844.0,574100.0,22517.0
Friday,Tenderloin,19,94103.0,67,27170.0,20036.0,14778.0,13098.0,628000.0,43364.0
Friday,Tenderloin,19,94104.0,1,406.0,5232.0,368.0,207.0,1000001.0,48750.0
Friday,Tenderloin,19,94108.0,4,13768.0,50983.0,8843.0,7628.0,856900.0,35427.0
Friday,Tenderloin,19,94109.0,1,55984.0,47129.0,37182.0,33342.0,723200.0,60722.0
Friday,Tenderloin,20,94102.0,11,31176.0,46472.0,18758.0,16844.0,574100.0,22517.0
Friday,Tenderloin,20,94103.0,66,27170.0,20036.0,14778.0,13098.0,628000.0,43364.0
Friday,Tenderloin,20,94104.0,1,406.0,5232.0,368.0,207.0,1000001.0,48750.0
Friday,Tenderloin,20,94108.0,7,13768.0,50983.0,8843.0,7628.0,856900.0,35427.0
Friday,Tenderloin,20,94109.0,7,55984.0,47129.0,37182.0,33342.0,723200.0,60722.0
Friday,Tenderloin,21,94102.0,14,31176.0,46472.0,18758.0,16844.0,574100.0,22517.0
Friday,Tenderloin,21,94103.0,65,27170.0,20036.0,14778.0,13098.0,628000.0,43364.0
Friday,Tenderloin,21,94104.0,6,406.0,5232.0,368.0,207.0,1000001.0,48750.0
Friday,Tenderloin,21,94108.0,4,13768.0,50983.0,8843.0,7628.0,856900.0,35427.0
Friday,Tenderloin,21,94109.0,2,55984.0,47129.0,37182.0,33342.0,723200.0,60722.0
Friday,Tenderloin,22,94102.0,13,31176.0,46472.0,18758.0,16844.0,574100.0,22517.0
Friday,Tenderloin,22,94103.0,43,27170.0,20036.0,14778.0,13098.0,628000.0,43364.0
Friday,Tenderloin,22,94108.0,4,13768.0,50983.0,8843.0,7628.0,856900.0,35427.0
Friday,Tenderloin,23,94102.0,14,31176.0,46472.0,18758.0,16844.0,574100.0,22517.0
Friday,Tenderloin,23,94103.0,32,27170.0,20036.0,14778.0,13098.0,628000.0,43364.0
Friday,Tenderloin,23,94108.0,8,13768.0,50983.0,8843.0,7628.0,856900.0,35427.0
Friday,Tenderloin,23,94109.0,6,55984.0,47129.0,37182.0,33342.0,723200.0,60722.0
Monday,Bayview,0,94107.0,2,26599.0,14845.0,15141.0,13736.0,719700.0,114439.0
Monday,Bayview,0,94110.0,18,69333.0,29816.0,28913.0,27128.0,768200.0,82111.0
Monday,Bayview,0,94124.0,40,33996.0,6901.0,10812.0,9717.0,470400.0,50146.0
Monday,Bayview,0,94132.0,2,28129.0,9045.0,10769.0,9993.0,733100.0,69223.0
Monday,Bayview,0,94134.0,24,40798.0,17001.0,11867.0,11244.0,547800.0,56716.0
Monday,Bayview,0,94158.0,16,4792.0,7288.0,2482.0,2271.0,643900.0,82195.0
Monday,Bayview,1,94107.0,3,26599.0,14845.0,15141.0,13736.0,719700.0,114439.0
Monday,Bayview,1,94110.0,3,69333.0,29816.0,28913.0,27128.0,768200.0,82111.0
Monday,Bayview,1,94124.0,18,33996.0,6901.0,10812.0,9717.0,470400.0,50146.0
Monday,Bayview,1,94127.0,1,19289.0,10895.0,7801.0,7511.0,916900.0,131351.0
Monday,Bayview,1,94134.0,9,40798.0,17001.0,11867.0,11244.0,547800.0,56716.0
Monday,Bayview,1,94158.0,1,4792.0,7288.0,2482.0,2271.0,643900.0,82195.0
Monday,Bayview,2,94107.0,6,26599.0,14845.0,15141.0,13736.0,719700.0,114439.0
Monday,Bayview,2,94110.0,3,69333.0,29816.0,28913.0,27128.0,768200.0,82111.0
Monday,Bayview,2,94124.0,13,33996.0,6901.0,10812.0,9717.0,470400.0,50146.0
Monday,Bayview,2,94134.0,5,40798.0,17001.0,11867.0,11244.0,547800.0,56716.0
Monday,Bayview,2,94158.0,5,4792.0,7288.0,2482.0,2271.0,643900.0,82195.0
Monday,Bayview,3,94107.0,2,26599.0,14845.0,15141.0,13736.0,719700.0,114439.0
Monday,Bayview,3,94110.0,8,69333.0,29816.0,28913.0,27128.0,768200.0,82111.0
Monday,Bayview,3,94124.0,9,33996.0,6901.0,10812.0,9717.0,470400.0,50146.0
Monday,Bayview,3,94134.0,9,40798.0,17001.0,11867.0,11244.0,547800.0,56716.0
Monday,Bayview,3,94158.0,1,4792.0,7288.0,2482.0,2271.0,643900.0,82195.0
Monday,Bayview,4,94107.0,1,26599.0,14845.0,15141.0,13736.0,719700.0,114439.0
Monday,Bayview,4,94110.0,4,69333.0,29816.0,28913.0,27128.0,768200.0,82111.0
Monday,Bayview,4,94124.0,11,33996.0,6901.0,10812.0,9717.0,470400.0,50146.0
Monday,Bayview,4,94134.0,4,40798.0,17001.0,11867.0,11244.0,547800.0,56716.0
Monday,Bayview,4,94158.0,7,4792.0,7288.0,2482.0,2271.0,643900.0,82195.0
Monday,Bayview,5,94107.0,2,26599.0,14845.0,15141.0,13736.0,719700.0,114439.0
Monday,Bayview,5,94110.0,3,69333.0,29816.0,28913.0,27128.0,768200.0,82111.0
Monday,Bayview,5,94124.0,8,33996.0,6901.0,10812.0,9717.0,470400.0,50146.0
Monday,Bayview,5,94134.0,5,40798.0,17001.0,11867.0,11244.0,547800.0,56716.0
Monday,Bayview,5,94158.0,6,4792.0,7288.0,2482.0,2271.0,643900.0,82195.0
Monday,Bayview,6,94110.0,12,69333.0,29816.0,28913.0,27128.0,768200.0,82111.0
Monday,Bayview,6,94124.0,8,33996.0,6901.0,10812.0,9717.0,470400.0,50146.0
Monday,Bayview,6,94134.0,5,40798.0,17001.0,11867.0,11244.0,547800.0,56716.0
Monday,Bayview,6,94158.0,4,4792.0,7288.0,2482.0,2271.0,643900.0,82195.0
Monday,Bayview,7,94103.0,1,27170.0,20036.0,14778.0,13098.0,628000.0,43364.0
Monday,Bayview,7,94107.0,2,26599.0,14845.0,15141.0,13736.0,719700.0,114439.0
Monday,Bayview,7,94110.0,8,69333.0,29816.0,28913.0,27128.0,768200.0,82111.0
Monday,Bayview,7,94124.0,29,33996.0,6901.0,10812.0,9717.0,470400.0,50146.0
Monday,Bayview,7,94134.0,14,40798.0,17001.0,11867.0,11244.0,547800.0,56716.0
Monday,Bayview,7,94158.0,3,4792.0,7288.0,2482.0,2271.0,643900.0,82195.0
Monday,Bayview,8,94107.0,5,26599.0,14845.0,15141.0,13736.0,719700.0,114439.0
Monday,Bayview,8,94110.0,11,69333.0,29816.0,28913.0,27128.0,768200.0,82111.0
Monday,Bayview,8,94124.0,32,33996.0,6901.0,10812.0,9717.0,470400.0,50146.0
Monday,Bayview,8,94134.0,21,40798.0,17001.0,11867.0,11244.0,547800.0,56716.0
Monday,Bayview,8,94158.0,12,4792.0,7288.0,2482.0,2271.0,643900.0,82195.0
Monday,Bayview,9,94107.0,2,26599.0,14845.0,15141.0,13736.0,719700.0,114439.0
Monday,Bayview,9,94110.0,17,69333.0,29816.0,28913.0,27128.0,768200.0,82111.0
Monday,Bayview,9,94124.0,40,33996.0,6901.0,10812.0,9717.0,470400.0,50146.0
Monday,Bayview,9,94134.0,11,40798.0,17001.0,11867.0,11244.0,547800.0,56716.0
Monday,Bayview,9,94158.0,11,4792.0,7288.0,2482.0,2271.0,643900.0,82195.0
Monday,Bayview,10,94107.0,3,26599.0,14845.0,15141.0,13736.0,719700.0,114439.0
Monday,Bayview,10,94110.0,15,69333.0,29816.0,28913.0,27128.0,768200.0,82111.0
Monday,Bayview,10,94124.0,40,33996.0,6901.0,10812.0,9717.0,470400.0,50146.0
Monday,Bayview,10,94134.0,37,40798.0,17001.0,11867.0,11244.0,547800.0,56716.0
Monday,Bayview,10,94158.0,9,4792.0,7288.0,2482.0,2271.0,643900.0,82195.0
Monday,Bayview,11,94107.0,4,26599.0,14845.0,15141.0,13736.0,719700.0,114439.0
Monday,Bayview,11,94110.0,10,69333.0,29816.0,28913.0,27128.0,768200.0,82111.0
Monday,Bayview,11,94124.0,32,33996.0,6901.0,10812.0,9717.0,470400.0,50146.0
Monday,Bayview,11,94134.0,25,40798.0,17001.0,11867.0,11244.0,547800.0,56716.0
Monday,Bayview,11,94158.0,9,4792.0,7288.0,2482.0,2271.0,643900.0,82195.0
Monday,Bayview,12,94107.0,5,26599.0,14845.0,15141.0,13736.0,719700.0,114439.0
Monday,Bayview,12,94110.0,19,69333.0,29816.0,28913.0,27128.0,768200.0,82111.0
Monday,Bayview,12,94124.0,62,33996.0,6901.0,10812.0,9717.0,470400.0,50146.0
Monday,Bayview,12,94134.0,21,40798.0,17001.0,11867.0,11244.0,547800.0,56716.0
Monday,Bayview,12,94158.0,15,4792.0,7288.0,2482.0,2271.0,643900.0,82195.0
Monday,Bayview,13,94103.0,1,27170.0,20036.0,14778.0,13098.0,628000.0,43364.0
Monday,Bayview,13,94107.0,1,26599.0,14845.0,15141.0,13736.0,719700.0,114439.0
Monday,Bayview,13,94110.0,9,69333.0,29816.0,28913.0,27128.0,768200.0,82111.0
Monday,Bayview,13,94124.0,53,33996.0,6901.0,10812.0,9717.0,470400.0,50146.0
Monday,Bayview,13,94134.0,8,40798.0,17001.0,11867.0,11244.0,547800.0,56716.0
Monday,Bayview,13,94158.0,11,4792.0,7288.0,2482.0,2271.0,643900.0,82195.0
Monday,Bayview,14,94107.0,3,26599.0,14845.0,15141.0,13736.0,719700.0,114439.0
Monday,Bayview,14,94110.0,7,69333.0,29816.0,28913.0,27128.0,768200.0,82111.0
Monday,Bayview,14,94124.0,57,33996.0,6901.0,10812.0,9717.0,470400.0,50146.0
Monday,Bayview,14,94134.0,9,40798.0,17001.0,11867.0,11244.0,547800.0,56716.0
Monday,Bayview,14,94158.0,7,4792.0,7288.0,2482.0,2271.0,643900.0,82195.0
Monday,Bayview,15,94107.0,3,26599.0,14845.0,15141.0,13736.0,719700.0,114439.0
Monday,Bayview,15,94110.0,8,69333.0,29816.0,28913.0,27128.0,768200.0,82111.0
Monday,Bayview,15,94124.0,48,33996.0,6901.0,10812.0,9717.0,470400.0,50146.0
Monday,Bayview,15,94134.0,12,40798.0,17001.0,11867.0,11244.0,547800.0,56716.0
Monday,Bayview,15,94158.0,15,4792.0,7288.0,2482.0,2271.0,643900.0,82195.0
Monday,Bayview,16,94107.0,2,26599.0,14845.0,15141.0,13736.0,719700.0,114439.0
Monday,Bayview,16,94110.0,14,69333.0,29816.0,28913.0,27128.0,768200.0,82111.0
Monday,Bayview,16,94124.0,34,33996.0,6901.0,10812.0,9717.0,470400.0,50146.0
Monday,Bayview,16,94134.0,12,40798.0,17001.0,11867.0,11244.0,547800.0,56716.0
Monday,Bayview,16,94158.0,6,4792.0,7288.0,2482.0,2271.0,643900.0,82195.0
Monday,Bayview,17,94102.0,2,31176.0,46472.0,18758.0,16844.0,574100.0,22517.0
Monday,Bayview,17,94107.0,7,26599.0,14845.0,15141.0,13736.0,719700.0,114439.0
Monday,Bayview,17,94110.0,10,69333.0,29816.0,28913.0,27128.0,768200.0,82111.0
Monday,Bayview,17,94124.0,35,33996.0,6901.0,10812.0,9717.0,470400.0,50146.0
Monday,Bayview,17,94134.0,17,40798.0,17001.0,11867.0,11244.0,547800.0,56716.0
Monday,Bayview,17,94158.0,7,4792.0,7288.0,2482.0,2271.0,643900.0,82195.0
Monday,Bayview,18,94107.0,7,26599.0,14845.0,15141.0,13736.0,719700.0,114439.0
Monday,Bayview,18,94110.0,12,69333.0,29816.0,28913.0,27128.0,768200.0,82111.0
Monday,Bayview,18,94124.0,48,33996.0,6901.0,10812.0,9717.0,470400.0,50146.0
Monday,Bayview,18,94134.0,16,40798.0,17001.0,11867.0,11244.0,547800.0,56716.0
Monday,Bayview,18,94158.0,11,4792.0,7288.0,2482.0,2271.0,643900.0,82195.0
Monday,Bayview,19,94107.0,12,26599.0,14845.0,15141.0,13736.0,719700.0,114439.0
Monday,Bayview,19,94110.0,7,69333.0,29816.0,28913.0,27128.0,768200.0,82111.0
Monday,Bayview,19,94124.0,49,33996.0,6901.0,10812.0,9717.0,470400.0,50146.0
Monday,Bayview,19,94134.0,20,40798.0,17001.0,11867.0,11244.0,547800.0,56716.0
Monday,Bayview,19,94158.0,9,4792.0,7288.0,2482.0,2271.0,643900.0,82195.0
Monday,Bayview,20,94107.0,9,26599.0,14845.0,15141.0,13736.0,719700.0,114439.0
Monday,Bayview,20,94110.0,7,69333.0,29816.0,28913.0,27128.0,768200.0,82111.0
Monday,Bayview,20,94124.0,45,33996.0,6901.0,10812.0,9717.0,470400.0,50146.0
Monday,Bayview,20,94134.0,22,40798.0,17001.0,11867.0,11244.0,547800.0,56716.0
Monday,Bayview,20,94158.0,10,4792.0,7288.0,2482.0,2271.0,643900.0,82195.0
Monday,Bayview,21,94107.0,4,26599.0,14845.0,15141.0,13736.0,719700.0,114439.0
Monday,Bayview,21,94110.0,4,69333.0,29816.0,28913.0,27128.0,768200.0,82111.0
Monday,Bayview,21,94124.0,41,33996.0,6901.0,10812.0,9717.0,470400.0,50146.0
Monday,Bayview,21,94134.0,9,40798.0,17001.0,11867.0,11244.0,547800.0,56716.0
Monday,Bayview,21,94158.0,12,4792.0,7288.0,2482.0,2271.0,643900.0,82195.0
Monday,Bayview,22,94107.0,1,26599.0,14845.0,15141.0,13736.0,719700.0,114439.0
Monday,Bayview,22,94110.0,3,69333.0,29816.0,28913.0,27128.0,768200.0,82111.0
Monday,Bayview,22,94124.0,38,33996.0,6901.0,10812.0,9717.0,470400.0,50146.0
Monday,Bayview,22,94134.0,25,40798.0,17001.0,11867.0,11244.0,547800.0,56716.0
Monday,Bayview,22,94158.0,9,4792.0,7288.0,2482.0,2271.0,643900.0,82195.0
Monday,Bayview,23,94110.0,8,69333.0,29816.0,28913.0,27128.0,768200.0,82111.0
Monday,Bayview,23,94124.0,39,33996.0,6901.0,10812.0,9717.0,470400.0,50146.0
Monday,Bayview,23,94134.0,11,40798.0,17001.0,11867.0,11244.0,547800.0,56716.0
Monday,Bayview,23,94158.0,8,4792.0,7288.0,2482.0,2271.0,643900.0,82195.0
Monday,Central,0,94103.0,1,27170.0,20036.0,14778.0,13098.0,628000.0,43364.0
Monday,Central,0,94104.0,31,406.0,5232.0,368.0,207.0,1000001.0,48750.0
Monday,Central,0,94105.0,1,5846.0,15826.0,4601.0,3586.0,740900.0,163949.0
Monday,Central,0,94108.0,69,13768.0,50983.0,8843.0,7628.0,856900.0,35427.0
Monday,Central,0,94109.0,19,55984.0,47129.0,37182.0,33342.0,723200.0,60722.0
Monday,Central,0,94111.0,15,3713.0,10791.0,2811.0,2365.0,882000.0,89722.0
Monday,Central,0,94123.0,1,23088.0,22622.0,15083.0,13717.0,1000001.0,112650.0
Monday,Central,0,94129.0,1,3183.0,1381.0,1132.0,1086.0,,143320.0
Monday,Central,1,94104.0,17,406.0,5232.0,368.0,207.0,1000001.0,48750.0
Monday,Central,1,94105.0,1,5846.0,15826.0,4601.0,3586.0,740900.0,163949.0
Monday,Central,1,94108.0,27,13768.0,50983.0,8843.0,7628.0,856900.0,35427.0
Monday,Central,1,94109.0,10,55984.0,47129.0,37182.0,33342.0,723200.0,60722.0
Monday,Central,1,94111.0,11,3713.0,10791.0,2811.0,2365.0,882000.0,89722.0
Monday,Central,2,94103.0,1,27170.0,20036.0,14778.0,13098.0,628000.0,43364.0
Monday,Central,2,94104.0,13,406.0,5232.0,368.0,207.0,1000001.0,48750.0
Monday,Central,2,94105.0,5,5846.0,15826.0,4601.0,3586.0,740900.0,163949.0
Monday,Central,2,94108.0,37,13768.0,50983.0,8843.0,7628.0,856900.0,35427.0
Monday,Central,2,94109.0,10,55984.0,47129.0,37182.0,33342.0,723200.0,60722.0
Monday,Central,2,94111.0,13,3713.0,10791.0,2811.0,2365.0,882000.0,89722.0
Monday,Central,3,94104.0,8,406.0,5232.0,368.0,207.0,1000001.0,48750.0
Monday,Central,3,94105.0,2,5846.0,15826.0,4601.0,3586.0,740900.0,163949.0
Monday,Central,3,94108.0,16,13768.0,50983.0,8843.0,7628.0,856900.0,35427.0
Monday,Central,3,94109.0,5,55984.0,47129.0,37182.0,33342.0,723200.0,60722.0
Monday,Central,3,94111.0,11,3713.0,10791.0,2811.0,2365.0,882000.0,89722.0
Monday,Central,4,94104.0,16,406.0,5232.0,368.0,207.0,1000001.0,48750.0
Monday,Central,4,94105.0,2,5846.0,15826.0,4601.0,3586.0,740900.0,163949.0
Monday,Central,4,94108.0,19,13768.0,50983.0,8843.0,7628.0,856900.0,35427.0
Monday,Central,4,94109.0,1,55984.0,47129.0,37182.0,33342.0,723200.0,60722.0
Monday,Central,4,94111.0,8,3713.0,10791.0,2811.0,2365.0,882000.0,89722.0
Monday,Central,5,94104.0,9,406.0,5232.0,368.0,207.0,1000001.0,48750.0
Monday,Central,5,94105.0,1,5846.0,15826.0,4601.0,3586.0,740900.0,163949.0
Monday,Central,5,94108.0,11,13768.0,50983.0,8843.0,7628.0,856900.0,35427.0
Monday,Central,5,94109.0,10,55984.0,47129.0,37182.0,33342.0,723200.0,60722.0
Monday,Central,5,94111.0,4,3713.0,10791.0,2811.0,2365.0,882000.0,89722.0
Monday,Central,5,94124.0,1,33996.0,6901.0,10812.0,9717.0,470400.0,50146.0
Monday,Central,6,94104.0,24,406.0,5232.0,368.0,207.0,1000001.0,48750.0
Monday,Central,6,94105.0,2,5846.0,15826.0,4601.0,3586.0,740900.0,163949.0
Monday,Central,6,94108.0,19,13768.0,50983.0,8843.0,7628.0,856900.0,35427.0
Monday,Central,6,94109.0,14,55984.0,47129.0,37182.0,33342.0,723200.0,60722.0
Monday,Central,6,94111.0,6,3713.0,10791.0,2811.0,2365.0,882000.0,89722.0
Monday,Central,6,94124.0,2,33996.0,6901.0,10812.0,9717.0,470400.0,50146.0
Monday,Central,7,94104.0,18,406.0,5232.0,368.0,207.0,1000001.0,48750.0
Monday,Central,7,94105.0,1,5846.0,15826.0,4601.0,3586.0,740900.0,163949.0
Monday,Central,7,94108.0,17,13768.0,50983.0,8843.0,7628.0,856900.0,35427.0
Monday,Central,7,94109.0,7,55984.0,47129.0,37182.0,33342.0,723200.0,60722.0
Monday,Central,7,94111.0,13,3713.0,10791.0,2811.0,2365.0,882000.0,89722.0
Monday,Central,7,94129.0,2,3183.0,1381.0,1132.0,1086.0,,143320.0
Monday,Central,8,94104.0,31,406.0,5232.0,368.0,207.0,1000001.0,48750.0
Monday,Central,8,94105.0,3,5846.0,15826.0,4601.0,3586.0,740900.0,163949.0
Monday,Central,8,94108.0,32,13768.0,50983.0,8843.0,7628.0,856900.0,35427.0
Monday,Central,8,94109.0,17,55984.0,47129.0,37182.0,33342.0,723200.0,60722.0
Monday,Central,8,94111.0,35,3713.0,10791.0,2811.0,2365.0,882000.0,89722.0
Monday,Central,8,94124.0,1,33996.0,6901.0,10812.0,9717.0,470400.0,50146.0
Monday,Central,8,94130.0,1,2880.0,3196.0,786.0,656.0,,37500.0
Monday,Central,9,94103.0,1,27170.0,20036.0,14778.0,13098.0,628000.0,43364.0
Monday,Central,9,94104.0,21,406.0,5232.0,368.0,207.0,1000001.0,48750.0
Monday,Central,9,94105.0,10,5846.0,15826.0,4601.0,3586.0,740900.0,163949.0
Monday,Central,9,94108.0,23,13768.0,50983.0,8843.0,7628.0,856900.0,35427.0
Monday,Central,9,94109.0,20,55984.0,47129.0,37182.0,33342.0,723200.0,60722.0
Monday,Central,9,94111.0,20,3713.0,10791.0,2811.0,2365.0,882000.0,89722.0
Monday,Central,9,94129.0,2,3183.0,1381.0,1132.0,1086.0,,143320.0
Monday,Central,9,94158.0,1,4792.0,7288.0,2482.0,2271.0,643900.0,82195.0
Monday,Central,10,94104.0,34,406.0,5232.0,368.0,207.0,1000001.0,48750.0
Monday,Central,10,94105.0,7,5846.0,15826.0,4601.0,3586.0,740900.0,163949.0
Monday,Central,10,94108.0,34,13768.0,50983.0,8843.0,7628.0,856900.0,35427.0
Monday,Central,10,94109.0,13,55984.0,47129.0,37182.0,33342.0,723200.0,60722.0
Monday,Central,10,94111.0,39,3713.0,10791.0,2811.0,2365.0,882000.0,89722.0
Monday,Central,10,94123.0,1,23088.0,22622.0,15083.0,13717.0,1000001.0,112650.0
Monday,Central,10,94129.0,1,3183.0,1381.0,1132.0,1086.0,,143320.0
Monday,Central,10,94158.0,3,4792.0,7288.0,2482.0,2271.0,643900.0,82195.0
Monday,Central,11,94104.0,32,406.0,5232.0,368.0,207.0,1000001.0,48750.0
Monday,Central,11,94105.0,7,5846.0,15826.0,4601.0,3586.0,740900.0,163949.0
Monday,Central,11,94108.0,35,13768.0,50983.0,8843.0,7628.0,856900.0,35427.0
Monday,Central,11,94109.0,15,55984.0,47129.0,37182.0,33342.0,723200.0,60722.0
Monday,Central,11,94111.0,69,3713.0,10791.0,2811.0,2365.0,882000.0,89722.0
Monday,Central,11,94124.0,1,33996.0,6901.0,10812.0,9717.0,470400.0,50146.0
Monday,Central,11,94129.0,2,3183.0,1381.0,1132.0,1086.0,,143320.0
Monday,Central,11,94158.0,1,4792.0,7288.0,2482.0,2271.0,643900.0,82195.0
Monday,Central,12,94102.0,3,31176.0,46472.0,18758.0,16844.0,574100.0,22517.0
Monday,Central,12,94103.0,1,27170.0,20036.0,14778.0,13098.0,628000.0,43364.0
Monday,Central,12,94104.0,52,406.0,5232.0,368.0,207.0,1000001.0,48750.0
Monday,Central,12,94105.0,13,5846.0,15826.0,4601.0,3586.0,740900.0,163949.0
Monday,Central,12,94107.0,1,26599.0,14845.0,15141.0,13736.0,719700.0,114439.0
Monday,Central,12,94108.0,81,13768.0,50983.0,8843.0,7628.0,856900.0,35427.0
Monday,Central,12,94109.0,14,55984.0,47129.0,37182.0,33342.0,723200.0,60722.0
Monday,Central,12,94111.0,78,3713.0,10791.0,2811.0,2365.0,882000.0,89722.0
Monday,Central,12,94129.0,2,3183.0,1381.0,1132.0,1086.0,,143320.0
Monday,Central,13,94103.0,3,27170.0,20036.0,14778.0,13098.0,628000.0,43364.0
Monday,Central,13,94104.0,66,406.0,5232.0,368.0,207.0,1000001.0,48750.0
Monday,Central,13,94105.0,5,5846.0,15826.0,4601.0,3586.0,740900.0,163949.0
Monday,Central,13,94108.0,67,13768.0,50983.0,8843.0,7628.0,856900.0,35427.0
Monday,Central,13,94109.0,21,55984.0,47129.0,37182.0,33342.0,723200.0,60722.0
Monday,Central,13,94111.0,68,3713.0,10791.0,2811.0,2365.0,882000.0,89722.0
Monday,Central,13,94115.0,1,33021.0,29596.0,18884.0,17289.0,965800.0,76952.0
Monday,Central,13,94123.0,1,23088.0,22622.0,15083.0,13717.0,1000001.0,112650.0
Monday,Central,13,94124.0,1,33996.0,6901.0,10812.0,9717.0,470400.0,50146.0
Monday,Central,13,94129.0,2,3183.0,1381.0,1132.0,1086.0,,143320.0
Monday,Central,14,94103.0,1,27170.0,20036.0,14778.0,13098.0,628000.0,43364.0
Monday,Central,14,94104.0,45,406.0,5232.0,368.0,207.0,1000001.0,48750.0
Monday,Central,14,94105.0,4,5846.0,15826.0,4601.0,3586.0,740900.0,163949.0
Monday,Central,14,94108.0,60,13768.0,50983.0,8843.0,7628.0,856900.0,35427.0
Monday,Central,14,94109.0,12,55984.0,47129.0,37182.0,33342.0,723200.0,60722.0
Monday,Central,14,94111.0,63,3713.0,10791.0,2811.0,2365.0,882000.0,89722.0
Monday,Central,14,94123.0,2,23088.0,22622.0,15083.0,13717.0,1000001.0,112650.0
Monday,Central,14,94129.0,2,3183.0,1381.0,1132.0,1086.0,,143320.0
Monday,Central,15,94104.0,38,406.0,5232.0,368.0,207.0,1000001.0,48750.0
Monday,Central,15,94105.0,1,5846.0,15826.0,4601.0,3586.0,740900.0,163949.0
Monday,Central,15,94108.0,48,13768.0,50983.0,8843.0,7628.0,856900.0,35427.0
Monday,Central,15,94109.0,18,55984.0,47129.0,37182.0,33342.0,723200.0,60722.0
Monday,Central,15,94111.0,50,3713.0,10791.0,2811.0,2365.0,882000.0,89722.0
Monday,Central,15,94123.0,2,23088.0,22622.0,15083.0,13717.0,1000001.0,112650.0
Monday,Central,16,94104.0,45,406.0,5232.0,368.0,207.0,1000001.0,48750.0
Monday,Central,16,94105.0,10,5846.0,15826.0,4601.0,3586.0,740900.0,163949.0
Monday,Central,16,94108.0,72,13768.0,50983.0,8843.0,7628.0,856900.0,35427.0
Monday,Central,16,94109.0,21,55984.0,47129.0,37182.0,33342.0,723200.0,60722.0
Monday,Central,16,94111.0,56,3713.0,10791.0,2811.0,2365.0,882000.0,89722.0
Monday,Central,16,94116.0,1,43698.0,16901.0,16283.0,15445.0,734400.0,83407.0
Monday,Central,17,94104.0,65,406.0,5232.0,368.0,207.0,1000001.0,48750.0
Monday,Central,17,94105.0,10,5846.0,15826.0,4601.0,3586.0,740900.0,163949.0
Monday,Central,17,94108.0,67,13768.0,50983.0,8843.0,7628.0,856900.0,35427.0
Monday,Central,17,94109.0,16,55984.0,47129.0,37182.0,33342.0,723200.0,60722.0
Monday,Central,17,94111.0,72,3713.0,10791.0,2811.0,2365.0,882000.0,89722.0
Monday,Central,17,94115.0,1,33021.0,29596.0,18884.0,17289.0,965800.0,76952.0
Monday,Central,17,94129.0,1,3183.0,1381.0,1132.0,1086.0,,143320.0
Monday,Central,18,94104.0,54,406.0,5232.0,368.0,207.0,1000001.0,48750.0
Monday,Central,18,94105.0,1,5846.0,15826.0,4601.0,3586.0,740900.0,163949.0
Monday,Central,18,94108.0,62,13768.0,50983.0,8843.0,7628.0,856900.0,35427.0
Monday,Central,18,94109.0,13,55984.0,47129.0,37182.0,33342.0,723200.0,60722.0
Monday,Central,18,94111.0,81,3713.0,10791.0,2811.0,2365.0,882000.0,89722.0
Monday,Central,18,94129.0,1,3183.0,1381.0,1132.0,1086.0,,143320.0
Monday,Central,19,94104.0,49,406.0,5232.0,368.0,207.0,1000001.0,48750.0
Monday,Central,19,94105.0,9,5846.0,15826.0,4601.0,3586.0,740900.0,163949.0
Monday,Central,19,94108.0,48,13768.0,50983.0,8843.0,7628.0,856900.0,35427.0
Monday,Central,19,94109.0,11,55984.0,47129.0,37182.0,33342.0,723200.0,60722.0
Monday,Central,19,94111.0,82,3713.0,10791.0,2811.0,2365.0,882000.0,89722.0
Monday,Central,19,94123.0,2,23088.0,22622.0,15083.0,13717.0,1000001.0,112650.0
Monday,Central,19,94129.0,4,3183.0,1381.0,1132.0,1086.0,,143320.0
Monday,Central,20,94104.0,46,406.0,5232.0,368.0,207.0,1000001.0,48750.0
Monday,Central,20,94105.0,8,5846.0,15826.0,4601.0,3586.0,740900.0,163949.0
Monday,Central,20,94108.0,64,13768.0,50983.0,8843.0,7628.0,856900.0,35427.0
Monday,Central,20,94109.0,10,55984.0,47129.0,37182.0,33342.0,723200.0,60722.0
Monday,Central,20,94111.0,62,3713.0,10791.0,2811.0,2365.0,882000.0,89722.0
Monday,Central,20,94129.0,1,3183.0,1381.0,1132.0,1086.0,,143320.0
Monday,Central,21,94104.0,38,406.0,5232.0,368.0,207.0,1000001.0,48750.0
Monday,Central,21,94105.0,3,5846.0,15826.0,4601.0,3586.0,740900.0,163949.0
Monday,Central,21,94108.0,48,13768.0,50983.0,8843.0,7628.0,856900.0,35427.0
Monday,Central,21,94109.0,19,55984.0,47129.0,37182.0,33342.0,723200.0,60722.0
Monday,Central,21,94110.0,3,69333.0,29816.0,28913.0,27128.0,768200.0,82111.0
Monday,Central,21,94111.0,47,3713.0,10791.0,2811.0,2365.0,882000.0,89722.0
Monday,Central,22,94104.0,30,406.0,5232.0,368.0,207.0,1000001.0,48750.0
Monday,Central,22,94105.0,4,5846.0,15826.0,4601.0,3586.0,740900.0,163949.0
Monday,Central,22,94108.0,29,13768.0,50983.0,8843.0,7628.0,856900.0,35427.0
Monday,Central,22,94109.0,19,55984.0,47129.0,37182.0,33342.0,723200.0,60722.0
Monday,Central,22,94111.0,41,3713.0,10791.0,2811.0,2365.0,882000.0,89722.0
Monday,Central,23,94104.0,27,406.0,5232.0,368.0,207.0,1000001.0,48750.0
Monday,Central,23,94105.0,1,5846.0,15826.0,4601.0,3586.0,740900.0,163949.0
Monday,Central,23,94108.0,31,13768.0,50983.0,8843.0,7628.0,856900.0,35427.0
Monday,Central,23,94109.0,16,55984.0,47129.0,37182.0,33342.0,723200.0,60722.0
Monday,Central,23,94111.0,23,3713.0,10791.0,2811.0,2365.0,882000.0,89722.0
Monday,Central,23,94122.0,1,56023.0,23699.0,23633.0,22162.0,774500.0,81768.0
Monday,Central,23,94129.0,3,3183.0,1381.0,1132.0,1086.0,,143320.0
Monday,Ingleside,0,94110.0,9,69333.0,29816.0,28913.0,27128.0,768200.0,82111.0
Monday,Ingleside,0,94112.0,32,79407.0,23606.0,23081.0,21975.0,602400.0,71625.0
Monday,Ingleside,0,94127.0,7,19289.0,10895.0,7801.0,7511.0,916900.0,131351.0
Monday,Ingleside,0,94131.0,8,26881.0,12926.0,13427.0,12618.0,859700.0,96889.0
Monday,Ingleside,0,94134.0,14,40798.0,17001.0,11867.0,11244.0,547800.0,56716.0
Monday,Ingleside,1,94110.0,20,69333.0,29816.0,28913.0,27128.0,768200.0,82111.0
Monday,Ingleside,1,94112.0,13,79407.0,23606.0,23081.0,21975.0,602400.0,71625.0
Monday,Ingleside,1,94127.0,2,19289.0,10895.0,7801.0,7511.0,916900.0,131351.0
Monday,Ingleside,1,94131.0,3,26881.0,12926.0,13427.0,12618.0,859700.0,96889.0
Monday,Ingleside,1,94132.0,2,28129.0,9045.0,10769.0,9993.0,733100.0,69223.0
Monday,Ingleside,1,94134.0,9,40798.0,17001.0,11867.0,11244.0,547800.0,56716.0
Monday,Ingleside,2,94110.0,7,69333.0,29816.0,28913.0,27128.0,768200.0,82111.0
Monday,Ingleside,2,94112.0,9,79407.0,23606.0,23081.0,21975.0,602400.0,71625.0
Monday,Ingleside,2,94127.0,2,19289.0,10895.0,7801.0,7511.0,916900.0,131351.0
Monday,Ingleside,2,94131.0,2,26881.0,12926.0,13427.0,12618.0,859700.0,96889.0
Monday,Ingleside,2,94134.0,8,40798.0,17001.0,11867.0,11244.0,547800.0,56716.0
Monday,Ingleside,3,94110.0,4,69333.0,29816.0,28913.0,27128.0,768200.0,82111.0
Monday,Ingleside,3,94112.0,7,79407.0,23606.0,23081.0,21975.0,602400.0,71625.0
Monday,Ingleside,3,94131.0,2,26881.0,12926.0,13427.0,12618.0,859700.0,96889.0
Monday,Ingleside,3,94134.0,1,40798.0,17001.0,11867.0,11244.0,547800.0,56716.0
Monday,Ingleside,4,94110.0,7,69333.0,29816.0,28913.0,27128.0,768200.0,82111.0
Monday,Ingleside,4,94112.0,7,79407.0,23606.0,23081.0,21975.0,602400.0,71625.0
Monday,Ingleside,4,94127.0,3,19289.0,10895.0,7801.0,7511.0,916900.0,131351.0
Monday,Ingleside,4,94134.0,3,40798.0,17001.0,11867.0,11244.0,547800.0,56716.0
Monday,Ingleside,5,94110.0,2,69333.0,29816.0,28913.0,27128.0,768200.0,82111.0
Monday,Ingleside,5,94112.0,9,79407.0,23606.0,23081.0,21975.0,602400.0,71625.0
Monday,Ingleside,5,94131.0,2,26881.0,12926.0,13427.0,12618.0,859700.0,96889.0
Monday,Ingleside,5,94134.0,4,40798.0,17001.0,11867.0,11244.0,547800.0,56716.0
Monday,Ingleside,6,94109.0,1,55984.0,47129.0,37182.0,33342.0,723200.0,60722.0
Monday,Ingleside,6,94110.0,8,69333.0,29816.0,28913.0,27128.0,768200.0,82111.0
Monday,Ingleside,6,94112.0,16,79407.0,23606.0,23081.0,21975.0,602400.0,71625.0
Monday,Ingleside,6,94127.0,1,19289.0,10895.0,7801.0,7511.0,916900.0,131351.0
Monday,Ingleside,6,94131.0,2,26881.0,12926.0,13427.0,12618.0,859700.0,96889.0
Monday,Ingleside,6,94134.0,10,40798.0,17001.0,11867.0,11244.0,547800.0,56716.0
Monday,Ingleside,7,94110.0,6,69333.0,29816.0,28913.0,27128.0,768200.0,82111.0
Monday,Ingleside,7,94112.0,15,79407.0,23606.0,23081.0,21975.0,602400.0,71625.0
Monday,Ingleside,7,94127.0,5,19289.0,10895.0,7801.0,7511.0,916900.0,131351.0
Monday,Ingleside,7,94131.0,1,26881.0,12926.0,13427.0,12618.0,859700.0,96889.0
Monday,Ingleside,7,94134.0,12,40798.0,17001.0,11867.0,11244.0,547800.0,56716.0
Monday,Ingleside,8,94102.0,1,31176.0,46472.0,18758.0,16844.0,574100.0,22517.0
Monday,Ingleside,8,94103.0,1,27170.0,20036.0,14778.0,13098.0,628000.0,43364.0
Monday,Ingleside,8,94110.0,16,69333.0,29816.0,28913.0,27128.0,768200.0,82111.0
Monday,Ingleside,8,94112.0,18,79407.0,23606.0,23081.0,21975.0,602400.0,71625.0
Monday,Ingleside,8,94127.0,10,19289.0,10895.0,7801.0,7511.0,916900.0,131351.0
Monday,Ingleside,8,94131.0,3,26881.0,12926.0,13427.0,12618.0,859700.0,96889.0
Monday,Ingleside,8,94134.0,15,40798.0,17001.0,11867.0,11244.0,547800.0,56716.0
Monday,Ingleside,9,94103.0,1,27170.0,20036.0,14778.0,13098.0,628000.0,43364.0
Monday,Ingleside,9,94110.0,14,69333.0,29816.0,28913.0,27128.0,768200.0,82111.0
Monday,Ingleside,9,94112.0,37,79407.0,23606.0,23081.0,21975.0,602400.0,71625.0
Monday,Ingleside,9,94116.0,1,43698.0,16901.0,16283.0,15445.0,734400.0,83407.0
Monday,Ingleside,9,94127.0,2,19289.0,10895.0,7801.0,7511.0,916900.0,131351.0
Monday,Ingleside,9,94131.0,3,26881.0,12926.0,13427.0,12618.0,859700.0,96889.0
Monday,Ingleside,9,94134.0,12,40798.0,17001.0,11867.0,11244.0,547800.0,56716.0
Monday,Ingleside,10,94103.0,1,27170.0,20036.0,14778.0,13098.0,628000.0,43364.0
Monday,Ingleside,10,94110.0,15,69333.0,29816.0,28913.0,27128.0,768200.0,82111.0
Monday,Ingleside,10,94112.0,34,79407.0,23606.0,23081.0,21975.0,602400.0,71625.0
Monday,Ingleside,10,94127.0,4,19289.0,10895.0,7801.0,7511.0,916900.0,131351.0
Monday,Ingleside,10,94131.0,2,26881.0,12926.0,13427.0,12618.0,859700.0,96889.0
Monday,Ingleside,10,94134.0,17,40798.0,17001.0,11867.0,11244.0,547800.0,56716.0
Monday,Ingleside,11,94110.0,14,69333.0,29816.0,28913.0,27128.0,768200.0,82111.0
Monday,Ingleside,11,94112.0,23,79407.0,23606.0,23081.0,21975.0,602400.0,71625.0
Monday,Ingleside,11,94127.0,4,19289.0,10895.0,7801.0,7511.0,916900.0,131351.0
Monday,Ingleside,11,94131.0,6,26881.0,12926.0,13427.0,12618.0,859700.0,96889.0
Monday,Ingleside,11,94134.0,28,40798.0,17001.0,11867.0,11244.0,547800.0,56716.0
Monday,Ingleside,12,94103.0,1,27170.0,20036.0,14778.0,13098.0,628000.0,43364.0
Monday,Ingleside,12,94110.0,26,69333.0,29816.0,28913.0,27128.0,768200.0,82111.0
Monday,Ingleside,12,94112.0,64,79407.0,23606.0,23081.0,21975.0,602400.0,71625.0
Monday,Ingleside,12,94127.0,11,19289.0,10895.0,7801.0,7511.0,916900.0,131351.0
Monday,Ingleside,12,94131.0,8,26881.0,12926.0,13427.0,12618.0,859700.0,96889.0
Monday,Ingleside,12,94134.0,21,40798.0,17001.0,11867.0,11244.0,547800.0,56716.0
Monday,Ingleside,13,94103.0,1,27170.0,20036.0,14778.0,13098.0,628000.0,43364.0
Monday,Ingleside,13,94110.0,13,69333.0,29816.0,28913.0,27128.0,768200.0,82111.0
Monday,Ingleside,13,94112.0,38,79407.0,23606.0,23081.0,21975.0,602400.0,71625.0
Monday,Ingleside,13,94127.0,1,19289.0,10895.0,7801.0,7511.0,916900.0,131351.0
Monday,Ingleside,13,94131.0,4,26881.0,12926.0,13427.0,12618.0,859700.0,96889.0
Monday,Ingleside,13,94134.0,11,40798.0,17001.0,11867.0,11244.0,547800.0,56716.0
Monday,Ingleside,14,94103.0,1,27170.0,20036.0,14778.0,13098.0,628000.0,43364.0
Monday,Ingleside,14,94110.0,16,69333.0,29816.0,28913.0,27128.0,768200.0,82111.0
Monday,Ingleside,14,94112.0,35,79407.0,23606.0,23081.0,21975.0,602400.0,71625.0
Monday,Ingleside,14,94122.0,1,56023.0,23699.0,23633.0,22162.0,774500.0,81768.0
Monday,Ingleside,14,94127.0,4,19289.0,10895.0,7801.0,7511.0,916900.0,131351.0
Monday,Ingleside,14,94131.0,6,26881.0,12926.0,13427.0,12618.0,859700.0,96889.0
Monday,Ingleside,14,94134.0,24,40798.0,17001.0,11867.0,11244.0,547800.0,56716.0
Monday,Ingleside,15,94110.0,23,69333.0,29816.0,28913.0,27128.0,768200.0,82111.0
Monday,Ingleside,15,94112.0,53,79407.0,23606.0,23081.0,21975.0,602400.0,71625.0
Monday,Ingleside,15,94127.0,3,19289.0,10895.0,7801.0,7511.0,916900.0,131351.0
Monday,Ingleside,15,94131.0,3,26881.0,12926.0,13427.0,12618.0,859700.0,96889.0
Monday,Ingleside,15,94134.0,13,40798.0,17001.0,11867.0,11244.0,547800.0,56716.0
Monday,Ingleside,16,94107.0,1,26599.0,14845.0,15141.0,13736.0,719700.0,114439.0
Monday,Ingleside,16,94110.0,24,69333.0,29816.0,28913.0,27128.0,768200.0,82111.0
Monday,Ingleside,16,94112.0,40,79407.0,23606.0,23081.0,21975.0,602400.0,71625.0
Monday,Ingleside,16,94127.0,4,19289.0,10895.0,7801.0,7511.0,916900.0,131351.0
Monday,Ingleside,16,94131.0,12,26881.0,12926.0,13427.0,12618.0,859700.0,96889.0
Monday,Ingleside,16,94134.0,24,40798.0,17001.0,11867.0,11244.0,547800.0,56716.0
Monday,Ingleside,17,94110.0,24,69333.0,29816.0,28913.0,27128.0,768200.0,82111.0
Monday,Ingleside,17,94112.0,41,79407.0,23606.0,23081.0,21975.0,602400.0,71625.0
Monday,Ingleside,17,94127.0,4,19289.0,10895.0,7801.0,7511.0,916900.0,131351.0
Monday,Ingleside,17,94131.0,5,26881.0,12926.0,13427.0,12618.0,859700.0,96889.0
Monday,Ingleside,17,94134.0,12,40798.0,17001.0,11867.0,11244.0,547800.0,56716.0
Monday,Ingleside,17,94158.0,2,4792.0,7288.0,2482.0,2271.0,643900.0,82195.0
Monday,Ingleside,18,94110.0,16,69333.0,29816.0,28913.0,27128.0,768200.0,82111.0
Monday,Ingleside,18,94112.0,25,79407.0,23606.0,23081.0,21975.0,602400.0,71625.0
Monday,Ingleside,18,94127.0,7,19289.0,10895.0,7801.0,7511.0,916900.0,131351.0
Monday,Ingleside,18,94131.0,6,26881.0,12926.0,13427.0,12618.0,859700.0,96889.0
Monday,Ingleside,18,94134.0,21,40798.0,17001.0,11867.0,11244.0,547800.0,56716.0
Monday,Ingleside,19,94110.0,21,69333.0,29816.0,28913.0,27128.0,768200.0,82111.0
Monday,Ingleside,19,94112.0,31,79407.0,23606.0,23081.0,21975.0,602400.0,71625.0
Monday,Ingleside,19,94114.0,1,31124.0,21837.0,17634.0,16281.0,1000001.0,114689.0
Monday,Ingleside,19,94127.0,4,19289.0,10895.0,7801.0,7511.0,916900.0,131351.0
Monday,Ingleside,19,94131.0,9,26881.0,12926.0,13427.0,12618.0,859700.0,96889.0
Monday,Ingleside,19,94134.0,15,40798.0,17001.0,11867.0,11244.0,547800.0,56716.0
Monday,Ingleside,20,94103.0,1,27170.0,20036.0,14778.0,13098.0,628000.0,43364.0
Monday,Ingleside,20,94110.0,22,69333.0,29816.0,28913.0,27128.0,768200.0,82111.0
Monday,Ingleside,20,94112.0,29,79407.0,23606.0,23081.0,21975.0,602400.0,71625.0
Monday,Ingleside,20,94127.0,1,19289.0,10895.0,7801.0,7511.0,916900.0,131351.0
Monday,Ingleside,20,94131.0,1,26881.0,12926.0,13427.0,12618.0,859700.0,96889.0
Monday,Ingleside,20,94134.0,22,40798.0,17001.0,11867.0,11244.0,547800.0,56716.0
Monday,Ingleside,21,94110.0,15,69333.0,29816.0,28913.0,27128.0,768200.0,82111.0
Monday,Ingleside,21,94112.0,32,79407.0,23606.0,23081.0,21975.0,602400.0,71625.0
Monday,Ingleside,21,94127.0,1,19289.0,10895.0,7801.0,7511.0,916900.0,131351.0
Monday,Ingleside,21,94131.0,4,26881.0,12926.0,13427.0,12618.0,859700.0,96889.0
Monday,Ingleside,21,94134.0,16,40798.0,17001.0,11867.0,11244.0,547800.0,56716.0
Monday,Ingleside,22,94103.0,1,27170.0,20036.0,14778.0,13098.0,628000.0,43364.0
Monday,Ingleside,22,94110.0,16,69333.0,29816.0,28913.0,27128.0,768200.0,82111.0
Monday,Ingleside,22,94112.0,33,79407.0,23606.0,23081.0,21975.0,602400.0,71625.0
Monday,Ingleside,22,94116.0,1,43698.0,16901.0,16283.0,15445.0,734400.0,83407.0
Monday,Ingleside,22,94127.0,3,19289.0,10895.0,7801.0,7511.0,916900.0,131351.0
Monday,Ingleside,22,94132.0,1,28129.0,9045.0,10769.0,9993.0,733100.0,69223.0
Monday,Ingleside,22,94134.0,19,40798.0,17001.0,11867.0,11244.0,547800.0,56716.0
Monday,Ingleside,23,94110.0,5,69333.0,29816.0,28913.0,27128.0,768200.0,82111.0
Monday,Ingleside,23,94112.0,25,79407.0,23606.0,23081.0,21975.0,602400.0,71625.0
Monday,Ingleside,23,94127.0,3,19289.0,10895.0,7801.0,7511.0,916900.0,131351.0
Monday,Ingleside,23,94131.0,4,26881.0,12926.0,13427.0,12618.0,859700.0,96889.0
Monday,Ingleside,23,94134.0,9,40798.0,17001.0,11867.0,11244.0,547800.0,56716.0
Monday,Mission,0,94102.0,19,31176.0,46472.0,18758.0,16844.0,574100.0,22517.0
Monday,Mission,0,94103.0,9,27170.0,20036.0,14778.0,13098.0,628000.0,43364.0
Monday,Mission,0,94110.0,95,69333.0,29816.0,28913.0,27128.0,768200.0,82111.0
Monday,Mission,0,94114.0,25,31124.0,21837.0,17634.0,16281.0,1000001.0,114689.0
Monday,Mission,0,94117.0,12,39169.0,23211.0,19255.0,17939.0,911500.0,94479.0
Monday,Mission,0,94124.0,4,33996.0,6901.0,10812.0,9717.0,470400.0,50146.0
Monday,Mission,0,94131.0,7,26881.0,12926.0,13427.0,12618.0,859700.0,96889.0
Monday,Mission,0,94158.0,4,4792.0,7288.0,2482.0,2271.0,643900.0,82195.0
Monday,Mission,1,94102.0,6,31176.0,46472.0,18758.0,16844.0,574100.0,22517.0
Monday,Mission,1,94110.0,46,69333.0,29816.0,28913.0,27128.0,768200.0,82111.0
Monday,Mission,1,94114.0,17,31124.0,21837.0,17634.0,16281.0,1000001.0,114689.0
Monday,Mission,1,94117.0,7,39169.0,23211.0,19255.0,17939.0,911500.0,94479.0
Monday,Mission,1,94158.0,5,4792.0,7288.0,2482.0,2271.0,643900.0,82195.0
Monday,Mission,2,94102.0,7,31176.0,46472.0,18758.0,16844.0,574100.0,22517.0
Monday,Mission,2,94110.0,47,69333.0,29816.0,28913.0,27128.0,768200.0,82111.0
Monday,Mission,2,94114.0,17,31124.0,21837.0,17634.0,16281.0,1000001.0,114689.0
Monday,Mission,2,94117.0,2,39169.0,23211.0,19255.0,17939.0,911500.0,94479.0
Monday,Mission,2,94131.0,2,26881.0,12926.0,13427.0,12618.0,859700.0,96889.0
Monday,Mission,2,94158.0,1,4792.0,7288.0,2482.0,2271.0,643900.0,82195.0
Monday,Mission,3,94102.0,8,31176.0,46472.0,18758.0,16844.0,574100.0,22517.0
Monday,Mission,3,94110.0,33,69333.0,29816.0,28913.0,27128.0,768200.0,82111.0
Monday,Mission,3,94114.0,2,31124.0,21837.0,17634.0,16281.0,1000001.0,114689.0
Monday,Mission,3,94117.0,3,39169.0,23211.0,19255.0,17939.0,911500.0,94479.0
Monday,Mission,3,94131.0,2,26881.0,12926.0,13427.0,12618.0,859700.0,96889.0
Monday,Mission,3,94158.0,1,4792.0,7288.0,2482.0,2271.0,643900.0,82195.0
Monday,Mission,4,94102.0,11,31176.0,46472.0,18758.0,16844.0,574100.0,22517.0
Monday,Mission,4,94110.0,31,69333.0,29816.0,28913.0,27128.0,768200.0,82111.0
Monday,Mission,4,94114.0,7,31124.0,21837.0,17634.0,16281.0,1000001.0,114689.0
Monday,Mission,4,94117.0,2,39169.0,23211.0,19255.0,17939.0,911500.0,94479.0
Monday,Mission,4,94131.0,1,26881.0,12926.0,13427.0,12618.0,859700.0,96889.0
Monday,Mission,5,94102.0,2,31176.0,46472.0,18758.0,16844.0,574100.0,22517.0
Monday,Mission,5,94103.0,2,27170.0,20036.0,14778.0,13098.0,628000.0,43364.0
Monday,Mission,5,94110.0,22,69333.0,29816.0,28913.0,27128.0,768200.0,82111.0
Monday,Mission,5,94114.0,8,31124.0,21837.0,17634.0,16281.0,1000001.0,114689.0
Monday,Mission,5,94117.0,1,39169.0,23211.0,19255.0,17939.0,911500.0,94479.0
Monday,Mission,5,94131.0,1,26881.0,12926.0,13427.0,12618.0,859700.0,96889.0
Monday,Mission,5,94158.0,3,4792.0,7288.0,2482.0,2271.0,643900.0,82195.0
Monday,Mission,6,94102.0,5,31176.0,46472.0,18758.0,16844.0,574100.0,22517.0
Monday,Mission,6,94110.0,23,69333.0,29816.0,28913.0,27128.0,768200.0,82111.0
Monday,Mission,6,94114.0,5,31124.0,21837.0,17634.0,16281.0,1000001.0,114689.0
Monday,Mission,6,94117.0,1,39169.0,23211.0,19255.0,17939.0,911500.0,94479.0
Monday,Mission,6,94132.0,1,28129.0,9045.0,10769.0,9993.0,733100.0,69223.0
Monday,Mission,6,94158.0,4,4792.0,7288.0,2482.0,2271.0,643900.0,82195.0
Monday,Mission,7,94102.0,16,31176.0,46472.0,18758.0,16844.0,574100.0,22517.0
Monday,Mission,7,94103.0,3,27170.0,20036.0,14778.0,13098.0,628000.0,43364.0
Monday,Mission,7,94110.0,39,69333.0,29816.0,28913.0,27128.0,768200.0,82111.0
Monday,Mission,7,94114.0,31,31124.0,21837.0,17634.0,16281.0,1000001.0,114689.0
Monday,Mission,7,94117.0,3,39169.0,23211.0,19255.0,17939.0,911500.0,94479.0
Monday,Mission,7,94131.0,1,26881.0,12926.0,13427.0,12618.0,859700.0,96889.0
Monday,Mission,8,94102.0,13,31176.0,46472.0,18758.0,16844.0,574100.0,22517.0
Monday,Mission,8,94103.0,6,27170.0,20036.0,14778.0,13098.0,628000.0,43364.0
Monday,Mission,8,94110.0,51,69333.0,29816.0,28913.0,27128.0,768200.0,82111.0
Monday,Mission,8,94114.0,21,31124.0,21837.0,17634.0,16281.0,1000001.0,114689.0
Monday,Mission,8,94117.0,3,39169.0,23211.0,19255.0,17939.0,911500.0,94479.0
Monday,Mission,8,94158.0,2,4792.0,7288.0,2482.0,2271.0,643900.0,82195.0
Monday,Mission,9,94102.0,18,31176.0,46472.0,18758.0,16844.0,574100.0,22517.0
Monday,Mission,9,94103.0,7,27170.0,20036.0,14778.0,13098.0,628000.0,43364.0
Monday,Mission,9,94110.0,52,69333.0,29816.0,28913.0,27128.0,768200.0,82111.0
Monday,Mission,9,94114.0,17,31124.0,21837.0,17634.0,16281.0,1000001.0,114689.0
Monday,Mission,9,94131.0,3,26881.0,12926.0,13427.0,12618.0,859700.0,96889.0
Monday,Mission,9,94158.0,5,4792.0,7288.0,2482.0,2271.0,643900.0,82195.0
Monday,Mission,10,94102.0,18,31176.0,46472.0,18758.0,16844.0,574100.0,22517.0
Monday,Mission,10,94103.0,5,27170.0,20036.0,14778.0,13098.0,628000.0,43364.0
Monday,Mission,10,94109.0,1,55984.0,47129.0,37182.0,33342.0,723200.0,60722.0
Monday,Mission,10,94110.0,64,69333.0,29816.0,28913.0,27128.0,768200.0,82111.0
Monday,Mission,10,94114.0,17,31124.0,21837.0,17634.0,16281.0,1000001.0,114689.0
Monday,Mission,10,94117.0,6,39169.0,23211.0,19255.0,17939.0,911500.0,94479.0
Monday,Mission,10,94131.0,2,26881.0,12926.0,13427.0,12618.0,859700.0,96889.0
Monday,Mission,10,94158.0,3,4792.0,7288.0,2482.0,2271.0,643900.0,82195.0
Monday,Mission,11,94102.0,23,31176.0,46472.0,18758.0,16844.0,574100.0,22517.0
Monday,Mission,11,94103.0,6,27170.0,20036.0,14778.0,13098.0,628000.0,43364.0
Monday,Mission,11,94110.0,63,69333.0,29816.0,28913.0,27128.0,768200.0,82111.0
Monday,Mission,11,94114.0,13,31124.0,21837.0,17634.0,16281.0,1000001.0,114689.0
Monday,Mission,11,94117.0,4,39169.0,23211.0,19255.0,17939.0,911500.0,94479.0
Monday,Mission,11,94131.0,4,26881.0,12926.0,13427.0,12618.0,859700.0,96889.0
Monday,Mission,11,94158.0,7,4792.0,7288.0,2482.0,2271.0,643900.0,82195.0
Monday,Mission,12,94102.0,44,31176.0,46472.0,18758.0,16844.0,574100.0,22517.0
Monday,Mission,12,94103.0,7,27170.0,20036.0,14778.0,13098.0,628000.0,43364.0
Monday,Mission,12,94110.0,86,69333.0,29816.0,28913.0,27128.0,768200.0,82111.0
Monday,Mission,12,94114.0,32,31124.0,21837.0,17634.0,16281.0,1000001.0,114689.0
Monday,Mission,12,94117.0,15,39169.0,23211.0,19255.0,17939.0,911500.0,94479.0
Monday,Mission,12,94131.0,4,26881.0,12926.0,13427.0,12618.0,859700.0,96889.0
Monday,Mission,12,94158.0,6,4792.0,7288.0,2482.0,2271.0,643900.0,82195.0
Monday,Mission,13,94102.0,51,31176.0,46472.0,18758.0,16844.0,574100.0,22517.0
Monday,Mission,13,94103.0,17,27170.0,20036.0,14778.0,13098.0,628000.0,43364.0
Monday,Mission,13,94110.0,72,69333.0,29816.0,28913.0,27128.0,768200.0,82111.0
Monday,Mission,13,94114.0,12,31124.0,21837.0,17634.0,16281.0,1000001.0,114689.0
Monday,Mission,13,94117.0,9,39169.0,23211.0,19255.0,17939.0,911500.0,94479.0
Monday,Mission,13,94131.0,3,26881.0,12926.0,13427.0,12618.0,859700.0,96889.0
Monday,Mission,13,94158.0,1,4792.0,7288.0,2482.0,2271.0,643900.0,82195.0
Monday,Mission,14,94102.0,33,31176.0,46472.0,18758.0,16844.0,574100.0,22517.0
Monday,Mission,14,94103.0,14,27170.0,20036.0,14778.0,13098.0,628000.0,43364.0
Monday,Mission,14,94110.0,82,69333.0,29816.0,28913.0,27128.0,768200.0,82111.0
Monday,Mission,14,94114.0,23,31124.0,21837.0,17634.0,16281.0,1000001.0,114689.0
Monday,Mission,14,94117.0,2,39169.0,23211.0,19255.0,17939.0,911500.0,94479.0
Monday,Mission,14,94131.0,7,26881.0,12926.0,13427.0,12618.0,859700.0,96889.0
Monday,Mission,14,94158.0,2,4792.0,7288.0,2482.0,2271.0,643900.0,82195.0
Monday,Mission,15,94102.0,24,31176.0,46472.0,18758.0,16844.0,574100.0,22517.0
Monday,Mission,15,94103.0,10,27170.0,20036.0,14778.0,13098.0,628000.0,43364.0
Monday,Mission,15,94104.0,2,406.0,5232.0,368.0,207.0,1000001.0,48750.0
Monday,Mission,15,94110.0,84,69333.0,29816.0,28913.0,27128.0,768200.0,82111.0
Monday,Mission,15,94114.0,11,31124.0,21837.0,17634.0,16281.0,1000001.0,114689.0
Monday,Mission,15,94117.0,8,39169.0,23211.0,19255.0,17939.0,911500.0,94479.0
Monday,Mission,15,94131.0,4,26881.0,12926.0,13427.0,12618.0,859700.0,96889.0
Monday,Mission,15,94158.0,3,4792.0,7288.0,2482.0,2271.0,643900.0,82195.0
Monday,Mission,16,94102.0,21,31176.0,46472.0,18758.0,16844.0,574100.0,22517.0
Monday,Mission,16,94103.0,15,27170.0,20036.0,14778.0,13098.0,628000.0,43364.0
Monday,Mission,16,94110.0,115,69333.0,29816.0,28913.0,27128.0,768200.0,82111.0
Monday,Mission,16,94114.0,25,31124.0,21837.0,17634.0,16281.0,1000001.0,114689.0
Monday,Mission,16,94117.0,4,39169.0,23211.0,19255.0,17939.0,911500.0,94479.0
Monday,Mission,16,94131.0,11,26881.0,12926.0,13427.0,12618.0,859700.0,96889.0
Monday,Mission,16,94158.0,2,4792.0,7288.0,2482.0,2271.0,643900.0,82195.0
Monday,Mission,17,94102.0,34,31176.0,46472.0,18758.0,16844.0,574100.0,22517.0
Monday,Mission,17,94103.0,8,27170.0,20036.0,14778.0,13098.0,628000.0,43364.0
Monday,Mission,17,94110.0,94,69333.0,29816.0,28913.0,27128.0,768200.0,82111.0
Monday,Mission,17,94114.0,22,31124.0,21837.0,17634.0,16281.0,1000001.0,114689.0
Monday,Mission,17,94117.0,7,39169.0,23211.0,19255.0,17939.0,911500.0,94479.0
Monday,Mission,17,94131.0,1,26881.0,12926.0,13427.0,12618.0,859700.0,96889.0
Monday,Mission,17,94158.0,2,4792.0,7288.0,2482.0,2271.0,643900.0,82195.0
Monday,Mission,18,94102.0,35,31176.0,46472.0,18758.0,16844.0,574100.0,22517.0
Monday,Mission,18,94103.0,7,27170.0,20036.0,14778.0,13098.0,628000.0,43364.0
Monday,Mission,18,94110.0,93,69333.0,29816.0,28913.0,27128.0,768200.0,82111.0
Monday,Mission,18,94114.0,29,31124.0,21837.0,17634.0,16281.0,1000001.0,114689.0
Monday,Mission,18,94117.0,9,39169.0,23211.0,19255.0,17939.0,911500.0,94479.0
Monday,Mission,18,94131.0,8,26881.0,12926.0,13427.0,12618.0,859700.0,96889.0
Monday,Mission,18,94158.0,3,4792.0,7288.0,2482.0,2271.0,643900.0,82195.0
Monday,Mission,19,94102.0,30,31176.0,46472.0,18758.0,16844.0,574100.0,22517.0
Monday,Mission,19,94103.0,10,27170.0,20036.0,14778.0,13098.0,628000.0,43364.0
Monday,Mission,19,94110.0,80,69333.0,29816.0,28913.0,27128.0,768200.0,82111.0
Monday,Mission,19,94114.0,35,31124.0,21837.0,17634.0,16281.0,1000001.0,114689.0
Monday,Mission,19,94117.0,11,39169.0,23211.0,19255.0,17939.0,911500.0,94479.0
Monday,Mission,19,94131.0,4,26881.0,12926.0,13427.0,12618.0,859700.0,96889.0
Monday,Mission,19,94158.0,7,4792.0,7288.0,2482.0,2271.0,643900.0,82195.0
Monday,Mission,20,94102.0,17,31176.0,46472.0,18758.0,16844.0,574100.0,22517.0
Monday,Mission,20,94103.0,6,27170.0,20036.0,14778.0,13098.0,628000.0,43364.0
Monday,Mission,20,94110.0,78,69333.0,29816.0,28913.0,27128.0,768200.0,82111.0
Monday,Mission,20,94114.0,25,31124.0,21837.0,17634.0,16281.0,1000001.0,114689.0
Monday,Mission,20,94117.0,5,39169.0,23211.0,19255.0,17939.0,911500.0,94479.0
Monday,Mission,20,94124.0,1,33996.0,6901.0,10812.0,9717.0,470400.0,50146.0
Monday,Mission,20,94131.0,6,26881.0,12926.0,13427.0,12618.0,859700.0,96889.0
Monday,Mission,20,94158.0,6,4792.0,7288.0,2482.0,2271.0,643900.0,82195.0
Monday,Mission,21,94102.0,16,31176.0,46472.0,18758.0,16844.0,574100.0,22517.0
Monday,Mission,21,94103.0,1,27170.0,20036.0,14778.0,13098.0,628000.0,43364.0
Monday,Mission,21,94110.0,64,69333.0,29816.0,28913.0,27128.0,768200.0,82111.0
Monday,Mission,21,94112.0,1,79407.0,23606.0,23081.0,21975.0,602400.0,71625.0
Monday,Mission,21,94114.0,28,31124.0,21837.0,17634.0,16281.0,1000001.0,114689.0
Monday,Mission,21,94117.0,11,39169.0,23211.0,19255.0,17939.0,911500.0,94479.0
Monday,Mission,21,94123.0,1,23088.0,22622.0,15083.0,13717.0,1000001.0,112650.0
Monday,Mission,21,94131.0,2,26881.0,12926.0,13427.0,12618.0,859700.0,96889.0
Monday,Mission,21,94158.0,4,4792.0,7288.0,2482.0,2271.0,643900.0,82195.0
Monday,Mission,22,94102.0,12,31176.0,46472.0,18758.0,16844.0,574100.0,22517.0
Monday,Mission,22,94103.0,3,27170.0,20036.0,14778.0,13098.0,628000.0,43364.0
Monday,Mission,22,94110.0,99,69333.0,29816.0,28913.0,27128.0,768200.0,82111.0
Monday,Mission,22,94114.0,23,31124.0,21837.0,17634.0,16281.0,1000001.0,114689.0
Monday,Mission,22,94117.0,10,39169.0,23211.0,19255.0,17939.0,911500.0,94479.0
Monday,Mission,22,94131.0,2,26881.0,12926.0,13427.0,12618.0,859700.0,96889.0
Monday,Mission,22,94158.0,1,4792.0,7288.0,2482.0,2271.0,643900.0,82195.0
Monday,Mission,23,94102.0,18,31176.0,46472.0,18758.0,16844.0,574100.0,22517.0
Monday,Mission,23,94103.0,4,27170.0,20036.0,14778.0,13098.0,628000.0,43364.0
Monday,Mission,23,94110.0,86,69333.0,29816.0,28913.0,27128.0,768200.0,82111.0
Monday,Mission,23,94114.0,13,31124.0,21837.0,17634.0,16281.0,1000001.0,114689.0
Monday,Mission,23,94117.0,2,39169.0,23211.0,19255.0,17939.0,911500.0,94479.0
Monday,Mission,23,94131.0,3,26881.0,12926.0,13427.0,12618.0,859700.0,96889.0
Monday,Mission,23,94158.0,2,4792.0,7288.0,2482.0,2271.0,643900.0,82195.0
Monday,Northern,0,94102.0,36,31176.0,46472.0,18758.0,16844.0,574100.0,22517.0
Monday,Northern,0,94103.0,1,27170.0,20036.0,14778.0,13098.0,628000.0,43364.0
Monday,Northern,0,94109.0,43,55984.0,47129.0,37182.0,33342.0,723200.0,60722.0
Monday,Northern,0,94115.0,22,33021.0,29596.0,18884.0,17289.0,965800.0,76952.0
Monday,Northern,0,94117.0,7,39169.0,23211.0,19255.0,17939.0,911500.0,94479.0
Monday,Northern,0,94123.0,17,23088.0,22622.0,15083.0,13717.0,1000001.0,112650.0
Monday,Northern,1,94102.0,23,31176.0,46472.0,18758.0,16844.0,574100.0,22517.0
Monday,Northern,1,94109.0,20,55984.0,47129.0,37182.0,33342.0,723200.0,60722.0
Monday,Northern,1,94115.0,7,33021.0,29596.0,18884.0,17289.0,965800.0,76952.0
Monday,Northern,1,94117.0,12,39169.0,23211.0,19255.0,17939.0,911500.0,94479.0
Monday,Northern,1,94123.0,11,23088.0,22622.0,15083.0,13717.0,1000001.0,112650.0
Monday,Northern,2,94102.0,24,31176.0,46472.0,18758.0,16844.0,574100.0,22517.0
Monday,Northern,2,94109.0,20,55984.0,47129.0,37182.0,33342.0,723200.0,60722.0
Monday,Northern,2,94114.0,1,31124.0,21837.0,17634.0,16281.0,1000001.0,114689.0
Monday,Northern,2,94115.0,8,33021.0,29596.0,18884.0,17289.0,965800.0,76952.0
Monday,Northern,2,94117.0,7,39169.0,23211.0,19255.0,17939.0,911500.0,94479.0
Monday,Northern,2,94123.0,7,23088.0,22622.0,15083.0,13717.0,1000001.0,112650.0
Monday,Northern,3,94102.0,17,31176.0,46472.0,18758.0,16844.0,574100.0,22517.0
Monday,Northern,3,94109.0,15,55984.0,47129.0,37182.0,33342.0,723200.0,60722.0
Monday,Northern,3,94115.0,7,33021.0,29596.0,18884.0,17289.0,965800.0,76952.0
Monday,Northern,3,94117.0,5,39169.0,23211.0,19255.0,17939.0,911500.0,94479.0
Monday,Northern,3,94118.0,1,38319.0,19663.0,18633.0,17171.0,1000001.0,82857.0
Monday,Northern,3,94123.0,7,23088.0,22622.0,15083.0,13717.0,1000001.0,112650.0
Monday,Northern,4,94102.0,15,31176.0,46472.0,18758.0,16844.0,574100.0,22517.0
Monday,Northern,4,94109.0,9,55984.0,47129.0,37182.0,33342.0,723200.0,60722.0
Monday,Northern,4,94115.0,4,33021.0,29596.0,18884.0,17289.0,965800.0,76952.0
Monday,Northern,4,94117.0,3,39169.0,23211.0,19255.0,17939.0,911500.0,94479.0
Monday,Northern,4,94123.0,4,23088.0,22622.0,15083.0,13717.0,1000001.0,112650.0
Monday,Northern,5,94102.0,23,31176.0,46472.0,18758.0,16844.0,574100.0,22517.0
Monday,Northern,5,94109.0,8,55984.0,47129.0,37182.0,33342.0,723200.0,60722.0
Monday,Northern,5,94115.0,9,33021.0,29596.0,18884.0,17289.0,965800.0,76952.0
Monday,Northern,5,94117.0,1,39169.0,23211.0,19255.0,17939.0,911500.0,94479.0
Monday,Northern,5,94123.0,4,23088.0,22622.0,15083.0,13717.0,1000001.0,112650.0
Monday,Northern,6,94102.0,22,31176.0,46472.0,18758.0,16844.0,574100.0,22517.0
Monday,Northern,6,94109.0,9,55984.0,47129.0,37182.0,33342.0,723200.0,60722.0
Monday,Northern,6,94115.0,2,33021.0,29596.0,18884.0,17289.0,965800.0,76952.0
Monday,Northern,6,94117.0,3,39169.0,23211.0,19255.0,17939.0,911500.0,94479.0
Monday,Northern,6,94123.0,1,23088.0,22622.0,15083.0,13717.0,1000001.0,112650.0
Monday,Northern,7,94102.0,20,31176.0,46472.0,18758.0,16844.0,574100.0,22517.0
Monday,Northern,7,94109.0,19,55984.0,47129.0,37182.0,33342.0,723200.0,60722.0
Monday,Northern,7,94115.0,12,33021.0,29596.0,18884.0,17289.0,965800.0,76952.0
Monday,Northern,7,94117.0,5,39169.0,23211.0,19255.0,17939.0,911500.0,94479.0
Monday,Northern,7,94123.0,8,23088.0,22622.0,15083.0,13717.0,1000001.0,112650.0
Monday,Northern,8,94102.0,34,31176.0,46472.0,18758.0,16844.0,574100.0,22517.0
Monday,Northern,8,94109.0,29,55984.0,47129.0,37182.0,33342.0,723200.0,60722.0
Monday,Northern,8,94115.0,19,33021.0,29596.0,18884.0,17289.0,965800.0,76952.0
Monday,Northern,8,94117.0,8,39169.0,23211.0,19255.0,17939.0,911500.0,94479.0
Monday,Northern,8,94123.0,18,23088.0,22622.0,15083.0,13717.0,1000001.0,112650.0
Monday,Northern,9,94102.0,31,31176.0,46472.0,18758.0,16844.0,574100.0,22517.0
Monday,Northern,9,94109.0,24,55984.0,47129.0,37182.0,33342.0,723200.0,60722.0
Monday,Northern,9,94111.0,2,3713.0,10791.0,2811.0,2365.0,882000.0,89722.0
Monday,Northern,9,94115.0,9,33021.0,29596.0,18884.0,17289.0,965800.0,76952.0
Monday,Northern,9,94117.0,14,39169.0,23211.0,19255.0,17939.0,911500.0,94479.0
Monday,Northern,9,94123.0,14,23088.0,22622.0,15083.0,13717.0,1000001.0,112650.0
Monday,Northern,10,94102.0,28,31176.0,46472.0,18758.0,16844.0,574100.0,22517.0
Monday,Northern,10,94109.0,24,55984.0,47129.0,37182.0,33342.0,723200.0,60722.0
Monday,Northern,10,94115.0,15,33021.0,29596.0,18884.0,17289.0,965800.0,76952.0
Monday,Northern,10,94117.0,25,39169.0,23211.0,19255.0,17939.0,911500.0,94479.0
Monday,Northern,10,94123.0,22,23088.0,22622.0,15083.0,13717.0,1000001.0,112650.0
Monday,Northern,11,94102.0,40,31176.0,46472.0,18758.0,16844.0,574100.0,22517.0
Monday,Northern,11,94109.0,25,55984.0,47129.0,37182.0,33342.0,723200.0,60722.0
Monday,Northern,11,94115.0,15,33021.0,29596.0,18884.0,17289.0,965800.0,76952.0
Monday,Northern,11,94117.0,21,39169.0,23211.0,19255.0,17939.0,911500.0,94479.0
Monday,Northern,11,94123.0,28,23088.0,22622.0,15083.0,13717.0,1000001.0,112650.0
Monday,Northern,12,94102.0,51,31176.0,46472.0,18758.0,16844.0,574100.0,22517.0
Monday,Northern,12,94103.0,2,27170.0,20036.0,14778.0,13098.0,628000.0,43364.0
Monday,Northern,12,94109.0,39,55984.0,47129.0,37182.0,33342.0,723200.0,60722.0
Monday,Northern,12,94115.0,17,33021.0,29596.0,18884.0,17289.0,965800.0,76952.0
Monday,Northern,12,94117.0,16,39169.0,23211.0,19255.0,17939.0,911500.0,94479.0
Monday,Northern,12,94123.0,34,23088.0,22622.0,15083.0,13717.0,1000001.0,112650.0
Monday,Northern,13,94102.0,36,31176.0,46472.0,18758.0,16844.0,574100.0,22517.0
Monday,Northern,13,94109.0,30,55984.0,47129.0,37182.0,33342.0,723200.0,60722.0
Monday,Northern,13,94111.0,2,3713.0,10791.0,2811.0,2365.0,882000.0,89722.0
Monday,Northern,13,94115.0,13,33021.0,29596.0,18884.0,17289.0,965800.0,76952.0
Monday,Northern,13,94117.0,15,39169.0,23211.0,19255.0,17939.0,911500.0,94479.0
Monday,Northern,13,94123.0,21,23088.0,22622.0,15083.0,13717.0,1000001.0,112650.0
Monday,Northern,14,94102.0,41,31176.0,46472.0,18758.0,16844.0,574100.0,22517.0
Monday,Northern,14,94103.0,3,27170.0,20036.0,14778.0,13098.0,628000.0,43364.0
Monday,Northern,14,94109.0,31,55984.0,47129.0,37182.0,33342.0,723200.0,60722.0
Monday,Northern,14,94111.0,2,3713.0,10791.0,2811.0,2365.0,882000.0,89722.0
Monday,Northern,14,94115.0,20,33021.0,29596.0,18884.0,17289.0,965800.0,76952.0
Monday,Northern,14,94117.0,16,39169.0,23211.0,19255.0,17939.0,911500.0,94479.0
Monday,Northern,14,94123.0,28,23088.0,22622.0,15083.0,13717.0,1000001.0,112650.0
Monday,Northern,15,94102.0,30,31176.0,46472.0,18758.0,16844.0,574100.0,22517.0
Monday,Northern,15,94109.0,25,55984.0,47129.0,37182.0,33342.0,723200.0,60722.0
Monday,Northern,15,94111.0,4,3713.0,10791.0,2811.0,2365.0,882000.0,89722.0
Monday,Northern,15,94115.0,19,33021.0,29596.0,18884.0,17289.0,965800.0,76952.0
Monday,Northern,15,94117.0,20,39169.0,23211.0,19255.0,17939.0,911500.0,94479.0
Monday,Northern,15,94123.0,23,23088.0,22622.0,15083.0,13717.0,1000001.0,112650.0
Monday,Northern,16,94102.0,36,31176.0,46472.0,18758.0,16844.0,574100.0,22517.0
Monday,Northern,16,94109.0,38,55984.0,47129.0,37182.0,33342.0,723200.0,60722.0
Monday,Northern,16,94115.0,24,33021.0,29596.0,18884.0,17289.0,965800.0,76952.0
Monday,Northern,16,94117.0,26,39169.0,23211.0,19255.0,17939.0,911500.0,94479.0
Monday,Northern,16,94123.0,27,23088.0,22622.0,15083.0,13717.0,1000001.0,112650.0
Monday,Northern,17,94102.0,57,31176.0,46472.0,18758.0,16844.0,574100.0,22517.0
Monday,Northern,17,94109.0,40,55984.0,47129.0,37182.0,33342.0,723200.0,60722.0
Monday,Northern,17,94115.0,27,33021.0,29596.0,18884.0,17289.0,965800.0,76952.0
Monday,Northern,17,94117.0,11,39169.0,23211.0,19255.0,17939.0,911500.0,94479.0
Monday,Northern,17,94123.0,35,23088.0,22622.0,15083.0,13717.0,1000001.0,112650.0
Monday,Northern,18,94102.0,62,31176.0,46472.0,18758.0,16844.0,574100.0,22517.0
Monday,Northern,18,94103.0,1,27170.0,20036.0,14778.0,13098.0,628000.0,43364.0
Monday,Northern,18,94109.0,50,55984.0,47129.0,37182.0,33342.0,723200.0,60722.0
Monday,Northern,18,94115.0,31,33021.0,29596.0,18884.0,17289.0,965800.0,76952.0
Monday,Northern,18,94117.0,19,39169.0,23211.0,19255.0,17939.0,911500.0,94479.0
Monday,Northern,18,94123.0,25,23088.0,22622.0,15083.0,13717.0,1000001.0,112650.0
Monday,Northern,19,94102.0,63,31176.0,46472.0,18758.0,16844.0,574100.0,22517.0
Monday,Northern,19,94103.0,2,27170.0,20036.0,14778.0,13098.0,628000.0,43364.0
Monday,Northern,19,94109.0,31,55984.0,47129.0,37182.0,33342.0,723200.0,60722.0
Monday,Northern,19,94115.0,32,33021.0,29596.0,18884.0,17289.0,965800.0,76952.0
Monday,Northern,19,94117.0,12,39169.0,23211.0,19255.0,17939.0,911500.0,94479.0
Monday,Northern,19,94123.0,23,23088.0,22622.0,15083.0,13717.0,1000001.0,112650.0
Monday,Northern,20,94102.0,36,31176.0,46472.0,18758.0,16844.0,574100.0,22517.0
Monday,Northern,20,94103.0,1,27170.0,20036.0,14778.0,13098.0,628000.0,43364.0
Monday,Northern,20,94109.0,27,55984.0,47129.0,37182.0,33342.0,723200.0,60722.0
Monday,Northern,20,94115.0,32,33021.0,29596.0,18884.0,17289.0,965800.0,76952.0
Monday,Northern,20,94117.0,10,39169.0,23211.0,19255.0,17939.0,911500.0,94479.0
Monday,Northern,20,94123.0,32,23088.0,22622.0,15083.0,13717.0,1000001.0,112650.0
Monday,Northern,21,94102.0,34,31176.0,46472.0,18758.0,16844.0,574100.0,22517.0
Monday,Northern,21,94109.0,28,55984.0,47129.0,37182.0,33342.0,723200.0,60722.0
Monday,Northern,21,94115.0,14,33021.0,29596.0,18884.0,17289.0,965800.0,76952.0
Monday,Northern,21,94117.0,4,39169.0,23211.0,19255.0,17939.0,911500.0,94479.0
Monday,Northern,21,94123.0,6,23088.0,22622.0,15083.0,13717.0,1000001.0,112650.0
Monday,Northern,22,94102.0,39,31176.0,46472.0,18758.0,16844.0,574100.0,22517.0
Monday,Northern,22,94103.0,1,27170.0,20036.0,14778.0,13098.0,628000.0,43364.0
Monday,Northern,22,94109.0,33,55984.0,47129.0,37182.0,33342.0,723200.0,60722.0
Monday,Northern,22,94115.0,13,33021.0,29596.0,18884.0,17289.0,965800.0,76952.0
Monday,Northern,22,94117.0,9,39169.0,23211.0,19255.0,17939.0,911500.0,94479.0
Monday,Northern,22,94123.0,18,23088.0,22622.0,15083.0,13717.0,1000001.0,112650.0
Monday,Northern,23,94102.0,29,31176.0,46472.0,18758.0,16844.0,574100.0,22517.0
Monday,Northern,23,94109.0,26,55984.0,47129.0,37182.0,33342.0,723200.0,60722.0
Monday,Northern,23,94115.0,12,33021.0,29596.0,18884.0,17289.0,965800.0,76952.0
Monday,Northern,23,94117.0,4,39169.0,23211.0,19255.0,17939.0,911500.0,94479.0
Monday,Northern,23,94123.0,17,23088.0,22622.0,15083.0,13717.0,1000001.0,112650.0
Monday,Out of SF,0,94103.0,7,27170.0,20036.0,14778.0,13098.0,628000.0,43364.0
Monday,Out of SF,0,94107.0,2,26599.0,14845.0,15141.0,13736.0,719700.0,114439.0
Monday,Out of SF,0,94108.0,17,13768.0,50983.0,8843.0,7628.0,856900.0,35427.0
Monday,Out of SF,0,94110.0,2,69333.0,29816.0,28913.0,27128.0,768200.0,82111.0
Monday,Out of SF,0,94112.0,2,79407.0,23606.0,23081.0,21975.0,602400.0,71625.0
Monday,Out of SF,0,94118.0,3,38319.0,19663.0,18633.0,17171.0,1000001.0,82857.0
Monday,Out of SF,0,94124.0,2,33996.0,6901.0,10812.0,9717.0,470400.0,50146.0
Monday,Out of SF,0,94158.0,12,4792.0,7288.0,2482.0,2271.0,643900.0,82195.0
Monday,Out of SF,1,94108.0,4,13768.0,50983.0,8843.0,7628.0,856900.0,35427.0
Monday,Out of SF,1,94118.0,2,38319.0,19663.0,18633.0,17171.0,1000001.0,82857.0
Monday,Out of SF,2,94110.0,1,69333.0,29816.0,28913.0,27128.0,768200.0,82111.0
Monday,Out of SF,2,94158.0,6,4792.0,7288.0,2482.0,2271.0,643900.0,82195.0
Monday,Out of SF,3,94103.0,1,27170.0,20036.0,14778.0,13098.0,628000.0,43364.0
Monday,Out of SF,3,94158.0,1,4792.0,7288.0,2482.0,2271.0,643900.0,82195.0
Monday,Out of SF,4,94117.0,2,39169.0,23211.0,19255.0,17939.0,911500.0,94479.0
Monday,Out of SF,4,94158.0,1,4792.0,7288.0,2482.0,2271.0,643900.0,82195.0
Monday,Out of SF,5,94103.0,2,27170.0,20036.0,14778.0,13098.0,628000.0,43364.0
Monday,Out of SF,6,94103.0,2,27170.0,20036.0,14778.0,13098.0,628000.0,43364.0
Monday,Out of SF,6,94108.0,2,13768.0,50983.0,8843.0,7628.0,856900.0,35427.0
Monday,Out of SF,6,94110.0,1,69333.0,29816.0,28913.0,27128.0,768200.0,82111.0
Monday,Out of SF,6,94115.0,1,33021.0,29596.0,18884.0,17289.0,965800.0,76952.0
Monday,Out of SF,6,94127.0,2,19289.0,10895.0,7801.0,7511.0,916900.0,131351.0
Monday,Out of SF,6,94158.0,2,4792.0,7288.0,2482.0,2271.0,643900.0,82195.0
Monday,Out of SF,7,94103.0,1,27170.0,20036.0,14778.0,13098.0,628000.0,43364.0
Monday,Out of SF,7,94107.0,1,26599.0,14845.0,15141.0,13736.0,719700.0,114439.0
Monday,Out of SF,7,94108.0,2,13768.0,50983.0,8843.0,7628.0,856900.0,35427.0
Monday,Out of SF,7,94116.0,1,43698.0,16901.0,16283.0,15445.0,734400.0,83407.0
Monday,Out of SF,7,94124.0,1,33996.0,6901.0,10812.0,9717.0,470400.0,50146.0
Monday,Out of SF,7,94134.0,1,40798.0,17001.0,11867.0,11244.0,547800.0,56716.0
Monday,Out of SF,7,94158.0,1,4792.0,7288.0,2482.0,2271.0,643900.0,82195.0
Monday,Out of SF,8,94103.0,13,27170.0,20036.0,14778.0,13098.0,628000.0,43364.0
Monday,Out of SF,8,94108.0,6,13768.0,50983.0,8843.0,7628.0,856900.0,35427.0
Monday,Out of SF,8,94110.0,3,69333.0,29816.0,28913.0,27128.0,768200.0,82111.0
Monday,Out of SF,8,94134.0,1,40798.0,17001.0,11867.0,11244.0,547800.0,56716.0
Monday,Out of SF,9,94102.0,1,31176.0,46472.0,18758.0,16844.0,574100.0,22517.0
Monday,Out of SF,9,94103.0,1,27170.0,20036.0,14778.0,13098.0,628000.0,43364.0
Monday,Out of SF,9,94108.0,3,13768.0,50983.0,8843.0,7628.0,856900.0,35427.0
Monday,Out of SF,9,94112.0,2,79407.0,23606.0,23081.0,21975.0,602400.0,71625.0
Monday,Out of SF,9,94118.0,1,38319.0,19663.0,18633.0,17171.0,1000001.0,82857.0
Monday,Out of SF,9,94124.0,2,33996.0,6901.0,10812.0,9717.0,470400.0,50146.0
Monday,Out of SF,9,94158.0,4,4792.0,7288.0,2482.0,2271.0,643900.0,82195.0
Monday,Out of SF,10,94103.0,3,27170.0,20036.0,14778.0,13098.0,628000.0,43364.0
Monday,Out of SF,10,94112.0,1,79407.0,23606.0,23081.0,21975.0,602400.0,71625.0
Monday,Out of SF,10,94116.0,2,43698.0,16901.0,16283.0,15445.0,734400.0,83407.0
Monday,Out of SF,10,94124.0,1,33996.0,6901.0,10812.0,9717.0,470400.0,50146.0
Monday,Out of SF,10,94158.0,2,4792.0,7288.0,2482.0,2271.0,643900.0,82195.0
Monday,Out of SF,11,94103.0,3,27170.0,20036.0,14778.0,13098.0,628000.0,43364.0
Monday,Out of SF,11,94118.0,2,38319.0,19663.0,18633.0,17171.0,1000001.0,82857.0
Monday,Out of SF,11,94158.0,4,4792.0,7288.0,2482.0,2271.0,643900.0,82195.0
Monday,Out of SF,12,94103.0,2,27170.0,20036.0,14778.0,13098.0,628000.0,43364.0
Monday,Out of SF,12,94105.0,1,5846.0,15826.0,4601.0,3586.0,740900.0,163949.0
Monday,Out of SF,12,94107.0,2,26599.0,14845.0,15141.0,13736.0,719700.0,114439.0
Monday,Out of SF,12,94108.0,5,13768.0,50983.0,8843.0,7628.0,856900.0,35427.0
Monday,Out of SF,12,94110.0,3,69333.0,29816.0,28913.0,27128.0,768200.0,82111.0
Monday,Out of SF,12,94116.0,3,43698.0,16901.0,16283.0,15445.0,734400.0,83407.0
Monday,Out of SF,12,94117.0,1,39169.0,23211.0,19255.0,17939.0,911500.0,94479.0
Monday,Out of SF,12,94118.0,2,38319.0,19663.0,18633.0,17171.0,1000001.0,82857.0
Monday,Out of SF,13,94103.0,1,27170.0,20036.0,14778.0,13098.0,628000.0,43364.0
Monday,Out of SF,13,94108.0,4,13768.0,50983.0,8843.0,7628.0,856900.0,35427.0
Monday,Out of SF,13,94116.0,1,43698.0,16901.0,16283.0,15445.0,734400.0,83407.0
Monday,Out of SF,13,94158.0,1,4792.0,7288.0,2482.0,2271.0,643900.0,82195.0
Monday,Out of SF,14,94103.0,1,27170.0,20036.0,14778.0,13098.0,628000.0,43364.0
Monday,Out of SF,14,94108.0,2,13768.0,50983.0,8843.0,7628.0,856900.0,35427.0
Monday,Out of SF,14,94110.0,1,69333.0,29816.0,28913.0,27128.0,768200.0,82111.0
Monday,Out of SF,14,94116.0,2,43698.0,16901.0,16283.0,15445.0,734400.0,83407.0
Monday,Out of SF,14,94158.0,1,4792.0,7288.0,2482.0,2271.0,643900.0,82195.0
Monday,Out of SF,15,94103.0,2,27170.0,20036.0,14778.0,13098.0,628000.0,43364.0
Monday,Out of SF,15,94110.0,1,69333.0,29816.0,28913.0,27128.0,768200.0,82111.0
Monday,Out of SF,15,94124.0,2,33996.0,6901.0,10812.0,9717.0,470400.0,50146.0
Monday,Out of SF,15,94158.0,6,4792.0,7288.0,2482.0,2271.0,643900.0,82195.0
Monday,Out of SF,16,94102.0,1,31176.0,46472.0,18758.0,16844.0,574100.0,22517.0
Monday,Out of SF,16,94103.0,1,27170.0,20036.0,14778.0,13098.0,628000.0,43364.0
Monday,Out of SF,16,94112.0,1,79407.0,23606.0,23081.0,21975.0,602400.0,71625.0
Monday,Out of SF,16,94118.0,4,38319.0,19663.0,18633.0,17171.0,1000001.0,82857.0
Monday,Out of SF,17,94102.0,1,31176.0,46472.0,18758.0,16844.0,574100.0,22517.0
Monday,Out of SF,17,94103.0,2,27170.0,20036.0,14778.0,13098.0,628000.0,43364.0
Monday,Out of SF,17,94108.0,4,13768.0,50983.0,8843.0,7628.0,856900.0,35427.0
Monday,Out of SF,17,94110.0,1,69333.0,29816.0,28913.0,27128.0,768200.0,82111.0
Monday,Out of SF,17,94118.0,1,38319.0,19663.0,18633.0,17171.0,1000001.0,82857.0
Monday,Out of SF,17,94158.0,3,4792.0,7288.0,2482.0,2271.0,643900.0,82195.0
Monday,Out of SF,18,94110.0,1,69333.0,29816.0,28913.0,27128.0,768200.0,82111.0
Monday,Out of SF,18,94112.0,1,79407.0,23606.0,23081.0,21975.0,602400.0,71625.0
Monday,Out of SF,18,94118.0,4,38319.0,19663.0,18633.0,17171.0,1000001.0,82857.0
Monday,Out of SF,18,94158.0,1,4792.0,7288.0,2482.0,2271.0,643900.0,82195.0
Monday,Out of SF,19,94102.0,2,31176.0,46472.0,18758.0,16844.0,574100.0,22517.0
Monday,Out of SF,19,94103.0,1,27170.0,20036.0,14778.0,13098.0,628000.0,43364.0
Monday,Out of SF,19,94108.0,3,13768.0,50983.0,8843.0,7628.0,856900.0,35427.0
Monday,Out of SF,19,94116.0,2,43698.0,16901.0,16283.0,15445.0,734400.0,83407.0
Monday,Out of SF,19,94158.0,2,4792.0,7288.0,2482.0,2271.0,643900.0,82195.0
Monday,Out of SF,20,94102.0,3,31176.0,46472.0,18758.0,16844.0,574100.0,22517.0
Monday,Out of SF,20,94108.0,4,13768.0,50983.0,8843.0,7628.0,856900.0,35427.0
Monday,Out of SF,20,94110.0,1,69333.0,29816.0,28913.0,27128.0,768200.0,82111.0
Monday,Out of SF,20,94116.0,2,43698.0,16901.0,16283.0,15445.0,734400.0,83407.0
Monday,Out of SF,20,94124.0,2,33996.0,6901.0,10812.0,9717.0,470400.0,50146.0
Monday,Out of SF,20,94134.0,1,40798.0,17001.0,11867.0,11244.0,547800.0,56716.0
Monday,Out of SF,21,94103.0,3,27170.0,20036.0,14778.0,13098.0,628000.0,43364.0
Monday,Out of SF,21,94110.0,2,69333.0,29816.0,28913.0,27128.0,768200.0,82111.0
Monday,Out of SF,21,94114.0,1,31124.0,21837.0,17634.0,16281.0,1000001.0,114689.0
Monday,Out of SF,21,94116.0,1,43698.0,16901.0,16283.0,15445.0,734400.0,83407.0
Monday,Out of SF,21,94124.0,2,33996.0,6901.0,10812.0,9717.0,470400.0,50146.0
Monday,Out of SF,21,94158.0,1,4792.0,7288.0,2482.0,2271.0,643900.0,82195.0
Monday,Out of SF,22,94108.0,1,13768.0,50983.0,8843.0,7628.0,856900.0,35427.0
Monday,Out of SF,22,94110.0,1,69333.0,29816.0,28913.0,27128.0,768200.0,82111.0
Monday,Out of SF,22,94115.0,1,33021.0,29596.0,18884.0,17289.0,965800.0,76952.0
Monday,Out of SF,22,94158.0,1,4792.0,7288.0,2482.0,2271.0,643900.0,82195.0
Monday,Out of SF,23,94103.0,3,27170.0,20036.0,14778.0,13098.0,628000.0,43364.0
Monday,Out of SF,23,94108.0,2,13768.0,50983.0,8843.0,7628.0,856900.0,35427.0
Monday,Out of SF,23,94116.0,1,43698.0,16901.0,16283.0,15445.0,734400.0,83407.0
Monday,Park,0,94114.0,9,31124.0,21837.0,17634.0,16281.0,1000001.0,114689.0
Monday,Park,0,94115.0,1,33021.0,29596.0,18884.0,17289.0,965800.0,76952.0
Monday,Park,0,94117.0,31,39169.0,23211.0,19255.0,17939.0,911500.0,94479.0
Monday,Park,0,94118.0,4,38319.0,19663.0,18633.0,17171.0,1000001.0,82857.0
Monday,Park,0,94122.0,2,56023.0,23699.0,23633.0,22162.0,774500.0,81768.0
Monday,Park,0,94131.0,6,26881.0,12926.0,13427.0,12618.0,859700.0,96889.0
Monday,Park,1,94102.0,1,31176.0,46472.0,18758.0,16844.0,574100.0,22517.0
Monday,Park,1,94114.0,2,31124.0,21837.0,17634.0,16281.0,1000001.0,114689.0
Monday,Park,1,94117.0,8,39169.0,23211.0,19255.0,17939.0,911500.0,94479.0
Monday,Park,1,94122.0,1,56023.0,23699.0,23633.0,22162.0,774500.0,81768.0
Monday,Park,2,94117.0,15,39169.0,23211.0,19255.0,17939.0,911500.0,94479.0
Monday,Park,2,94118.0,3,38319.0,19663.0,18633.0,17171.0,1000001.0,82857.0
Monday,Park,3,94114.0,1,31124.0,21837.0,17634.0,16281.0,1000001.0,114689.0
Monday,Park,3,94117.0,6,39169.0,23211.0,19255.0,17939.0,911500.0,94479.0
Monday,Park,3,94118.0,3,38319.0,19663.0,18633.0,17171.0,1000001.0,82857.0
Monday,Park,3,94122.0,3,56023.0,23699.0,23633.0,22162.0,774500.0,81768.0
Monday,Park,4,94114.0,7,31124.0,21837.0,17634.0,16281.0,1000001.0,114689.0
Monday,Park,4,94117.0,17,39169.0,23211.0,19255.0,17939.0,911500.0,94479.0
Monday,Park,4,94118.0,4,38319.0,19663.0,18633.0,17171.0,1000001.0,82857.0
Monday,Park,5,94114.0,5,31124.0,21837.0,17634.0,16281.0,1000001.0,114689.0
Monday,Park,5,94117.0,6,39169.0,23211.0,19255.0,17939.0,911500.0,94479.0
Monday,Park,5,94118.0,3,38319.0,19663.0,18633.0,17171.0,1000001.0,82857.0
Monday,Park,5,94131.0,3,26881.0,12926.0,13427.0,12618.0,859700.0,96889.0
Monday,Park,6,94110.0,1,69333.0,29816.0,28913.0,27128.0,768200.0,82111.0
Monday,Park,6,94114.0,2,31124.0,21837.0,17634.0,16281.0,1000001.0,114689.0
Monday,Park,6,94115.0,1,33021.0,29596.0,18884.0,17289.0,965800.0,76952.0
Monday,Park,6,94117.0,12,39169.0,23211.0,19255.0,17939.0,911500.0,94479.0
Monday,Park,6,94118.0,3,38319.0,19663.0,18633.0,17171.0,1000001.0,82857.0
Monday,Park,6,94122.0,3,56023.0,23699.0,23633.0,22162.0,774500.0,81768.0
Monday,Park,6,94131.0,4,26881.0,12926.0,13427.0,12618.0,859700.0,96889.0
Monday,Park,7,94114.0,4,31124.0,21837.0,17634.0,16281.0,1000001.0,114689.0
Monday,Park,7,94115.0,1,33021.0,29596.0,18884.0,17289.0,965800.0,76952.0
Monday,Park,7,94117.0,25,39169.0,23211.0,19255.0,17939.0,911500.0,94479.0
Monday,Park,7,94118.0,5,38319.0,19663.0,18633.0,17171.0,1000001.0,82857.0
Monday,Park,8,94114.0,9,31124.0,21837.0,17634.0,16281.0,1000001.0,114689.0
Monday,Park,8,94115.0,1,33021.0,29596.0,18884.0,17289.0,965800.0,76952.0
Monday,Park,8,94117.0,36,39169.0,23211.0,19255.0,17939.0,911500.0,94479.0
Monday,Park,8,94118.0,5,38319.0,19663.0,18633.0,17171.0,1000001.0,82857.0
Monday,Park,8,94122.0,1,56023.0,23699.0,23633.0,22162.0,774500.0,81768.0
Monday,Park,9,94102.0,3,31176.0,46472.0,18758.0,16844.0,574100.0,22517.0
Monday,Park,9,94114.0,1,31124.0,21837.0,17634.0,16281.0,1000001.0,114689.0
Monday,Park,9,94115.0,3,33021.0,29596.0,18884.0,17289.0,965800.0,76952.0
Monday,Park,9,94117.0,28,39169.0,23211.0,19255.0,17939.0,911500.0,94479.0
Monday,Park,9,94118.0,7,38319.0,19663.0,18633.0,17171.0,1000001.0,82857.0
Monday,Park,9,94122.0,1,56023.0,23699.0,23633.0,22162.0,774500.0,81768.0
Monday,Park,9,94131.0,2,26881.0,12926.0,13427.0,12618.0,859700.0,96889.0
Monday,Park,10,94112.0,1,79407.0,23606.0,23081.0,21975.0,602400.0,71625.0
Monday,Park,10,94114.0,3,31124.0,21837.0,17634.0,16281.0,1000001.0,114689.0
Monday,Park,10,94115.0,1,33021.0,29596.0,18884.0,17289.0,965800.0,76952.0
Monday,Park,10,94117.0,42,39169.0,23211.0,19255.0,17939.0,911500.0,94479.0
Monday,Park,10,94118.0,7,38319.0,19663.0,18633.0,17171.0,1000001.0,82857.0
Monday,Park,10,94122.0,10,56023.0,23699.0,23633.0,22162.0,774500.0,81768.0
Monday,Park,10,94131.0,9,26881.0,12926.0,13427.0,12618.0,859700.0,96889.0
Monday,Park,11,94114.0,13,31124.0,21837.0,17634.0,16281.0,1000001.0,114689.0
Monday,Park,11,94115.0,4,33021.0,29596.0,18884.0,17289.0,965800.0,76952.0
Monday,Park,11,94117.0,31,39169.0,23211.0,19255.0,17939.0,911500.0,94479.0
Monday,Park,11,94118.0,9,38319.0,19663.0,18633.0,17171.0,1000001.0,82857.0
Monday,Park,11,94122.0,1,56023.0,23699.0,23633.0,22162.0,774500.0,81768.0
Monday,Park,11,94131.0,5,26881.0,12926.0,13427.0,12618.0,859700.0,96889.0
Monday,Park,11,94158.0,1,4792.0,7288.0,2482.0,2271.0,643900.0,82195.0
Monday,Park,12,94105.0,1,5846.0,15826.0,4601.0,3586.0,740900.0,163949.0
Monday,Park,12,94114.0,10,31124.0,21837.0,17634.0,16281.0,1000001.0,114689.0
Monday,Park,12,94115.0,1,33021.0,29596.0,18884.0,17289.0,965800.0,76952.0
Monday,Park,12,94117.0,30,39169.0,23211.0,19255.0,17939.0,911500.0,94479.0
Monday,Park,12,94118.0,8,38319.0,19663.0,18633.0,17171.0,1000001.0,82857.0
Monday,Park,12,94122.0,1,56023.0,23699.0,23633.0,22162.0,774500.0,81768.0
Monday,Park,12,94127.0,1,19289.0,10895.0,7801.0,7511.0,916900.0,131351.0
Monday,Park,12,94131.0,9,26881.0,12926.0,13427.0,12618.0,859700.0,96889.0
Monday,Park,13,94114.0,3,31124.0,21837.0,17634.0,16281.0,1000001.0,114689.0
Monday,Park,13,94115.0,1,33021.0,29596.0,18884.0,17289.0,965800.0,76952.0
Monday,Park,13,94117.0,28,39169.0,23211.0,19255.0,17939.0,911500.0,94479.0
Monday,Park,13,94118.0,9,38319.0,19663.0,18633.0,17171.0,1000001.0,82857.0
Monday,Park,13,94131.0,11,26881.0,12926.0,13427.0,12618.0,859700.0,96889.0
Monday,Park,14,94114.0,1,31124.0,21837.0,17634.0,16281.0,1000001.0,114689.0
Monday,Park,14,94117.0,34,39169.0,23211.0,19255.0,17939.0,911500.0,94479.0
Monday,Park,14,94118.0,6,38319.0,19663.0,18633.0,17171.0,1000001.0,82857.0
Monday,Park,14,94131.0,1,26881.0,12926.0,13427.0,12618.0,859700.0,96889.0
Monday,Park,15,94114.0,8,31124.0,21837.0,17634.0,16281.0,1000001.0,114689.0
Monday,Park,15,94115.0,1,33021.0,29596.0,18884.0,17289.0,965800.0,76952.0
Monday,Park,15,94117.0,32,39169.0,23211.0,19255.0,17939.0,911500.0,94479.0
Monday,Park,15,94118.0,6,38319.0,19663.0,18633.0,17171.0,1000001.0,82857.0
Monday,Park,15,94122.0,1,56023.0,23699.0,23633.0,22162.0,774500.0,81768.0
Monday,Park,15,94131.0,4,26881.0,12926.0,13427.0,12618.0,859700.0,96889.0
Monday,Park,16,94102.0,1,31176.0,46472.0,18758.0,16844.0,574100.0,22517.0
Monday,Park,16,94110.0,1,69333.0,29816.0,28913.0,27128.0,768200.0,82111.0
Monday,Park,16,94114.0,3,31124.0,21837.0,17634.0,16281.0,1000001.0,114689.0
Monday,Park,16,94115.0,1,33021.0,29596.0,18884.0,17289.0,965800.0,76952.0
Monday,Park,16,94117.0,38,39169.0,23211.0,19255.0,17939.0,911500.0,94479.0
Monday,Park,16,94118.0,9,38319.0,19663.0,18633.0,17171.0,1000001.0,82857.0
Monday,Park,16,94122.0,1,56023.0,23699.0,23633.0,22162.0,774500.0,81768.0
Monday,Park,16,94131.0,4,26881.0,12926.0,13427.0,12618.0,859700.0,96889.0
Monday,Park,17,94114.0,4,31124.0,21837.0,17634.0,16281.0,1000001.0,114689.0
Monday,Park,17,94115.0,1,33021.0,29596.0,18884.0,17289.0,965800.0,76952.0
Monday,Park,17,94117.0,28,39169.0,23211.0,19255.0,17939.0,911500.0,94479.0
Monday,Park,17,94118.0,4,38319.0,19663.0,18633.0,17171.0,1000001.0,82857.0
Monday,Park,17,94122.0,3,56023.0,23699.0,23633.0,22162.0,774500.0,81768.0
Monday,Park,17,94131.0,3,26881.0,12926.0,13427.0,12618.0,859700.0,96889.0
Monday,Park,18,94102.0,2,31176.0,46472.0,18758.0,16844.0,574100.0,22517.0
Monday,Park,18,94110.0,1,69333.0,29816.0,28913.0,27128.0,768200.0,82111.0
Monday,Park,18,94112.0,1,79407.0,23606.0,23081.0,21975.0,602400.0,71625.0
Monday,Park,18,94114.0,3,31124.0,21837.0,17634.0,16281.0,1000001.0,114689.0
Monday,Park,18,94115.0,3,33021.0,29596.0,18884.0,17289.0,965800.0,76952.0
Monday,Park,18,94117.0,37,39169.0,23211.0,19255.0,17939.0,911500.0,94479.0
Monday,Park,18,94118.0,11,38319.0,19663.0,18633.0,17171.0,1000001.0,82857.0
Monday,Park,18,94122.0,2,56023.0,23699.0,23633.0,22162.0,774500.0,81768.0
Monday,Park,18,94131.0,4,26881.0,12926.0,13427.0,12618.0,859700.0,96889.0
Monday,Park,18,94132.0,2,28129.0,9045.0,10769.0,9993.0,733100.0,69223.0
Monday,Park,19,94114.0,10,31124.0,21837.0,17634.0,16281.0,1000001.0,114689.0
Monday,Park,19,94115.0,1,33021.0,29596.0,18884.0,17289.0,965800.0,76952.0
Monday,Park,19,94117.0,30,39169.0,23211.0,19255.0,17939.0,911500.0,94479.0
Monday,Park,19,94118.0,6,38319.0,19663.0,18633.0,17171.0,1000001.0,82857.0
Monday,Park,19,94122.0,4,56023.0,23699.0,23633.0,22162.0,774500.0,81768.0
Monday,Park,19,94131.0,4,26881.0,12926.0,13427.0,12618.0,859700.0,96889.0
Monday,Park,20,94114.0,11,31124.0,21837.0,17634.0,16281.0,1000001.0,114689.0
Monday,Park,20,94117.0,29,39169.0,23211.0,19255.0,17939.0,911500.0,94479.0
Monday,Park,20,94118.0,7,38319.0,19663.0,18633.0,17171.0,1000001.0,82857.0
Monday,Park,20,94122.0,2,56023.0,23699.0,23633.0,22162.0,774500.0,81768.0
Monday,Park,20,94131.0,6,26881.0,12926.0,13427.0,12618.0,859700.0,96889.0
Monday,Park,21,94114.0,4,31124.0,21837.0,17634.0,16281.0,1000001.0,114689.0
Monday,Park,21,94115.0,1,33021.0,29596.0,18884.0,17289.0,965800.0,76952.0
Monday,Park,21,94117.0,15,39169.0,23211.0,19255.0,17939.0,911500.0,94479.0
Monday,Park,21,94118.0,2,38319.0,19663.0,18633.0,17171.0,1000001.0,82857.0
Monday,Park,21,94131.0,2,26881.0,12926.0,13427.0,12618.0,859700.0,96889.0
Monday,Park,22,94114.0,5,31124.0,21837.0,17634.0,16281.0,1000001.0,114689.0
Monday,Park,22,94115.0,1,33021.0,29596.0,18884.0,17289.0,965800.0,76952.0
Monday,Park,22,94117.0,18,39169.0,23211.0,19255.0,17939.0,911500.0,94479.0
Monday,Park,22,94118.0,15,38319.0,19663.0,18633.0,17171.0,1000001.0,82857.0
Monday,Park,22,94131.0,4,26881.0,12926.0,13427.0,12618.0,859700.0,96889.0
Monday,Park,23,94114.0,8,31124.0,21837.0,17634.0,16281.0,1000001.0,114689.0
Monday,Park,23,94115.0,1,33021.0,29596.0,18884.0,17289.0,965800.0,76952.0
Monday,Park,23,94117.0,26,39169.0,23211.0,19255.0,17939.0,911500.0,94479.0
Monday,Park,23,94118.0,2,38319.0,19663.0,18633.0,17171.0,1000001.0,82857.0
Monday,Park,23,94122.0,3,56023.0,23699.0,23633.0,22162.0,774500.0,81768.0
Monday,Richmond,0,94102.0,1,31176.0,46472.0,18758.0,16844.0,574100.0,22517.0
Monday,Richmond,0,94115.0,10,33021.0,29596.0,18884.0,17289.0,965800.0,76952.0
Monday,Richmond,0,94118.0,24,38319.0,19663.0,18633.0,17171.0,1000001.0,82857.0
Monday,Richmond,0,94122.0,17,56023.0,23699.0,23633.0,22162.0,774500.0,81768.0
Monday,Richmond,1,94115.0,3,33021.0,29596.0,18884.0,17289.0,965800.0,76952.0
Monday,Richmond,1,94118.0,10,38319.0,19663.0,18633.0,17171.0,1000001.0,82857.0
Monday,Richmond,1,94122.0,14,56023.0,23699.0,23633.0,22162.0,774500.0,81768.0
Monday,Richmond,2,94115.0,3,33021.0,29596.0,18884.0,17289.0,965800.0,76952.0
Monday,Richmond,2,94118.0,10,38319.0,19663.0,18633.0,17171.0,1000001.0,82857.0
Monday,Richmond,2,94122.0,7,56023.0,23699.0,23633.0,22162.0,774500.0,81768.0
Monday,Richmond,3,94115.0,2,33021.0,29596.0,18884.0,17289.0,965800.0,76952.0
Monday,Richmond,3,94118.0,6,38319.0,19663.0,18633.0,17171.0,1000001.0,82857.0
Monday,Richmond,3,94122.0,1,56023.0,23699.0,23633.0,22162.0,774500.0,81768.0
Monday,Richmond,4,94115.0,2,33021.0,29596.0,18884.0,17289.0,965800.0,76952.0
Monday,Richmond,4,94118.0,7,38319.0,19663.0,18633.0,17171.0,1000001.0,82857.0
Monday,Richmond,4,94122.0,9,56023.0,23699.0,23633.0,22162.0,774500.0,81768.0
Monday,Richmond,5,94118.0,6,38319.0,19663.0,18633.0,17171.0,1000001.0,82857.0
Monday,Richmond,5,94122.0,1,56023.0,23699.0,23633.0,22162.0,774500.0,81768.0
Monday,Richmond,6,94115.0,1,33021.0,29596.0,18884.0,17289.0,965800.0,76952.0
Monday,Richmond,6,94118.0,7,38319.0,19663.0,18633.0,17171.0,1000001.0,82857.0
Monday,Richmond,6,94122.0,4,56023.0,23699.0,23633.0,22162.0,774500.0,81768.0
Monday,Richmond,7,94108.0,1,13768.0,50983.0,8843.0,7628.0,856900.0,35427.0
Monday,Richmond,7,94115.0,2,33021.0,29596.0,18884.0,17289.0,965800.0,76952.0
Monday,Richmond,7,94118.0,8,38319.0,19663.0,18633.0,17171.0,1000001.0,82857.0
Monday,Richmond,7,94122.0,9,56023.0,23699.0,23633.0,22162.0,774500.0,81768.0
Monday,Richmond,8,94115.0,8,33021.0,29596.0,18884.0,17289.0,965800.0,76952.0
Monday,Richmond,8,94118.0,27,38319.0,19663.0,18633.0,17171.0,1000001.0,82857.0
Monday,Richmond,8,94122.0,15,56023.0,23699.0,23633.0,22162.0,774500.0,81768.0
Monday,Richmond,9,94115.0,1,33021.0,29596.0,18884.0,17289.0,965800.0,76952.0
Monday,Richmond,9,94118.0,21,38319.0,19663.0,18633.0,17171.0,1000001.0,82857.0
Monday,Richmond,9,94122.0,8,56023.0,23699.0,23633.0,22162.0,774500.0,81768.0
Monday,Richmond,10,94115.0,16,33021.0,29596.0,18884.0,17289.0,965800.0,76952.0
Monday,Richmond,10,94118.0,31,38319.0,19663.0,18633.0,17171.0,1000001.0,82857.0
Monday,Richmond,10,94122.0,23,56023.0,23699.0,23633.0,22162.0,774500.0,81768.0
Monday,Richmond,11,94115.0,4,33021.0,29596.0,18884.0,17289.0,965800.0,76952.0
Monday,Richmond,11,94118.0,33,38319.0,19663.0,18633.0,17171.0,1000001.0,82857.0
Monday,Richmond,11,94122.0,26,56023.0,23699.0,23633.0,22162.0,774500.0,81768.0
Monday,Richmond,11,94129.0,1,3183.0,1381.0,1132.0,1086.0,,143320.0
Monday,Richmond,12,94115.0,11,33021.0,29596.0,18884.0,17289.0,965800.0,76952.0
Monday,Richmond,12,94118.0,24,38319.0,19663.0,18633.0,17171.0,1000001.0,82857.0
Monday,Richmond,12,94122.0,40,56023.0,23699.0,23633.0,22162.0,774500.0,81768.0
Monday,Richmond,13,94108.0,1,13768.0,50983.0,8843.0,7628.0,856900.0,35427.0
Monday,Richmond,13,94115.0,3,33021.0,29596.0,18884.0,17289.0,965800.0,76952.0
Monday,Richmond,13,94118.0,44,38319.0,19663.0,18633.0,17171.0,1000001.0,82857.0
Monday,Richmond,13,94122.0,32,56023.0,23699.0,23633.0,22162.0,774500.0,81768.0
Monday,Richmond,14,94115.0,4,33021.0,29596.0,18884.0,17289.0,965800.0,76952.0
Monday,Richmond,14,94118.0,29,38319.0,19663.0,18633.0,17171.0,1000001.0,82857.0
Monday,Richmond,14,94122.0,16,56023.0,23699.0,23633.0,22162.0,774500.0,81768.0
Monday,Richmond,14,94134.0,1,40798.0,17001.0,11867.0,11244.0,547800.0,56716.0
Monday,Richmond,15,94117.0,1,39169.0,23211.0,19255.0,17939.0,911500.0,94479.0
Monday,Richmond,15,94118.0,40,38319.0,19663.0,18633.0,17171.0,1000001.0,82857.0
Monday,Richmond,15,94122.0,24,56023.0,23699.0,23633.0,22162.0,774500.0,81768.0
Monday,Richmond,15,94129.0,2,3183.0,1381.0,1132.0,1086.0,,143320.0
Monday,Richmond,16,94115.0,15,33021.0,29596.0,18884.0,17289.0,965800.0,76952.0
Monday,Richmond,16,94117.0,1,39169.0,23211.0,19255.0,17939.0,911500.0,94479.0
Monday,Richmond,16,94118.0,30,38319.0,19663.0,18633.0,17171.0,1000001.0,82857.0
Monday,Richmond,16,94122.0,26,56023.0,23699.0,23633.0,22162.0,774500.0,81768.0
Monday,Richmond,17,94109.0,1,55984.0,47129.0,37182.0,33342.0,723200.0,60722.0
Monday,Richmond,17,94115.0,8,33021.0,29596.0,18884.0,17289.0,965800.0,76952.0
Monday,Richmond,17,94118.0,33,38319.0,19663.0,18633.0,17171.0,1000001.0,82857.0
Monday,Richmond,17,94122.0,18,56023.0,23699.0,23633.0,22162.0,774500.0,81768.0
Monday,Richmond,18,94115.0,12,33021.0,29596.0,18884.0,17289.0,965800.0,76952.0
Monday,Richmond,18,94118.0,35,38319.0,19663.0,18633.0,17171.0,1000001.0,82857.0
Monday,Richmond,18,94122.0,20,56023.0,23699.0,23633.0,22162.0,774500.0,81768.0
Monday,Richmond,18,94123.0,1,23088.0,22622.0,15083.0,13717.0,1000001.0,112650.0
Monday,Richmond,19,94115.0,4,33021.0,29596.0,18884.0,17289.0,965800.0,76952.0
Monday,Richmond,19,94118.0,47,38319.0,19663.0,18633.0,17171.0,1000001.0,82857.0
Monday,Richmond,19,94122.0,31,56023.0,23699.0,23633.0,22162.0,774500.0,81768.0
Monday,Richmond,19,94129.0,1,3183.0,1381.0,1132.0,1086.0,,143320.0
Monday,Richmond,20,94115.0,4,33021.0,29596.0,18884.0,17289.0,965800.0,76952.0
Monday,Richmond,20,94118.0,39,38319.0,19663.0,18633.0,17171.0,1000001.0,82857.0
Monday,Richmond,20,94122.0,13,56023.0,23699.0,23633.0,22162.0,774500.0,81768.0
Monday,Richmond,21,94115.0,8,33021.0,29596.0,18884.0,17289.0,965800.0,76952.0
Monday,Richmond,21,94118.0,31,38319.0,19663.0,18633.0,17171.0,1000001.0,82857.0
Monday,Richmond,21,94122.0,6,56023.0,23699.0,23633.0,22162.0,774500.0,81768.0
Monday,Richmond,22,94115.0,1,33021.0,29596.0,18884.0,17289.0,965800.0,76952.0
Monday,Richmond,22,94118.0,26,38319.0,19663.0,18633.0,17171.0,1000001.0,82857.0
Monday,Richmond,22,94122.0,10,56023.0,23699.0,23633.0,22162.0,774500.0,81768.0
Monday,Richmond,23,94115.0,7,33021.0,29596.0,18884.0,17289.0,965800.0,76952.0
Monday,Richmond,23,94118.0,31,38319.0,19663.0,18633.0,17171.0,1000001.0,82857.0
Monday,Richmond,23,94122.0,13,56023.0,23699.0,23633.0,22162.0,774500.0,81768.0
Monday,Southern,0,94102.0,16,31176.0,46472.0,18758.0,16844.0,574100.0,22517.0
Monday,Southern,0,94103.0,77,27170.0,20036.0,14778.0,13098.0,628000.0,43364.0
Monday,Southern,0,94104.0,5,406.0,5232.0,368.0,207.0,1000001.0,48750.0
Monday,Southern,0,94105.0,38,5846.0,15826.0,4601.0,3586.0,740900.0,163949.0
Monday,Southern,0,94107.0,2,26599.0,14845.0,15141.0,13736.0,719700.0,114439.0
Monday,Southern,0,94108.0,1,13768.0,50983.0,8843.0,7628.0,856900.0,35427.0
Monday,Southern,0,94118.0,2,38319.0,19663.0,18633.0,17171.0,1000001.0,82857.0
Monday,Southern,0,94130.0,2,2880.0,3196.0,786.0,656.0,,37500.0
Monday,Southern,0,94158.0,33,4792.0,7288.0,2482.0,2271.0,643900.0,82195.0
Monday,Southern,1,94102.0,7,31176.0,46472.0,18758.0,16844.0,574100.0,22517.0
Monday,Southern,1,94103.0,36,27170.0,20036.0,14778.0,13098.0,628000.0,43364.0
Monday,Southern,1,94104.0,1,406.0,5232.0,368.0,207.0,1000001.0,48750.0
Monday,Southern,1,94105.0,16,5846.0,15826.0,4601.0,3586.0,740900.0,163949.0
Monday,Southern,1,94107.0,2,26599.0,14845.0,15141.0,13736.0,719700.0,114439.0
Monday,Southern,1,94124.0,2,33996.0,6901.0,10812.0,9717.0,470400.0,50146.0
Monday,Southern,1,94158.0,5,4792.0,7288.0,2482.0,2271.0,643900.0,82195.0
Monday,Southern,2,94102.0,6,31176.0,46472.0,18758.0,16844.0,574100.0,22517.0
Monday,Southern,2,94103.0,20,27170.0,20036.0,14778.0,13098.0,628000.0,43364.0
Monday,Southern,2,94105.0,9,5846.0,15826.0,4601.0,3586.0,740900.0,163949.0
Monday,Southern,2,94107.0,2,26599.0,14845.0,15141.0,13736.0,719700.0,114439.0
Monday,Southern,2,94117.0,1,39169.0,23211.0,19255.0,17939.0,911500.0,94479.0
Monday,Southern,2,94130.0,1,2880.0,3196.0,786.0,656.0,,37500.0
Monday,Southern,2,94158.0,1,4792.0,7288.0,2482.0,2271.0,643900.0,82195.0
Monday,Southern,3,94102.0,8,31176.0,46472.0,18758.0,16844.0,574100.0,22517.0
Monday,Southern,3,94103.0,29,27170.0,20036.0,14778.0,13098.0,628000.0,43364.0
Monday,Southern,3,94105.0,13,5846.0,15826.0,4601.0,3586.0,740900.0,163949.0
Monday,Southern,3,94130.0,1,2880.0,3196.0,786.0,656.0,,37500.0
Monday,Southern,3,94158.0,4,4792.0,7288.0,2482.0,2271.0,643900.0,82195.0
Monday,Southern,4,94102.0,2,31176.0,46472.0,18758.0,16844.0,574100.0,22517.0
Monday,Southern,4,94103.0,19,27170.0,20036.0,14778.0,13098.0,628000.0,43364.0
Monday,Southern,4,94105.0,11,5846.0,15826.0,4601.0,3586.0,740900.0,163949.0
Monday,Southern,4,94107.0,1,26599.0,14845.0,15141.0,13736.0,719700.0,114439.0
Monday,Southern,4,94108.0,2,13768.0,50983.0,8843.0,7628.0,856900.0,35427.0
Monday,Southern,4,94109.0,1,55984.0,47129.0,37182.0,33342.0,723200.0,60722.0
Monday,Southern,4,94111.0,3,3713.0,10791.0,2811.0,2365.0,882000.0,89722.0
Monday,Southern,4,94130.0,3,2880.0,3196.0,786.0,656.0,,37500.0
Monday,Southern,4,94158.0,12,4792.0,7288.0,2482.0,2271.0,643900.0,82195.0
Monday,Southern,5,94102.0,6,31176.0,46472.0,18758.0,16844.0,574100.0,22517.0
Monday,Southern,5,94103.0,20,27170.0,20036.0,14778.0,13098.0,628000.0,43364.0
Monday,Southern,5,94104.0,2,406.0,5232.0,368.0,207.0,1000001.0,48750.0
Monday,Southern,5,94105.0,13,5846.0,15826.0,4601.0,3586.0,740900.0,163949.0
Monday,Southern,5,94107.0,2,26599.0,14845.0,15141.0,13736.0,719700.0,114439.0
Monday,Southern,5,94130.0,2,2880.0,3196.0,786.0,656.0,,37500.0
Monday,Southern,5,94158.0,6,4792.0,7288.0,2482.0,2271.0,643900.0,82195.0
Monday,Southern,6,94102.0,6,31176.0,46472.0,18758.0,16844.0,574100.0,22517.0
Monday,Southern,6,94103.0,28,27170.0,20036.0,14778.0,13098.0,628000.0,43364.0
Monday,Southern,6,94104.0,1,406.0,5232.0,368.0,207.0,1000001.0,48750.0
Monday,Southern,6,94105.0,8,5846.0,15826.0,4601.0,3586.0,740900.0,163949.0
Monday,Southern,6,94130.0,1,2880.0,3196.0,786.0,656.0,,37500.0
Monday,Southern,6,94158.0,16,4792.0,7288.0,2482.0,2271.0,643900.0,82195.0
Monday,Southern,7,94102.0,14,31176.0,46472.0,18758.0,16844.0,574100.0,22517.0
Monday,Southern,7,94103.0,45,27170.0,20036.0,14778.0,13098.0,628000.0,43364.0
Monday,Southern,7,94104.0,5,406.0,5232.0,368.0,207.0,1000001.0,48750.0
Monday,Southern,7,94105.0,9,5846.0,15826.0,4601.0,3586.0,740900.0,163949.0
Monday,Southern,7,94107.0,1,26599.0,14845.0,15141.0,13736.0,719700.0,114439.0
Monday,Southern,7,94110.0,1,69333.0,29816.0,28913.0,27128.0,768200.0,82111.0
Monday,Southern,7,94130.0,2,2880.0,3196.0,786.0,656.0,,37500.0
Monday,Southern,7,94158.0,15,4792.0,7288.0,2482.0,2271.0,643900.0,82195.0
Monday,Southern,8,94102.0,3,31176.0,46472.0,18758.0,16844.0,574100.0,22517.0
Monday,Southern,8,94103.0,50,27170.0,20036.0,14778.0,13098.0,628000.0,43364.0
Monday,Southern,8,94104.0,1,406.0,5232.0,368.0,207.0,1000001.0,48750.0
Monday,Southern,8,94105.0,21,5846.0,15826.0,4601.0,3586.0,740900.0,163949.0
Monday,Southern,8,94107.0,2,26599.0,14845.0,15141.0,13736.0,719700.0,114439.0
Monday,Southern,8,94117.0,1,39169.0,23211.0,19255.0,17939.0,911500.0,94479.0
Monday,Southern,8,94130.0,5,2880.0,3196.0,786.0,656.0,,37500.0
Monday,Southern,8,94158.0,17,4792.0,7288.0,2482.0,2271.0,643900.0,82195.0
Monday,Southern,9,94102.0,10,31176.0,46472.0,18758.0,16844.0,574100.0,22517.0
Monday,Southern,9,94103.0,51,27170.0,20036.0,14778.0,13098.0,628000.0,43364.0
Monday,Southern,9,94104.0,3,406.0,5232.0,368.0,207.0,1000001.0,48750.0
Monday,Southern,9,94105.0,20,5846.0,15826.0,4601.0,3586.0,740900.0,163949.0
Monday,Southern,9,94107.0,4,26599.0,14845.0,15141.0,13736.0,719700.0,114439.0
Monday,Southern,9,94117.0,1,39169.0,23211.0,19255.0,17939.0,911500.0,94479.0
Monday,Southern,9,94124.0,1,33996.0,6901.0,10812.0,9717.0,470400.0,50146.0
Monday,Southern,9,94130.0,5,2880.0,3196.0,786.0,656.0,,37500.0
Monday,Southern,9,94134.0,1,40798.0,17001.0,11867.0,11244.0,547800.0,56716.0
Monday,Southern,9,94158.0,26,4792.0,7288.0,2482.0,2271.0,643900.0,82195.0
Monday,Southern,10,94102.0,21,31176.0,46472.0,18758.0,16844.0,574100.0,22517.0
Monday,Southern,10,94103.0,64,27170.0,20036.0,14778.0,13098.0,628000.0,43364.0
Monday,Southern,10,94104.0,2,406.0,5232.0,368.0,207.0,1000001.0,48750.0
Monday,Southern,10,94105.0,27,5846.0,15826.0,4601.0,3586.0,740900.0,163949.0
Monday,Southern,10,94110.0,2,69333.0,29816.0,28913.0,27128.0,768200.0,82111.0
Monday,Southern,10,94118.0,1,38319.0,19663.0,18633.0,17171.0,1000001.0,82857.0
Monday,Southern,10,94134.0,1,40798.0,17001.0,11867.0,11244.0,547800.0,56716.0
Monday,Southern,10,94158.0,23,4792.0,7288.0,2482.0,2271.0,643900.0,82195.0
Monday,Southern,11,94102.0,10,31176.0,46472.0,18758.0,16844.0,574100.0,22517.0
Monday,Southern,11,94103.0,88,27170.0,20036.0,14778.0,13098.0,628000.0,43364.0
Monday,Southern,11,94104.0,2,406.0,5232.0,368.0,207.0,1000001.0,48750.0
Monday,Southern,11,94105.0,17,5846.0,15826.0,4601.0,3586.0,740900.0,163949.0
Monday,Southern,11,94107.0,2,26599.0,14845.0,15141.0,13736.0,719700.0,114439.0
Monday,Southern,11,94124.0,1,33996.0,6901.0,10812.0,9717.0,470400.0,50146.0
Monday,Southern,11,94130.0,1,2880.0,3196.0,786.0,656.0,,37500.0
Monday,Southern,11,94158.0,13,4792.0,7288.0,2482.0,2271.0,643900.0,82195.0
Monday,Southern,12,94102.0,10,31176.0,46472.0,18758.0,16844.0,574100.0,22517.0
Monday,Southern,12,94103.0,89,27170.0,20036.0,14778.0,13098.0,628000.0,43364.0
Monday,Southern,12,94104.0,2,406.0,5232.0,368.0,207.0,1000001.0,48750.0
Monday,Southern,12,94105.0,27,5846.0,15826.0,4601.0,3586.0,740900.0,163949.0
Monday,Southern,12,94158.0,19,4792.0,7288.0,2482.0,2271.0,643900.0,82195.0
Monday,Southern,13,94102.0,15,31176.0,46472.0,18758.0,16844.0,574100.0,22517.0
Monday,Southern,13,94103.0,55,27170.0,20036.0,14778.0,13098.0,628000.0,43364.0
Monday,Southern,13,94104.0,1,406.0,5232.0,368.0,207.0,1000001.0,48750.0
Monday,Southern,13,94105.0,25,5846.0,15826.0,4601.0,3586.0,740900.0,163949.0
Monday,Southern,13,94107.0,1,26599.0,14845.0,15141.0,13736.0,719700.0,114439.0
Monday,Southern,13,94117.0,1,39169.0,23211.0,19255.0,17939.0,911500.0,94479.0
Monday,Southern,13,94130.0,12,2880.0,3196.0,786.0,656.0,,37500.0
Monday,Southern,13,94158.0,21,4792.0,7288.0,2482.0,2271.0,643900.0,82195.0
Monday,Southern,14,94102.0,16,31176.0,46472.0,18758.0,16844.0,574100.0,22517.0
Monday,Southern,14,94103.0,67,27170.0,20036.0,14778.0,13098.0,628000.0,43364.0
Monday,Southern,14,94104.0,3,406.0,5232.0,368.0,207.0,1000001.0,48750.0
Monday,Southern,14,94105.0,25,5846.0,15826.0,4601.0,3586.0,740900.0,163949.0
Monday,Southern,14,94117.0,1,39169.0,23211.0,19255.0,17939.0,911500.0,94479.0
Monday,Southern,14,94130.0,6,2880.0,3196.0,786.0,656.0,,37500.0
Monday,Southern,14,94158.0,17,4792.0,7288.0,2482.0,2271.0,643900.0,82195.0
Monday,Southern,15,94102.0,4,31176.0,46472.0,18758.0,16844.0,574100.0,22517.0
Monday,Southern,15,94103.0,78,27170.0,20036.0,14778.0,13098.0,628000.0,43364.0
Monday,Southern,15,94104.0,4,406.0,5232.0,368.0,207.0,1000001.0,48750.0
Monday,Southern,15,94105.0,20,5846.0,15826.0,4601.0,3586.0,740900.0,163949.0
Monday,Southern,15,94107.0,1,26599.0,14845.0,15141.0,13736.0,719700.0,114439.0
Monday,Southern,15,94110.0,1,69333.0,29816.0,28913.0,27128.0,768200.0,82111.0
Monday,Southern,15,94130.0,4,2880.0,3196.0,786.0,656.0,,37500.0
Monday,Southern,15,94158.0,18,4792.0,7288.0,2482.0,2271.0,643900.0,82195.0
Monday,Southern,16,94102.0,15,31176.0,46472.0,18758.0,16844.0,574100.0,22517.0
Monday,Southern,16,94103.0,72,27170.0,20036.0,14778.0,13098.0,628000.0,43364.0
Monday,Southern,16,94104.0,6,406.0,5232.0,368.0,207.0,1000001.0,48750.0
Monday,Southern,16,94105.0,29,5846.0,15826.0,4601.0,3586.0,740900.0,163949.0
Monday,Southern,16,94109.0,1,55984.0,47129.0,37182.0,33342.0,723200.0,60722.0
Monday,Southern,16,94130.0,4,2880.0,3196.0,786.0,656.0,,37500.0
Monday,Southern,16,94158.0,17,4792.0,7288.0,2482.0,2271.0,643900.0,82195.0
Monday,Southern,17,94102.0,14,31176.0,46472.0,18758.0,16844.0,574100.0,22517.0
Monday,Southern,17,94103.0,81,27170.0,20036.0,14778.0,13098.0,628000.0,43364.0
Monday,Southern,17,94104.0,2,406.0,5232.0,368.0,207.0,1000001.0,48750.0
Monday,Southern,17,94105.0,32,5846.0,15826.0,4601.0,3586.0,740900.0,163949.0
Monday,Southern,17,94107.0,1,26599.0,14845.0,15141.0,13736.0,719700.0,114439.0
Monday,Southern,17,94130.0,7,2880.0,3196.0,786.0,656.0,,37500.0
Monday,Southern,17,94158.0,24,4792.0,7288.0,2482.0,2271.0,643900.0,82195.0
Monday,Southern,18,94102.0,11,31176.0,46472.0,18758.0,16844.0,574100.0,22517.0
Monday,Southern,18,94103.0,57,27170.0,20036.0,14778.0,13098.0,628000.0,43364.0
Monday,Southern,18,94104.0,2,406.0,5232.0,368.0,207.0,1000001.0,48750.0
Monday,Southern,18,94105.0,54,5846.0,15826.0,4601.0,3586.0,740900.0,163949.0
Monday,Southern,18,94107.0,6,26599.0,14845.0,15141.0,13736.0,719700.0,114439.0
Monday,Southern,18,94108.0,2,13768.0,50983.0,8843.0,7628.0,856900.0,35427.0
Monday,Southern,18,94130.0,3,2880.0,3196.0,786.0,656.0,,37500.0
Monday,Southern,18,94158.0,29,4792.0,7288.0,2482.0,2271.0,643900.0,82195.0
Monday,Southern,19,94102.0,13,31176.0,46472.0,18758.0,16844.0,574100.0,22517.0
Monday,Southern,19,94103.0,57,27170.0,20036.0,14778.0,13098.0,628000.0,43364.0
Monday,Southern,19,94104.0,1,406.0,5232.0,368.0,207.0,1000001.0,48750.0
Monday,Southern,19,94105.0,40,5846.0,15826.0,4601.0,3586.0,740900.0,163949.0
Monday,Southern,19,94107.0,2,26599.0,14845.0,15141.0,13736.0,719700.0,114439.0
Monday,Southern,19,94109.0,1,55984.0,47129.0,37182.0,33342.0,723200.0,60722.0
Monday,Southern,19,94118.0,2,38319.0,19663.0,18633.0,17171.0,1000001.0,82857.0
Monday,Southern,19,94130.0,3,2880.0,3196.0,786.0,656.0,,37500.0
Monday,Southern,19,94158.0,29,4792.0,7288.0,2482.0,2271.0,643900.0,82195.0
Monday,Southern,20,94102.0,12,31176.0,46472.0,18758.0,16844.0,574100.0,22517.0
Monday,Southern,20,94103.0,74,27170.0,20036.0,14778.0,13098.0,628000.0,43364.0
Monday,Southern,20,94104.0,4,406.0,5232.0,368.0,207.0,1000001.0,48750.0
Monday,Southern,20,94105.0,33,5846.0,15826.0,4601.0,3586.0,740900.0,163949.0
Monday,Southern,20,94107.0,1,26599.0,14845.0,15141.0,13736.0,719700.0,114439.0
Monday,Southern,20,94111.0,3,3713.0,10791.0,2811.0,2365.0,882000.0,89722.0
Monday,Southern,20,94130.0,4,2880.0,3196.0,786.0,656.0,,37500.0
Monday,Southern,20,94158.0,27,4792.0,7288.0,2482.0,2271.0,643900.0,82195.0
Monday,Southern,21,94102.0,9,31176.0,46472.0,18758.0,16844.0,574100.0,22517.0
Monday,Southern,21,94103.0,55,27170.0,20036.0,14778.0,13098.0,628000.0,43364.0
Monday,Southern,21,94104.0,3,406.0,5232.0,368.0,207.0,1000001.0,48750.0
Monday,Southern,21,94105.0,24,5846.0,15826.0,4601.0,3586.0,740900.0,163949.0
Monday,Southern,21,94107.0,3,26599.0,14845.0,15141.0,13736.0,719700.0,114439.0
Monday,Southern,21,94158.0,22,4792.0,7288.0,2482.0,2271.0,643900.0,82195.0
Monday,Southern,22,94102.0,9,31176.0,46472.0,18758.0,16844.0,574100.0,22517.0
Monday,Southern,22,94103.0,48,27170.0,20036.0,14778.0,13098.0,628000.0,43364.0
Monday,Southern,22,94104.0,1,406.0,5232.0,368.0,207.0,1000001.0,48750.0
Monday,Southern,22,94105.0,18,5846.0,15826.0,4601.0,3586.0,740900.0,163949.0
Monday,Southern,22,94130.0,6,2880.0,3196.0,786.0,656.0,,37500.0
Monday,Southern,22,94158.0,13,4792.0,7288.0,2482.0,2271.0,643900.0,82195.0
Monday,Southern,23,94102.0,8,31176.0,46472.0,18758.0,16844.0,574100.0,22517.0
Monday,Southern,23,94103.0,48,27170.0,20036.0,14778.0,13098.0,628000.0,43364.0
Monday,Southern,23,94104.0,1,406.0,5232.0,368.0,207.0,1000001.0,48750.0
Monday,Southern,23,94105.0,20,5846.0,15826.0,4601.0,3586.0,740900.0,163949.0
Monday,Southern,23,94107.0,1,26599.0,14845.0,15141.0,13736.0,719700.0,114439.0
Monday,Southern,23,94158.0,9,4792.0,7288.0,2482.0,2271.0,643900.0,82195.0
Monday,Taraval,0,94103.0,2,27170.0,20036.0,14778.0,13098.0,628000.0,43364.0
Monday,Taraval,0,94112.0,2,79407.0,23606.0,23081.0,21975.0,602400.0,71625.0
Monday,Taraval,0,94116.0,28,43698.0,16901.0,16283.0,15445.0,734400.0,83407.0
Monday,Taraval,0,94122.0,17,56023.0,23699.0,23633.0,22162.0,774500.0,81768.0
Monday,Taraval,0,94127.0,7,19289.0,10895.0,7801.0,7511.0,916900.0,131351.0
Monday,Taraval,0,94132.0,13,28129.0,9045.0,10769.0,9993.0,733100.0,69223.0
Monday,Taraval,1,94112.0,3,79407.0,23606.0,23081.0,21975.0,602400.0,71625.0
Monday,Taraval,1,94116.0,8,43698.0,16901.0,16283.0,15445.0,734400.0,83407.0
Monday,Taraval,1,94122.0,17,56023.0,23699.0,23633.0,22162.0,774500.0,81768.0
Monday,Taraval,1,94127.0,7,19289.0,10895.0,7801.0,7511.0,916900.0,131351.0
Monday,Taraval,1,94132.0,4,28129.0,9045.0,10769.0,9993.0,733100.0,69223.0
Monday,Taraval,2,94112.0,1,79407.0,23606.0,23081.0,21975.0,602400.0,71625.0
Monday,Taraval,2,94116.0,9,43698.0,16901.0,16283.0,15445.0,734400.0,83407.0
Monday,Taraval,2,94122.0,6,56023.0,23699.0,23633.0,22162.0,774500.0,81768.0
Monday,Taraval,2,94127.0,1,19289.0,10895.0,7801.0,7511.0,916900.0,131351.0
Monday,Taraval,2,94132.0,10,28129.0,9045.0,10769.0,9993.0,733100.0,69223.0
Monday,Taraval,3,94108.0,1,13768.0,50983.0,8843.0,7628.0,856900.0,35427.0
Monday,Taraval,3,94116.0,9,43698.0,16901.0,16283.0,15445.0,734400.0,83407.0
Monday,Taraval,3,94122.0,3,56023.0,23699.0,23633.0,22162.0,774500.0,81768.0
Monday,Taraval,3,94127.0,2,19289.0,10895.0,7801.0,7511.0,916900.0,131351.0
Monday,Taraval,3,94132.0,1,28129.0,9045.0,10769.0,9993.0,733100.0,69223.0
Monday,Taraval,4,94116.0,2,43698.0,16901.0,16283.0,15445.0,734400.0,83407.0
Monday,Taraval,4,94122.0,4,56023.0,23699.0,23633.0,22162.0,774500.0,81768.0
Monday,Taraval,4,94127.0,3,19289.0,10895.0,7801.0,7511.0,916900.0,131351.0
Monday,Taraval,4,94131.0,1,26881.0,12926.0,13427.0,12618.0,859700.0,96889.0
Monday,Taraval,5,94112.0,3,79407.0,23606.0,23081.0,21975.0,602400.0,71625.0
Monday,Taraval,5,94116.0,4,43698.0,16901.0,16283.0,15445.0,734400.0,83407.0
Monday,Taraval,5,94122.0,3,56023.0,23699.0,23633.0,22162.0,774500.0,81768.0
Monday,Taraval,5,94127.0,6,19289.0,10895.0,7801.0,7511.0,916900.0,131351.0
Monday,Taraval,5,94132.0,2,28129.0,9045.0,10769.0,9993.0,733100.0,69223.0
Monday,Taraval,6,94112.0,4,79407.0,23606.0,23081.0,21975.0,602400.0,71625.0
Monday,Taraval,6,94116.0,5,43698.0,16901.0,16283.0,15445.0,734400.0,83407.0
Monday,Taraval,6,94122.0,8,56023.0,23699.0,23633.0,22162.0,774500.0,81768.0
Monday,Taraval,6,94127.0,4,19289.0,10895.0,7801.0,7511.0,916900.0,131351.0
Monday,Taraval,6,94132.0,2,28129.0,9045.0,10769.0,9993.0,733100.0,69223.0
Monday,Taraval,7,94112.0,1,79407.0,23606.0,23081.0,21975.0,602400.0,71625.0
Monday,Taraval,7,94116.0,12,43698.0,16901.0,16283.0,15445.0,734400.0,83407.0
Monday,Taraval,7,94122.0,11,56023.0,23699.0,23633.0,22162.0,774500.0,81768.0
Monday,Taraval,7,94127.0,7,19289.0,10895.0,7801.0,7511.0,916900.0,131351.0
Monday,Taraval,7,94132.0,6,28129.0,9045.0,10769.0,9993.0,733100.0,69223.0
Monday,Taraval,8,94112.0,5,79407.0,23606.0,23081.0,21975.0,602400.0,71625.0
Monday,Taraval,8,94116.0,14,43698.0,16901.0,16283.0,15445.0,734400.0,83407.0
Monday,Taraval,8,94122.0,31,56023.0,23699.0,23633.0,22162.0,774500.0,81768.0
Monday,Taraval,8,94127.0,13,19289.0,10895.0,7801.0,7511.0,916900.0,131351.0
Monday,Taraval,8,94132.0,9,28129.0,9045.0,10769.0,9993.0,733100.0,69223.0
Monday,Taraval,9,94112.0,2,79407.0,23606.0,23081.0,21975.0,602400.0,71625.0
Monday,Taraval,9,94116.0,20,43698.0,16901.0,16283.0,15445.0,734400.0,83407.0
Monday,Taraval,9,94122.0,15,56023.0,23699.0,23633.0,22162.0,774500.0,81768.0
Monday,Taraval,9,94127.0,12,19289.0,10895.0,7801.0,7511.0,916900.0,131351.0
Monday,Taraval,9,94132.0,11,28129.0,9045.0,10769.0,9993.0,733100.0,69223.0
Monday,Taraval,10,94112.0,5,79407.0,23606.0,23081.0,21975.0,602400.0,71625.0
Monday,Taraval,10,94116.0,19,43698.0,16901.0,16283.0,15445.0,734400.0,83407.0
Monday,Taraval,10,94122.0,13,56023.0,23699.0,23633.0,22162.0,774500.0,81768.0
Monday,Taraval,10,94127.0,11,19289.0,10895.0,7801.0,7511.0,916900.0,131351.0
Monday,Taraval,10,94132.0,28,28129.0,9045.0,10769.0,9993.0,733100.0,69223.0
Monday,Taraval,11,94112.0,5,79407.0,23606.0,23081.0,21975.0,602400.0,71625.0
Monday,Taraval,11,94116.0,19,43698.0,16901.0,16283.0,15445.0,734400.0,83407.0
Monday,Taraval,11,94122.0,18,56023.0,23699.0,23633.0,22162.0,774500.0,81768.0
Monday,Taraval,11,94127.0,5,19289.0,10895.0,7801.0,7511.0,916900.0,131351.0
Monday,Taraval,11,94132.0,17,28129.0,9045.0,10769.0,9993.0,733100.0,69223.0
Monday,Taraval,12,94103.0,1,27170.0,20036.0,14778.0,13098.0,628000.0,43364.0
Monday,Taraval,12,94112.0,1,79407.0,23606.0,23081.0,21975.0,602400.0,71625.0
Monday,Taraval,12,94116.0,35,43698.0,16901.0,16283.0,15445.0,734400.0,83407.0
Monday,Taraval,12,94122.0,39,56023.0,23699.0,23633.0,22162.0,774500.0,81768.0
Monday,Taraval,12,94127.0,20,19289.0,10895.0,7801.0,7511.0,916900.0,131351.0
Monday,Taraval,12,94132.0,30,28129.0,9045.0,10769.0,9993.0,733100.0,69223.0
Monday,Taraval,13,94112.0,2,79407.0,23606.0,23081.0,21975.0,602400.0,71625.0
Monday,Taraval,13,94116.0,26,43698.0,16901.0,16283.0,15445.0,734400.0,83407.0
Monday,Taraval,13,94122.0,23,56023.0,23699.0,23633.0,22162.0,774500.0,81768.0
Monday,Taraval,13,94127.0,9,19289.0,10895.0,7801.0,7511.0,916900.0,131351.0
Monday,Taraval,13,94132.0,19,28129.0,9045.0,10769.0,9993.0,733100.0,69223.0
Monday,Taraval,14,94112.0,3,79407.0,23606.0,23081.0,21975.0,602400.0,71625.0
Monday,Taraval,14,94116.0,25,43698.0,16901.0,16283.0,15445.0,734400.0,83407.0
Monday,Taraval,14,94122.0,21,56023.0,23699.0,23633.0,22162.0,774500.0,81768.0
Monday,Taraval,14,94127.0,18,19289.0,10895.0,7801.0,7511.0,916900.0,131351.0
Monday,Taraval,14,94132.0,19,28129.0,9045.0,10769.0,9993.0,733100.0,69223.0
Monday,Taraval,15,94112.0,1,79407.0,23606.0,23081.0,21975.0,602400.0,71625.0
Monday,Taraval,15,94116.0,27,43698.0,16901.0,16283.0,15445.0,734400.0,83407.0
Monday,Taraval,15,94122.0,20,56023.0,23699.0,23633.0,22162.0,774500.0,81768.0
Monday,Taraval,15,94127.0,16,19289.0,10895.0,7801.0,7511.0,916900.0,131351.0
Monday,Taraval,15,94132.0,27,28129.0,9045.0,10769.0,9993.0,733100.0,69223.0
Monday,Taraval,16,94112.0,2,79407.0,23606.0,23081.0,21975.0,602400.0,71625.0
Monday,Taraval,16,94116.0,34,43698.0,16901.0,16283.0,15445.0,734400.0,83407.0
Monday,Taraval,16,94118.0,1,38319.0,19663.0,18633.0,17171.0,1000001.0,82857.0
Monday,Taraval,16,94122.0,15,56023.0,23699.0,23633.0,22162.0,774500.0,81768.0
Monday,Taraval,16,94127.0,14,19289.0,10895.0,7801.0,7511.0,916900.0,131351.0
Monday,Taraval,16,94132.0,25,28129.0,9045.0,10769.0,9993.0,733100.0,69223.0
Monday,Taraval,17,94103.0,2,27170.0,20036.0,14778.0,13098.0,628000.0,43364.0
Monday,Taraval,17,94112.0,5,79407.0,23606.0,23081.0,21975.0,602400.0,71625.0
Monday,Taraval,17,94116.0,21,43698.0,16901.0,16283.0,15445.0,734400.0,83407.0
Monday,Taraval,17,94122.0,24,56023.0,23699.0,23633.0,22162.0,774500.0,81768.0
Monday,Taraval,17,94127.0,9,19289.0,10895.0,7801.0,7511.0,916900.0,131351.0
Monday,Taraval,17,94132.0,29,28129.0,9045.0,10769.0,9993.0,733100.0,69223.0
Monday,Taraval,18,94112.0,3,79407.0,23606.0,23081.0,21975.0,602400.0,71625.0
Monday,Taraval,18,94116.0,28,43698.0,16901.0,16283.0,15445.0,734400.0,83407.0
Monday,Taraval,18,94122.0,27,56023.0,23699.0,23633.0,22162.0,774500.0,81768.0
Monday,Taraval,18,94127.0,19,19289.0,10895.0,7801.0,7511.0,916900.0,131351.0
Monday,Taraval,18,94132.0,30,28129.0,9045.0,10769.0,9993.0,733100.0,69223.0
Monday,Taraval,18,94134.0,1,40798.0,17001.0,11867.0,11244.0,547800.0,56716.0
Monday,Taraval,19,94112.0,1,79407.0,23606.0,23081.0,21975.0,602400.0,71625.0
Monday,Taraval,19,94116.0,29,43698.0,16901.0,16283.0,15445.0,734400.0,83407.0
Monday,Taraval,19,94122.0,33,56023.0,23699.0,23633.0,22162.0,774500.0,81768.0
Monday,Taraval,19,94127.0,11,19289.0,10895.0,7801.0,7511.0,916900.0,131351.0
Monday,Taraval,19,94131.0,1,26881.0,12926.0,13427.0,12618.0,859700.0,96889.0
Monday,Taraval,19,94132.0,24,28129.0,9045.0,10769.0,9993.0,733100.0,69223.0
Monday,Taraval,20,94112.0,3,79407.0,23606.0,23081.0,21975.0,602400.0,71625.0
Monday,Taraval,20,94116.0,21,43698.0,16901.0,16283.0,15445.0,734400.0,83407.0
Monday,Taraval,20,94122.0,13,56023.0,23699.0,23633.0,22162.0,774500.0,81768.0
Monday,Taraval,20,94127.0,8,19289.0,10895.0,7801.0,7511.0,916900.0,131351.0
Monday,Taraval,20,94132.0,21,28129.0,9045.0,10769.0,9993.0,733100.0,69223.0
Monday,Taraval,20,94134.0,2,40798.0,17001.0,11867.0,11244.0,547800.0,56716.0
Monday,Taraval,21,94112.0,3,79407.0,23606.0,23081.0,21975.0,602400.0,71625.0
Monday,Taraval,21,94116.0,19,43698.0,16901.0,16283.0,15445.0,734400.0,83407.0
Monday,Taraval,21,94122.0,16,56023.0,23699.0,23633.0,22162.0,774500.0,81768.0
Monday,Taraval,21,94127.0,8,19289.0,10895.0,7801.0,7511.0,916900.0,131351.0
Monday,Taraval,21,94132.0,11,28129.0,9045.0,10769.0,9993.0,733100.0,69223.0
Monday,Taraval,22,94112.0,2,79407.0,23606.0,23081.0,21975.0,602400.0,71625.0
Monday,Taraval,22,94116.0,28,43698.0,16901.0,16283.0,15445.0,734400.0,83407.0
Monday,Taraval,22,94122.0,14,56023.0,23699.0,23633.0,22162.0,774500.0,81768.0
Monday,Taraval,22,94127.0,10,19289.0,10895.0,7801.0,7511.0,916900.0,131351.0
Monday,Taraval,22,94132.0,8,28129.0,9045.0,10769.0,9993.0,733100.0,69223.0
Monday,Taraval,23,94112.0,2,79407.0,23606.0,23081.0,21975.0,602400.0,71625.0
Monday,Taraval,23,94116.0,11,43698.0,16901.0,16283.0,15445.0,734400.0,83407.0
Monday,Taraval,23,94122.0,17,56023.0,23699.0,23633.0,22162.0,774500.0,81768.0
Monday,Taraval,23,94127.0,6,19289.0,10895.0,7801.0,7511.0,916900.0,131351.0
Monday,Taraval,23,94132.0,5,28129.0,9045.0,10769.0,9993.0,733100.0,69223.0
Monday,Tenderloin,0,94102.0,16,31176.0,46472.0,18758.0,16844.0,574100.0,22517.0
Monday,Tenderloin,0,94103.0,61,27170.0,20036.0,14778.0,13098.0,628000.0,43364.0
Monday,Tenderloin,0,94104.0,2,406.0,5232.0,368.0,207.0,1000001.0,48750.0
Monday,Tenderloin,0,94108.0,4,13768.0,50983.0,8843.0,7628.0,856900.0,35427.0
Monday,Tenderloin,0,94109.0,9,55984.0,47129.0,37182.0,33342.0,723200.0,60722.0
Monday,Tenderloin,1,94102.0,3,31176.0,46472.0,18758.0,16844.0,574100.0,22517.0
Monday,Tenderloin,1,94103.0,22,27170.0,20036.0,14778.0,13098.0,628000.0,43364.0
Monday,Tenderloin,1,94108.0,2,13768.0,50983.0,8843.0,7628.0,856900.0,35427.0
Monday,Tenderloin,1,94109.0,4,55984.0,47129.0,37182.0,33342.0,723200.0,60722.0
Monday,Tenderloin,2,94102.0,9,31176.0,46472.0,18758.0,16844.0,574100.0,22517.0
Monday,Tenderloin,2,94103.0,11,27170.0,20036.0,14778.0,13098.0,628000.0,43364.0
Monday,Tenderloin,2,94108.0,1,13768.0,50983.0,8843.0,7628.0,856900.0,35427.0
Monday,Tenderloin,2,94109.0,1,55984.0,47129.0,37182.0,33342.0,723200.0,60722.0
Monday,Tenderloin,2,94110.0,1,69333.0,29816.0,28913.0,27128.0,768200.0,82111.0
Monday,Tenderloin,3,94102.0,3,31176.0,46472.0,18758.0,16844.0,574100.0,22517.0
Monday,Tenderloin,3,94103.0,9,27170.0,20036.0,14778.0,13098.0,628000.0,43364.0
Monday,Tenderloin,3,94109.0,1,55984.0,47129.0,37182.0,33342.0,723200.0,60722.0
Monday,Tenderloin,4,94102.0,6,31176.0,46472.0,18758.0,16844.0,574100.0,22517.0
Monday,Tenderloin,4,94103.0,6,27170.0,20036.0,14778.0,13098.0,628000.0,43364.0
Monday,Tenderloin,4,94104.0,1,406.0,5232.0,368.0,207.0,1000001.0,48750.0
Monday,Tenderloin,4,94108.0,2,13768.0,50983.0,8843.0,7628.0,856900.0,35427.0
Monday,Tenderloin,5,94102.0,3,31176.0,46472.0,18758.0,16844.0,574100.0,22517.0
Monday,Tenderloin,5,94103.0,19,27170.0,20036.0,14778.0,13098.0,628000.0,43364.0
Monday,Tenderloin,5,94108.0,2,13768.0,50983.0,8843.0,7628.0,856900.0,35427.0
Monday,Tenderloin,5,94109.0,2,55984.0,47129.0,37182.0,33342.0,723200.0,60722.0
Monday,Tenderloin,6,94102.0,18,31176.0,46472.0,18758.0,16844.0,574100.0,22517.0
Monday,Tenderloin,6,94103.0,32,27170.0,20036.0,14778.0,13098.0,628000.0,43364.0
Monday,Tenderloin,6,94104.0,1,406.0,5232.0,368.0,207.0,1000001.0,48750.0
Monday,Tenderloin,6,94109.0,1,55984.0,47129.0,37182.0,33342.0,723200.0,60722.0
Monday,Tenderloin,7,94102.0,9,31176.0,46472.0,18758.0,16844.0,574100.0,22517.0
Monday,Tenderloin,7,94103.0,31,27170.0,20036.0,14778.0,13098.0,628000.0,43364.0
Monday,Tenderloin,7,94108.0,10,13768.0,50983.0,8843.0,7628.0,856900.0,35427.0
Monday,Tenderloin,7,94109.0,4,55984.0,47129.0,37182.0,33342.0,723200.0,60722.0
Monday,Tenderloin,8,94102.0,36,31176.0,46472.0,18758.0,16844.0,574100.0,22517.0
Monday,Tenderloin,8,94103.0,63,27170.0,20036.0,14778.0,13098.0,628000.0,43364.0
Monday,Tenderloin,8,94104.0,9,406.0,5232.0,368.0,207.0,1000001.0,48750.0
Monday,Tenderloin,8,94108.0,13,13768.0,50983.0,8843.0,7628.0,856900.0,35427.0
Monday,Tenderloin,8,94109.0,5,55984.0,47129.0,37182.0,33342.0,723200.0,60722.0
Monday,Tenderloin,9,94102.0,30,31176.0,46472.0,18758.0,16844.0,574100.0,22517.0
Monday,Tenderloin,9,94103.0,50,27170.0,20036.0,14778.0,13098.0,628000.0,43364.0
Monday,Tenderloin,9,94108.0,5,13768.0,50983.0,8843.0,7628.0,856900.0,35427.0
Monday,Tenderloin,9,94109.0,5,55984.0,47129.0,37182.0,33342.0,723200.0,60722.0
Monday,Tenderloin,10,94102.0,36,31176.0,46472.0,18758.0,16844.0,574100.0,22517.0
Monday,Tenderloin,10,94103.0,67,27170.0,20036.0,14778.0,13098.0,628000.0,43364.0
Monday,Tenderloin,10,94104.0,2,406.0,5232.0,368.0,207.0,1000001.0,48750.0
Monday,Tenderloin,10,94108.0,7,13768.0,50983.0,8843.0,7628.0,856900.0,35427.0
Monday,Tenderloin,10,94109.0,1,55984.0,47129.0,37182.0,33342.0,723200.0,60722.0
Monday,Tenderloin,11,94102.0,30,31176.0,46472.0,18758.0,16844.0,574100.0,22517.0
Monday,Tenderloin,11,94103.0,82,27170.0,20036.0,14778.0,13098.0,628000.0,43364.0
Monday,Tenderloin,11,94104.0,2,406.0,5232.0,368.0,207.0,1000001.0,48750.0
Monday,Tenderloin,11,94108.0,5,13768.0,50983.0,8843.0,7628.0,856900.0,35427.0
Monday,Tenderloin,11,94109.0,2,55984.0,47129.0,37182.0,33342.0,723200.0,60722.0
Monday,Tenderloin,12,94102.0,32,31176.0,46472.0,18758.0,16844.0,574100.0,22517.0
Monday,Tenderloin,12,94103.0,98,27170.0,20036.0,14778.0,13098.0,628000.0,43364.0
Monday,Tenderloin,12,94104.0,6,406.0,5232.0,368.0,207.0,1000001.0,48750.0
Monday,Tenderloin,12,94108.0,9,13768.0,50983.0,8843.0,7628.0,856900.0,35427.0
Monday,Tenderloin,12,94109.0,2,55984.0,47129.0,37182.0,33342.0,723200.0,60722.0
Monday,Tenderloin,12,94112.0,1,79407.0,23606.0,23081.0,21975.0,602400.0,71625.0
Monday,Tenderloin,13,94102.0,46,31176.0,46472.0,18758.0,16844.0,574100.0,22517.0
Monday,Tenderloin,13,94103.0,79,27170.0,20036.0,14778.0,13098.0,628000.0,43364.0
Monday,Tenderloin,13,94104.0,7,406.0,5232.0,368.0,207.0,1000001.0,48750.0
Monday,Tenderloin,13,94108.0,3,13768.0,50983.0,8843.0,7628.0,856900.0,35427.0
Monday,Tenderloin,13,94109.0,1,55984.0,47129.0,37182.0,33342.0,723200.0,60722.0
Monday,Tenderloin,14,94102.0,38,31176.0,46472.0,18758.0,16844.0,574100.0,22517.0
Monday,Tenderloin,14,94103.0,72,27170.0,20036.0,14778.0,13098.0,628000.0,43364.0
Monday,Tenderloin,14,94104.0,2,406.0,5232.0,368.0,207.0,1000001.0,48750.0
Monday,Tenderloin,14,94108.0,7,13768.0,50983.0,8843.0,7628.0,856900.0,35427.0
Monday,Tenderloin,14,94109.0,1,55984.0,47129.0,37182.0,33342.0,723200.0,60722.0
Monday,Tenderloin,15,94102.0,32,31176.0,46472.0,18758.0,16844.0,574100.0,22517.0
Monday,Tenderloin,15,94103.0,98,27170.0,20036.0,14778.0,13098.0,628000.0,43364.0
Monday,Tenderloin,15,94104.0,3,406.0,5232.0,368.0,207.0,1000001.0,48750.0
Monday,Tenderloin,15,94108.0,7,13768.0,50983.0,8843.0,7628.0,856900.0,35427.0
Monday,Tenderloin,15,94109.0,2,55984.0,47129.0,37182.0,33342.0,723200.0,60722.0
Monday,Tenderloin,15,94123.0,1,23088.0,22622.0,15083.0,13717.0,1000001.0,112650.0
Monday,Tenderloin,16,94102.0,27,31176.0,46472.0,18758.0,16844.0,574100.0,22517.0
Monday,Tenderloin,16,94103.0,97,27170.0,20036.0,14778.0,13098.0,628000.0,43364.0
Monday,Tenderloin,16,94104.0,3,406.0,5232.0,368.0,207.0,1000001.0,48750.0
Monday,Tenderloin,16,94108.0,15,13768.0,50983.0,8843.0,7628.0,856900.0,35427.0
Monday,Tenderloin,16,94109.0,3,55984.0,47129.0,37182.0,33342.0,723200.0,60722.0
Monday,Tenderloin,16,94110.0,1,69333.0,29816.0,28913.0,27128.0,768200.0,82111.0
Monday,Tenderloin,17,94102.0,23,31176.0,46472.0,18758.0,16844.0,574100.0,22517.0
Monday,Tenderloin,17,94103.0,83,27170.0,20036.0,14778.0,13098.0,628000.0,43364.0
Monday,Tenderloin,17,94104.0,5,406.0,5232.0,368.0,207.0,1000001.0,48750.0
Monday,Tenderloin,17,94108.0,16,13768.0,50983.0,8843.0,7628.0,856900.0,35427.0
Monday,Tenderloin,18,94102.0,22,31176.0,46472.0,18758.0,16844.0,574100.0,22517.0
Monday,Tenderloin,18,94103.0,64,27170.0,20036.0,14778.0,13098.0,628000.0,43364.0
Monday,Tenderloin,18,94104.0,7,406.0,5232.0,368.0,207.0,1000001.0,48750.0
Monday,Tenderloin,18,94108.0,8,13768.0,50983.0,8843.0,7628.0,856900.0,35427.0
Monday,Tenderloin,18,94109.0,2,55984.0,47129.0,37182.0,33342.0,723200.0,60722.0
Monday,Tenderloin,19,94102.0,24,31176.0,46472.0,18758.0,16844.0,574100.0,22517.0
Monday,Tenderloin,19,94103.0,59,27170.0,20036.0,14778.0,13098.0,628000.0,43364.0
Monday,Tenderloin,19,94104.0,2,406.0,5232.0,368.0,207.0,1000001.0,48750.0
Monday,Tenderloin,19,94108.0,12,13768.0,50983.0,8843.0,7628.0,856900.0,35427.0
Monday,Tenderloin,19,94109.0,1,55984.0,47129.0,37182.0,33342.0,723200.0,60722.0
Monday,Tenderloin,20,94102.0,13,31176.0,46472.0,18758.0,16844.0,574100.0,22517.0
Monday,Tenderloin,20,94103.0,59,27170.0,20036.0,14778.0,13098.0,628000.0,43364.0
Monday,Tenderloin,20,94104.0,4,406.0,5232.0,368.0,207.0,1000001.0,48750.0
Monday,Tenderloin,20,94108.0,7,13768.0,50983.0,8843.0,7628.0,856900.0,35427.0
Monday,Tenderloin,20,94109.0,6,55984.0,47129.0,37182.0,33342.0,723200.0,60722.0
Monday,Tenderloin,20,94111.0,1,3713.0,10791.0,2811.0,2365.0,882000.0,89722.0
Monday,Tenderloin,21,94102.0,16,31176.0,46472.0,18758.0,16844.0,574100.0,22517.0
Monday,Tenderloin,21,94103.0,28,27170.0,20036.0,14778.0,13098.0,628000.0,43364.0
Monday,Tenderloin,21,94104.0,1,406.0,5232.0,368.0,207.0,1000001.0,48750.0
Monday,Tenderloin,21,94108.0,4,13768.0,50983.0,8843.0,7628.0,856900.0,35427.0
Monday,Tenderloin,21,94109.0,6,55984.0,47129.0,37182.0,33342.0,723200.0,60722.0
Monday,Tenderloin,22,94102.0,17,31176.0,46472.0,18758.0,16844.0,574100.0,22517.0
Monday,Tenderloin,22,94103.0,32,27170.0,20036.0,14778.0,13098.0,628000.0,43364.0
Monday,Tenderloin,22,94104.0,2,406.0,5232.0,368.0,207.0,1000001.0,48750.0
Monday,Tenderloin,22,94108.0,4,13768.0,50983.0,8843.0,7628.0,856900.0,35427.0
Monday,Tenderloin,22,94109.0,2,55984.0,47129.0,37182.0,33342.0,723200.0,60722.0
Monday,Tenderloin,23,94102.0,14,31176.0,46472.0,18758.0,16844.0,574100.0,22517.0
Monday,Tenderloin,23,94103.0,15,27170.0,20036.0,14778.0,13098.0,628000.0,43364.0
Monday,Tenderloin,23,94104.0,1,406.0,5232.0,368.0,207.0,1000001.0,48750.0
Monday,Tenderloin,23,94108.0,5,13768.0,50983.0,8843.0,7628.0,856900.0,35427.0
Monday,Tenderloin,23,94109.0,4,55984.0,47129.0,37182.0,33342.0,723200.0,60722.0
Saturday,Bayview,0,94107.0,7,26599.0,14845.0,15141.0,13736.0,719700.0,114439.0
Saturday,Bayview,0,94110.0,9,69333.0,29816.0,28913.0,27128.0,768200.0,82111.0
Saturday,Bayview,0,94124.0,30,33996.0,6901.0,10812.0,9717.0,470400.0,50146.0
Saturday,Bayview,0,94134.0,14,40798.0,17001.0,11867.0,11244.0,547800.0,56716.0
Saturday,Bayview,0,94158.0,14,4792.0,7288.0,2482.0,2271.0,643900.0,82195.0
Saturday,Bayview,1,94107.0,5,26599.0,14845.0,15141.0,13736.0,719700.0,114439.0
Saturday,Bayview,1,94110.0,5,69333.0,29816.0,28913.0,27128.0,768200.0,82111.0
Saturday,Bayview,1,94124.0,25,33996.0,6901.0,10812.0,9717.0,470400.0,50146.0
Saturday,Bayview,1,94134.0,9,40798.0,17001.0,11867.0,11244.0,547800.0,56716.0
Saturday,Bayview,1,94158.0,4,4792.0,7288.0,2482.0,2271.0,643900.0,82195.0
Saturday,Bayview,2,94107.0,1,26599.0,14845.0,15141.0,13736.0,719700.0,114439.0
Saturday,Bayview,2,94110.0,3,69333.0,29816.0,28913.0,27128.0,768200.0,82111.0
Saturday,Bayview,2,94124.0,30,33996.0,6901.0,10812.0,9717.0,470400.0,50146.0
Saturday,Bayview,2,94134.0,11,40798.0,17001.0,11867.0,11244.0,547800.0,56716.0
Saturday,Bayview,2,94158.0,3,4792.0,7288.0,2482.0,2271.0,643900.0,82195.0
Saturday,Bayview,3,94107.0,3,26599.0,14845.0,15141.0,13736.0,719700.0,114439.0
Saturday,Bayview,3,94110.0,6,69333.0,29816.0,28913.0,27128.0,768200.0,82111.0
Saturday,Bayview,3,94124.0,15,33996.0,6901.0,10812.0,9717.0,470400.0,50146.0
Saturday,Bayview,3,94134.0,19,40798.0,17001.0,11867.0,11244.0,547800.0,56716.0
Saturday,Bayview,3,94158.0,6,4792.0,7288.0,2482.0,2271.0,643900.0,82195.0
Saturday,Bayview,4,94107.0,5,26599.0,14845.0,15141.0,13736.0,719700.0,114439.0
Saturday,Bayview,4,94110.0,3,69333.0,29816.0,28913.0,27128.0,768200.0,82111.0
Saturday,Bayview,4,94124.0,16,33996.0,6901.0,10812.0,9717.0,470400.0,50146.0
Saturday,Bayview,4,94134.0,5,40798.0,17001.0,11867.0,11244.0,547800.0,56716.0
Saturday,Bayview,4,94158.0,3,4792.0,7288.0,2482.0,2271.0,643900.0,82195.0
Saturday,Bayview,5,94107.0,1,26599.0,14845.0,15141.0,13736.0,719700.0,114439.0
Saturday,Bayview,5,94110.0,7,69333.0,29816.0,28913.0,27128.0,768200.0,82111.0
Saturday,Bayview,5,94124.0,7,33996.0,6901.0,10812.0,9717.0,470400.0,50146.0
Saturday,Bayview,5,94134.0,10,40798.0,17001.0,11867.0,11244.0,547800.0,56716.0
Saturday,Bayview,5,94158.0,4,4792.0,7288.0,2482.0,2271.0,643900.0,82195.0
Saturday,Bayview,6,94107.0,2,26599.0,14845.0,15141.0,13736.0,719700.0,114439.0
Saturday,Bayview,6,94110.0,2,69333.0,29816.0,28913.0,27128.0,768200.0,82111.0
Saturday,Bayview,6,94124.0,10,33996.0,6901.0,10812.0,9717.0,470400.0,50146.0
Saturday,Bayview,6,94134.0,3,40798.0,17001.0,11867.0,11244.0,547800.0,56716.0
Saturday,Bayview,6,94158.0,7,4792.0,7288.0,2482.0,2271.0,643900.0,82195.0
Saturday,Bayview,7,94110.0,7,69333.0,29816.0,28913.0,27128.0,768200.0,82111.0
Saturday,Bayview,7,94112.0,1,79407.0,23606.0,23081.0,21975.0,602400.0,71625.0
Saturday,Bayview,7,94124.0,22,33996.0,6901.0,10812.0,9717.0,470400.0,50146.0
Saturday,Bayview,7,94134.0,5,40798.0,17001.0,11867.0,11244.0,547800.0,56716.0
Saturday,Bayview,7,94158.0,6,4792.0,7288.0,2482.0,2271.0,643900.0,82195.0
Saturday,Bayview,8,94107.0,1,26599.0,14845.0,15141.0,13736.0,719700.0,114439.0
Saturday,Bayview,8,94110.0,9,69333.0,29816.0,28913.0,27128.0,768200.0,82111.0
Saturday,Bayview,8,94124.0,27,33996.0,6901.0,10812.0,9717.0,470400.0,50146.0
Saturday,Bayview,8,94134.0,15,40798.0,17001.0,11867.0,11244.0,547800.0,56716.0
Saturday,Bayview,8,94158.0,8,4792.0,7288.0,2482.0,2271.0,643900.0,82195.0
Saturday,Bayview,9,94107.0,4,26599.0,14845.0,15141.0,13736.0,719700.0,114439.0
Saturday,Bayview,9,94110.0,9,69333.0,29816.0,28913.0,27128.0,768200.0,82111.0
Saturday,Bayview,9,94124.0,34,33996.0,6901.0,10812.0,9717.0,470400.0,50146.0
Saturday,Bayview,9,94134.0,10,40798.0,17001.0,11867.0,11244.0,547800.0,56716.0
Saturday,Bayview,9,94158.0,9,4792.0,7288.0,2482.0,2271.0,643900.0,82195.0
Saturday,Bayview,10,94107.0,6,26599.0,14845.0,15141.0,13736.0,719700.0,114439.0
Saturday,Bayview,10,94110.0,5,69333.0,29816.0,28913.0,27128.0,768200.0,82111.0
Saturday,Bayview,10,94124.0,50,33996.0,6901.0,10812.0,9717.0,470400.0,50146.0
Saturday,Bayview,10,94134.0,24,40798.0,17001.0,11867.0,11244.0,547800.0,56716.0
Saturday,Bayview,10,94158.0,8,4792.0,7288.0,2482.0,2271.0,643900.0,82195.0
Saturday,Bayview,11,94107.0,4,26599.0,14845.0,15141.0,13736.0,719700.0,114439.0
Saturday,Bayview,11,94110.0,8,69333.0,29816.0,28913.0,27128.0,768200.0,82111.0
Saturday,Bayview,11,94114.0,1,31124.0,21837.0,17634.0,16281.0,1000001.0,114689.0
Saturday,Bayview,11,94124.0,36,33996.0,6901.0,10812.0,9717.0,470400.0,50146.0
Saturday,Bayview,11,94134.0,12,40798.0,17001.0,11867.0,11244.0,547800.0,56716.0
Saturday,Bayview,11,94158.0,8,4792.0,7288.0,2482.0,2271.0,643900.0,82195.0
Saturday,Bayview,12,94107.0,5,26599.0,14845.0,15141.0,13736.0,719700.0,114439.0
Saturday,Bayview,12,94110.0,8,69333.0,29816.0,28913.0,27128.0,768200.0,82111.0
Saturday,Bayview,12,94124.0,41,33996.0,6901.0,10812.0,9717.0,470400.0,50146.0
Saturday,Bayview,12,94134.0,14,40798.0,17001.0,11867.0,11244.0,547800.0,56716.0
Saturday,Bayview,12,94158.0,17,4792.0,7288.0,2482.0,2271.0,643900.0,82195.0
Saturday,Bayview,13,94103.0,1,27170.0,20036.0,14778.0,13098.0,628000.0,43364.0
Saturday,Bayview,13,94107.0,1,26599.0,14845.0,15141.0,13736.0,719700.0,114439.0
Saturday,Bayview,13,94110.0,11,69333.0,29816.0,28913.0,27128.0,768200.0,82111.0
Saturday,Bayview,13,94124.0,38,33996.0,6901.0,10812.0,9717.0,470400.0,50146.0
Saturday,Bayview,13,94134.0,15,40798.0,17001.0,11867.0,11244.0,547800.0,56716.0
Saturday,Bayview,13,94158.0,10,4792.0,7288.0,2482.0,2271.0,643900.0,82195.0
Saturday,Bayview,14,94107.0,6,26599.0,14845.0,15141.0,13736.0,719700.0,114439.0
Saturday,Bayview,14,94110.0,11,69333.0,29816.0,28913.0,27128.0,768200.0,82111.0
Saturday,Bayview,14,94124.0,35,33996.0,6901.0,10812.0,9717.0,470400.0,50146.0
Saturday,Bayview,14,94127.0,1,19289.0,10895.0,7801.0,7511.0,916900.0,131351.0
Saturday,Bayview,14,94134.0,11,40798.0,17001.0,11867.0,11244.0,547800.0,56716.0
Saturday,Bayview,14,94158.0,6,4792.0,7288.0,2482.0,2271.0,643900.0,82195.0
Saturday,Bayview,15,94107.0,8,26599.0,14845.0,15141.0,13736.0,719700.0,114439.0
Saturday,Bayview,15,94110.0,10,69333.0,29816.0,28913.0,27128.0,768200.0,82111.0
Saturday,Bayview,15,94124.0,37,33996.0,6901.0,10812.0,9717.0,470400.0,50146.0
Saturday,Bayview,15,94134.0,21,40798.0,17001.0,11867.0,11244.0,547800.0,56716.0
Saturday,Bayview,15,94158.0,15,4792.0,7288.0,2482.0,2271.0,643900.0,82195.0
Saturday,Bayview,16,94102.0,1,31176.0,46472.0,18758.0,16844.0,574100.0,22517.0
Saturday,Bayview,16,94107.0,5,26599.0,14845.0,15141.0,13736.0,719700.0,114439.0
Saturday,Bayview,16,94110.0,9,69333.0,29816.0,28913.0,27128.0,768200.0,82111.0
Saturday,Bayview,16,94124.0,39,33996.0,6901.0,10812.0,9717.0,470400.0,50146.0
Saturday,Bayview,16,94132.0,1,28129.0,9045.0,10769.0,9993.0,733100.0,69223.0
Saturday,Bayview,16,94134.0,20,40798.0,17001.0,11867.0,11244.0,547800.0,56716.0
Saturday,Bayview,16,94158.0,7,4792.0,7288.0,2482.0,2271.0,643900.0,82195.0
Saturday,Bayview,17,94107.0,11,26599.0,14845.0,15141.0,13736.0,719700.0,114439.0
Saturday,Bayview,17,94110.0,7,69333.0,29816.0,28913.0,27128.0,768200.0,82111.0
Saturday,Bayview,17,94124.0,44,33996.0,6901.0,10812.0,9717.0,470400.0,50146.0
Saturday,Bayview,17,94134.0,17,40798.0,17001.0,11867.0,11244.0,547800.0,56716.0
Saturday,Bayview,17,94158.0,14,4792.0,7288.0,2482.0,2271.0,643900.0,82195.0
Saturday,Bayview,18,94107.0,17,26599.0,14845.0,15141.0,13736.0,719700.0,114439.0
Saturday,Bayview,18,94110.0,8,69333.0,29816.0,28913.0,27128.0,768200.0,82111.0
Saturday,Bayview,18,94112.0,1,79407.0,23606.0,23081.0,21975.0,602400.0,71625.0
Saturday,Bayview,18,94124.0,44,33996.0,6901.0,10812.0,9717.0,470400.0,50146.0
Saturday,Bayview,18,94134.0,20,40798.0,17001.0,11867.0,11244.0,547800.0,56716.0
Saturday,Bayview,18,94158.0,10,4792.0,7288.0,2482.0,2271.0,643900.0,82195.0
Saturday,Bayview,19,94107.0,5,26599.0,14845.0,15141.0,13736.0,719700.0,114439.0
Saturday,Bayview,19,94110.0,9,69333.0,29816.0,28913.0,27128.0,768200.0,82111.0
Saturday,Bayview,19,94124.0,35,33996.0,6901.0,10812.0,9717.0,470400.0,50146.0
Saturday,Bayview,19,94134.0,18,40798.0,17001.0,11867.0,11244.0,547800.0,56716.0
Saturday,Bayview,19,94158.0,10,4792.0,7288.0,2482.0,2271.0,643900.0,82195.0
Saturday,Bayview,20,94105.0,1,5846.0,15826.0,4601.0,3586.0,740900.0,163949.0
Saturday,Bayview,20,94107.0,7,26599.0,14845.0,15141.0,13736.0,719700.0,114439.0
Saturday,Bayview,20,94110.0,10,69333.0,29816.0,28913.0,27128.0,768200.0,82111.0
Saturday,Bayview,20,94116.0,1,43698.0,16901.0,16283.0,15445.0,734400.0,83407.0
Saturday,Bayview,20,94124.0,31,33996.0,6901.0,10812.0,9717.0,470400.0,50146.0
Saturday,Bayview,20,94134.0,25,40798.0,17001.0,11867.0,11244.0,547800.0,56716.0
Saturday,Bayview,20,94158.0,6,4792.0,7288.0,2482.0,2271.0,643900.0,82195.0
Saturday,Bayview,21,94107.0,6,26599.0,14845.0,15141.0,13736.0,719700.0,114439.0
Saturday,Bayview,21,94110.0,9,69333.0,29816.0,28913.0,27128.0,768200.0,82111.0
Saturday,Bayview,21,94124.0,58,33996.0,6901.0,10812.0,9717.0,470400.0,50146.0
Saturday,Bayview,21,94134.0,20,40798.0,17001.0,11867.0,11244.0,547800.0,56716.0
Saturday,Bayview,21,94158.0,5,4792.0,7288.0,2482.0,2271.0,643900.0,82195.0
Saturday,Bayview,22,94103.0,1,27170.0,20036.0,14778.0,13098.0,628000.0,43364.0
Saturday,Bayview,22,94107.0,5,26599.0,14845.0,15141.0,13736.0,719700.0,114439.0
Saturday,Bayview,22,94110.0,10,69333.0,29816.0,28913.0,27128.0,768200.0,82111.0
Saturday,Bayview,22,94124.0,45,33996.0,6901.0,10812.0,9717.0,470400.0,50146.0
Saturday,Bayview,22,94134.0,24,40798.0,17001.0,11867.0,11244.0,547800.0,56716.0
Saturday,Bayview,22,94158.0,8,4792.0,7288.0,2482.0,2271.0,643900.0,82195.0
Saturday,Bayview,23,94105.0,1,5846.0,15826.0,4601.0,3586.0,740900.0,163949.0
Saturday,Bayview,23,94107.0,8,26599.0,14845.0,15141.0,13736.0,719700.0,114439.0
Saturday,Bayview,23,94110.0,12,69333.0,29816.0,28913.0,27128.0,768200.0,82111.0
Saturday,Bayview,23,94124.0,44,33996.0,6901.0,10812.0,9717.0,470400.0,50146.0
Saturday,Bayview,23,94134.0,19,40798.0,17001.0,11867.0,11244.0,547800.0,56716.0
Saturday,Bayview,23,94158.0,9,4792.0,7288.0,2482.0,2271.0,643900.0,82195.0
Saturday,Central,0,94104.0,46,406.0,5232.0,368.0,207.0,1000001.0,48750.0
Saturday,Central,0,94105.0,2,5846.0,15826.0,4601.0,3586.0,740900.0,163949.0
Saturday,Central,0,94108.0,73,13768.0,50983.0,8843.0,7628.0,856900.0,35427.0
Saturday,Central,0,94109.0,24,55984.0,47129.0,37182.0,33342.0,723200.0,60722.0
Saturday,Central,0,94111.0,39,3713.0,10791.0,2811.0,2365.0,882000.0,89722.0
Saturday,Central,0,94122.0,1,56023.0,23699.0,23633.0,22162.0,774500.0,81768.0
Saturday,Central,0,94123.0,1,23088.0,22622.0,15083.0,13717.0,1000001.0,112650.0
Saturday,Central,1,94103.0,2,27170.0,20036.0,14778.0,13098.0,628000.0,43364.0
Saturday,Central,1,94104.0,30,406.0,5232.0,368.0,207.0,1000001.0,48750.0
Saturday,Central,1,94105.0,1,5846.0,15826.0,4601.0,3586.0,740900.0,163949.0
Saturday,Central,1,94108.0,38,13768.0,50983.0,8843.0,7628.0,856900.0,35427.0
Saturday,Central,1,94109.0,17,55984.0,47129.0,37182.0,33342.0,723200.0,60722.0
Saturday,Central,1,94111.0,24,3713.0,10791.0,2811.0,2365.0,882000.0,89722.0
Saturday,Central,1,94122.0,1,56023.0,23699.0,23633.0,22162.0,774500.0,81768.0
Saturday,Central,1,94129.0,3,3183.0,1381.0,1132.0,1086.0,,143320.0
Saturday,Central,2,94104.0,15,406.0,5232.0,368.0,207.0,1000001.0,48750.0
Saturday,Central,2,94105.0,2,5846.0,15826.0,4601.0,3586.0,740900.0,163949.0
Saturday,Central,2,94108.0,35,13768.0,50983.0,8843.0,7628.0,856900.0,35427.0
Saturday,Central,2,94109.0,15,55984.0,47129.0,37182.0,33342.0,723200.0,60722.0
Saturday,Central,2,94111.0,8,3713.0,10791.0,2811.0,2365.0,882000.0,89722.0
Saturday,Central,3,94104.0,25,406.0,5232.0,368.0,207.0,1000001.0,48750.0
Saturday,Central,3,94108.0,18,13768.0,50983.0,8843.0,7628.0,856900.0,35427.0
Saturday,Central,3,94109.0,16,55984.0,47129.0,37182.0,33342.0,723200.0,60722.0
Saturday,Central,3,94111.0,9,3713.0,10791.0,2811.0,2365.0,882000.0,89722.0
Saturday,Central,3,94118.0,2,38319.0,19663.0,18633.0,17171.0,1000001.0,82857.0
Saturday,Central,4,94103.0,1,27170.0,20036.0,14778.0,13098.0,628000.0,43364.0
Saturday,Central,4,94104.0,18,406.0,5232.0,368.0,207.0,1000001.0,48750.0
Saturday,Central,4,94108.0,18,13768.0,50983.0,8843.0,7628.0,856900.0,35427.0
Saturday,Central,4,94109.0,1,55984.0,47129.0,37182.0,33342.0,723200.0,60722.0
Saturday,Central,4,94111.0,4,3713.0,10791.0,2811.0,2365.0,882000.0,89722.0
Saturday,Central,5,94104.0,11,406.0,5232.0,368.0,207.0,1000001.0,48750.0
Saturday,Central,5,94105.0,1,5846.0,15826.0,4601.0,3586.0,740900.0,163949.0
Saturday,Central,5,94108.0,26,13768.0,50983.0,8843.0,7628.0,856900.0,35427.0
Saturday,Central,5,94109.0,6,55984.0,47129.0,37182.0,33342.0,723200.0,60722.0
Saturday,Central,5,94111.0,13,3713.0,10791.0,2811.0,2365.0,882000.0,89722.0
Saturday,Central,6,94104.0,19,406.0,5232.0,368.0,207.0,1000001.0,48750.0
Saturday,Central,6,94105.0,4,5846.0,15826.0,4601.0,3586.0,740900.0,163949.0
Saturday,Central,6,94108.0,17,13768.0,50983.0,8843.0,7628.0,856900.0,35427.0
Saturday,Central,6,94109.0,5,55984.0,47129.0,37182.0,33342.0,723200.0,60722.0
Saturday,Central,6,94111.0,8,3713.0,10791.0,2811.0,2365.0,882000.0,89722.0
Saturday,Central,6,94129.0,1,3183.0,1381.0,1132.0,1086.0,,143320.0
Saturday,Central,7,94104.0,6,406.0,5232.0,368.0,207.0,1000001.0,48750.0
Saturday,Central,7,94108.0,9,13768.0,50983.0,8843.0,7628.0,856900.0,35427.0
Saturday,Central,7,94109.0,6,55984.0,47129.0,37182.0,33342.0,723200.0,60722.0
Saturday,Central,7,94111.0,11,3713.0,10791.0,2811.0,2365.0,882000.0,89722.0
Saturday,Central,8,94104.0,15,406.0,5232.0,368.0,207.0,1000001.0,48750.0
Saturday,Central,8,94105.0,4,5846.0,15826.0,4601.0,3586.0,740900.0,163949.0
Saturday,Central,8,94108.0,21,13768.0,50983.0,8843.0,7628.0,856900.0,35427.0
Saturday,Central,8,94109.0,5,55984.0,47129.0,37182.0,33342.0,723200.0,60722.0
Saturday,Central,8,94111.0,18,3713.0,10791.0,2811.0,2365.0,882000.0,89722.0
Saturday,Central,8,94123.0,2,23088.0,22622.0,15083.0,13717.0,1000001.0,112650.0
Saturday,Central,9,94104.0,21,406.0,5232.0,368.0,207.0,1000001.0,48750.0
Saturday,Central,9,94105.0,4,5846.0,15826.0,4601.0,3586.0,740900.0,163949.0
Saturday,Central,9,94108.0,34,13768.0,50983.0,8843.0,7628.0,856900.0,35427.0
Saturday,Central,9,94109.0,11,55984.0,47129.0,37182.0,33342.0,723200.0,60722.0
Saturday,Central,9,94111.0,43,3713.0,10791.0,2811.0,2365.0,882000.0,89722.0
Saturday,Central,9,94123.0,2,23088.0,22622.0,15083.0,13717.0,1000001.0,112650.0
Saturday,Central,10,94104.0,43,406.0,5232.0,368.0,207.0,1000001.0,48750.0
Saturday,Central,10,94105.0,3,5846.0,15826.0,4601.0,3586.0,740900.0,163949.0
Saturday,Central,10,94108.0,74,13768.0,50983.0,8843.0,7628.0,856900.0,35427.0
Saturday,Central,10,94109.0,14,55984.0,47129.0,37182.0,33342.0,723200.0,60722.0
Saturday,Central,10,94111.0,52,3713.0,10791.0,2811.0,2365.0,882000.0,89722.0
Saturday,Central,11,94104.0,42,406.0,5232.0,368.0,207.0,1000001.0,48750.0
Saturday,Central,11,94105.0,15,5846.0,15826.0,4601.0,3586.0,740900.0,163949.0
Saturday,Central,11,94108.0,55,13768.0,50983.0,8843.0,7628.0,856900.0,35427.0
Saturday,Central,11,94109.0,16,55984.0,47129.0,37182.0,33342.0,723200.0,60722.0
Saturday,Central,11,94111.0,49,3713.0,10791.0,2811.0,2365.0,882000.0,89722.0
Saturday,Central,11,94123.0,1,23088.0,22622.0,15083.0,13717.0,1000001.0,112650.0
Saturday,Central,12,94104.0,44,406.0,5232.0,368.0,207.0,1000001.0,48750.0
Saturday,Central,12,94105.0,13,5846.0,15826.0,4601.0,3586.0,740900.0,163949.0
Saturday,Central,12,94108.0,58,13768.0,50983.0,8843.0,7628.0,856900.0,35427.0
Saturday,Central,12,94109.0,16,55984.0,47129.0,37182.0,33342.0,723200.0,60722.0
Saturday,Central,12,94111.0,77,3713.0,10791.0,2811.0,2365.0,882000.0,89722.0
Saturday,Central,12,94118.0,1,38319.0,19663.0,18633.0,17171.0,1000001.0,82857.0
Saturday,Central,12,94123.0,1,23088.0,22622.0,15083.0,13717.0,1000001.0,112650.0
Saturday,Central,12,94124.0,1,33996.0,6901.0,10812.0,9717.0,470400.0,50146.0
Saturday,Central,12,94129.0,3,3183.0,1381.0,1132.0,1086.0,,143320.0
Saturday,Central,12,94158.0,2,4792.0,7288.0,2482.0,2271.0,643900.0,82195.0
Saturday,Central,13,94104.0,42,406.0,5232.0,368.0,207.0,1000001.0,48750.0
Saturday,Central,13,94105.0,11,5846.0,15826.0,4601.0,3586.0,740900.0,163949.0
Saturday,Central,13,94108.0,51,13768.0,50983.0,8843.0,7628.0,856900.0,35427.0
Saturday,Central,13,94109.0,9,55984.0,47129.0,37182.0,33342.0,723200.0,60722.0
Saturday,Central,13,94111.0,68,3713.0,10791.0,2811.0,2365.0,882000.0,89722.0
Saturday,Central,13,94123.0,2,23088.0,22622.0,15083.0,13717.0,1000001.0,112650.0
Saturday,Central,13,94124.0,2,33996.0,6901.0,10812.0,9717.0,470400.0,50146.0
Saturday,Central,13,94129.0,4,3183.0,1381.0,1132.0,1086.0,,143320.0
Saturday,Central,14,94103.0,1,27170.0,20036.0,14778.0,13098.0,628000.0,43364.0
Saturday,Central,14,94104.0,32,406.0,5232.0,368.0,207.0,1000001.0,48750.0
Saturday,Central,14,94105.0,5,5846.0,15826.0,4601.0,3586.0,740900.0,163949.0
Saturday,Central,14,94108.0,74,13768.0,50983.0,8843.0,7628.0,856900.0,35427.0
Saturday,Central,14,94109.0,16,55984.0,47129.0,37182.0,33342.0,723200.0,60722.0
Saturday,Central,14,94111.0,68,3713.0,10791.0,2811.0,2365.0,882000.0,89722.0
Saturday,Central,15,94102.0,1,31176.0,46472.0,18758.0,16844.0,574100.0,22517.0
Saturday,Central,15,94103.0,2,27170.0,20036.0,14778.0,13098.0,628000.0,43364.0
Saturday,Central,15,94104.0,39,406.0,5232.0,368.0,207.0,1000001.0,48750.0
Saturday,Central,15,94105.0,16,5846.0,15826.0,4601.0,3586.0,740900.0,163949.0
Saturday,Central,15,94108.0,65,13768.0,50983.0,8843.0,7628.0,856900.0,35427.0
Saturday,Central,15,94109.0,17,55984.0,47129.0,37182.0,33342.0,723200.0,60722.0
Saturday,Central,15,94111.0,64,3713.0,10791.0,2811.0,2365.0,882000.0,89722.0
Saturday,Central,16,94103.0,1,27170.0,20036.0,14778.0,13098.0,628000.0,43364.0
Saturday,Central,16,94104.0,35,406.0,5232.0,368.0,207.0,1000001.0,48750.0
Saturday,Central,16,94105.0,5,5846.0,15826.0,4601.0,3586.0,740900.0,163949.0
Saturday,Central,16,94108.0,65,13768.0,50983.0,8843.0,7628.0,856900.0,35427.0
Saturday,Central,16,94109.0,9,55984.0,47129.0,37182.0,33342.0,723200.0,60722.0
Saturday,Central,16,94111.0,85,3713.0,10791.0,2811.0,2365.0,882000.0,89722.0
Saturday,Central,16,94124.0,1,33996.0,6901.0,10812.0,9717.0,470400.0,50146.0
Saturday,Central,16,94129.0,2,3183.0,1381.0,1132.0,1086.0,,143320.0
Saturday,Central,16,94131.0,3,26881.0,12926.0,13427.0,12618.0,859700.0,96889.0
Saturday,Central,17,94104.0,40,406.0,5232.0,368.0,207.0,1000001.0,48750.0
Saturday,Central,17,94105.0,4,5846.0,15826.0,4601.0,3586.0,740900.0,163949.0
Saturday,Central,17,94108.0,66,13768.0,50983.0,8843.0,7628.0,856900.0,35427.0
Saturday,Central,17,94109.0,8,55984.0,47129.0,37182.0,33342.0,723200.0,60722.0
Saturday,Central,17,94111.0,76,3713.0,10791.0,2811.0,2365.0,882000.0,89722.0
Saturday,Central,17,94123.0,1,23088.0,22622.0,15083.0,13717.0,1000001.0,112650.0
Saturday,Central,17,94129.0,3,3183.0,1381.0,1132.0,1086.0,,143320.0
Saturday,Central,18,94104.0,32,406.0,5232.0,368.0,207.0,1000001.0,48750.0
Saturday,Central,18,94105.0,11,5846.0,15826.0,4601.0,3586.0,740900.0,163949.0
Saturday,Central,18,94108.0,67,13768.0,50983.0,8843.0,7628.0,856900.0,35427.0
Saturday,Central,18,94109.0,19,55984.0,47129.0,37182.0,33342.0,723200.0,60722.0
Saturday,Central,18,94110.0,1,69333.0,29816.0,28913.0,27128.0,768200.0,82111.0
Saturday,Central,18,94111.0,65,3713.0,10791.0,2811.0,2365.0,882000.0,89722.0
Saturday,Central,18,94123.0,5,23088.0,22622.0,15083.0,13717.0,1000001.0,112650.0
Saturday,Central,19,94103.0,1,27170.0,20036.0,14778.0,13098.0,628000.0,43364.0
Saturday,Central,19,94104.0,43,406.0,5232.0,368.0,207.0,1000001.0,48750.0
Saturday,Central,19,94105.0,7,5846.0,15826.0,4601.0,3586.0,740900.0,163949.0
Saturday,Central,19,94108.0,72,13768.0,50983.0,8843.0,7628.0,856900.0,35427.0
Saturday,Central,19,94109.0,20,55984.0,47129.0,37182.0,33342.0,723200.0,60722.0
Saturday,Central,19,94111.0,64,3713.0,10791.0,2811.0,2365.0,882000.0,89722.0
Saturday,Central,19,94123.0,2,23088.0,22622.0,15083.0,13717.0,1000001.0,112650.0
Saturday,Central,20,94104.0,35,406.0,5232.0,368.0,207.0,1000001.0,48750.0
Saturday,Central,20,94105.0,7,5846.0,15826.0,4601.0,3586.0,740900.0,163949.0
Saturday,Central,20,94108.0,72,13768.0,50983.0,8843.0,7628.0,856900.0,35427.0
Saturday,Central,20,94109.0,12,55984.0,47129.0,37182.0,33342.0,723200.0,60722.0
Saturday,Central,20,94111.0,74,3713.0,10791.0,2811.0,2365.0,882000.0,89722.0
Saturday,Central,21,94104.0,37,406.0,5232.0,368.0,207.0,1000001.0,48750.0
Saturday,Central,21,94105.0,4,5846.0,15826.0,4601.0,3586.0,740900.0,163949.0
Saturday,Central,21,94108.0,56,13768.0,50983.0,8843.0,7628.0,856900.0,35427.0
Saturday,Central,21,94109.0,17,55984.0,47129.0,37182.0,33342.0,723200.0,60722.0
Saturday,Central,21,94111.0,59,3713.0,10791.0,2811.0,2365.0,882000.0,89722.0
Saturday,Central,21,94123.0,3,23088.0,22622.0,15083.0,13717.0,1000001.0,112650.0
Saturday,Central,22,94103.0,1,27170.0,20036.0,14778.0,13098.0,628000.0,43364.0
Saturday,Central,22,94104.0,37,406.0,5232.0,368.0,207.0,1000001.0,48750.0
Saturday,Central,22,94105.0,5,5846.0,15826.0,4601.0,3586.0,740900.0,163949.0
Saturday,Central,22,94108.0,59,13768.0,50983.0,8843.0,7628.0,856900.0,35427.0
Saturday,Central,22,94109.0,23,55984.0,47129.0,37182.0,33342.0,723200.0,60722.0
Saturday,Central,22,94111.0,44,3713.0,10791.0,2811.0,2365.0,882000.0,89722.0
Saturday,Central,22,94123.0,1,23088.0,22622.0,15083.0,13717.0,1000001.0,112650.0
Saturday,Central,23,94103.0,1,27170.0,20036.0,14778.0,13098.0,628000.0,43364.0
Saturday,Central,23,94104.0,28,406.0,5232.0,368.0,207.0,1000001.0,48750.0
Saturday,Central,23,94105.0,1,5846.0,15826.0,4601.0,3586.0,740900.0,163949.0
Saturday,Central,23,94108.0,57,13768.0,50983.0,8843.0,7628.0,856900.0,35427.0
Saturday,Central,23,94109.0,18,55984.0,47129.0,37182.0,33342.0,723200.0,60722.0
Saturday,Central,23,94110.0,1,69333.0,29816.0,28913.0,27128.0,768200.0,82111.0
Saturday,Central,23,94111.0,27,3713.0,10791.0,2811.0,2365.0,882000.0,89722.0
Saturday,Ingleside,0,94110.0,18,69333.0,29816.0,28913.0,27128.0,768200.0,82111.0
Saturday,Ingleside,0,94112.0,46,79407.0,23606.0,23081.0,21975.0,602400.0,71625.0
Saturday,Ingleside,0,94127.0,3,19289.0,10895.0,7801.0,7511.0,916900.0,131351.0
Saturday,Ingleside,0,94131.0,2,26881.0,12926.0,13427.0,12618.0,859700.0,96889.0
Saturday,Ingleside,0,94134.0,24,40798.0,17001.0,11867.0,11244.0,547800.0,56716.0
Saturday,Ingleside,1,94109.0,1,55984.0,47129.0,37182.0,33342.0,723200.0,60722.0
Saturday,Ingleside,1,94110.0,13,69333.0,29816.0,28913.0,27128.0,768200.0,82111.0
Saturday,Ingleside,1,94112.0,23,79407.0,23606.0,23081.0,21975.0,602400.0,71625.0
Saturday,Ingleside,1,94131.0,8,26881.0,12926.0,13427.0,12618.0,859700.0,96889.0
Saturday,Ingleside,1,94134.0,14,40798.0,17001.0,11867.0,11244.0,547800.0,56716.0
Saturday,Ingleside,2,94110.0,9,69333.0,29816.0,28913.0,27128.0,768200.0,82111.0
Saturday,Ingleside,2,94112.0,12,79407.0,23606.0,23081.0,21975.0,602400.0,71625.0
Saturday,Ingleside,2,94127.0,2,19289.0,10895.0,7801.0,7511.0,916900.0,131351.0
Saturday,Ingleside,2,94131.0,4,26881.0,12926.0,13427.0,12618.0,859700.0,96889.0
Saturday,Ingleside,2,94134.0,8,40798.0,17001.0,11867.0,11244.0,547800.0,56716.0
Saturday,Ingleside,3,94110.0,9,69333.0,29816.0,28913.0,27128.0,768200.0,82111.0
Saturday,Ingleside,3,94112.0,9,79407.0,23606.0,23081.0,21975.0,602400.0,71625.0
Saturday,Ingleside,3,94127.0,1,19289.0,10895.0,7801.0,7511.0,916900.0,131351.0
Saturday,Ingleside,3,94131.0,1,26881.0,12926.0,13427.0,12618.0,859700.0,96889.0
Saturday,Ingleside,3,94134.0,1,40798.0,17001.0,11867.0,11244.0,547800.0,56716.0
Saturday,Ingleside,4,94110.0,6,69333.0,29816.0,28913.0,27128.0,768200.0,82111.0
Saturday,Ingleside,4,94112.0,6,79407.0,23606.0,23081.0,21975.0,602400.0,71625.0
Saturday,Ingleside,4,94131.0,1,26881.0,12926.0,13427.0,12618.0,859700.0,96889.0
Saturday,Ingleside,4,94134.0,7,40798.0,17001.0,11867.0,11244.0,547800.0,56716.0
Saturday,Ingleside,5,94110.0,6,69333.0,29816.0,28913.0,27128.0,768200.0,82111.0
Saturday,Ingleside,5,94112.0,4,79407.0,23606.0,23081.0,21975.0,602400.0,71625.0
Saturday,Ingleside,5,94131.0,2,26881.0,12926.0,13427.0,12618.0,859700.0,96889.0
Saturday,Ingleside,5,94134.0,1,40798.0,17001.0,11867.0,11244.0,547800.0,56716.0
Saturday,Ingleside,6,94110.0,3,69333.0,29816.0,28913.0,27128.0,768200.0,82111.0
Saturday,Ingleside,6,94112.0,5,79407.0,23606.0,23081.0,21975.0,602400.0,71625.0
Saturday,Ingleside,6,94127.0,1,19289.0,10895.0,7801.0,7511.0,916900.0,131351.0
Saturday,Ingleside,6,94131.0,1,26881.0,12926.0,13427.0,12618.0,859700.0,96889.0
Saturday,Ingleside,6,94134.0,1,40798.0,17001.0,11867.0,11244.0,547800.0,56716.0
Saturday,Ingleside,7,94110.0,7,69333.0,29816.0,28913.0,27128.0,768200.0,82111.0
Saturday,Ingleside,7,94112.0,9,79407.0,23606.0,23081.0,21975.0,602400.0,71625.0
Saturday,Ingleside,7,94131.0,1,26881.0,12926.0,13427.0,12618.0,859700.0,96889.0
Saturday,Ingleside,7,94134.0,6,40798.0,17001.0,11867.0,11244.0,547800.0,56716.0
Saturday,Ingleside,8,94110.0,4,69333.0,29816.0,28913.0,27128.0,768200.0,82111.0
Saturday,Ingleside,8,94112.0,14,79407.0,23606.0,23081.0,21975.0,602400.0,71625.0
Saturday,Ingleside,8,94127.0,1,19289.0,10895.0,7801.0,7511.0,916900.0,131351.0
Saturday,Ingleside,8,94131.0,2,26881.0,12926.0,13427.0,12618.0,859700.0,96889.0
Saturday,Ingleside,8,94134.0,12,40798.0,17001.0,11867.0,11244.0,547800.0,56716.0
Saturday,Ingleside,9,94103.0,1,27170.0,20036.0,14778.0,13098.0,628000.0,43364.0
Saturday,Ingleside,9,94110.0,13,69333.0,29816.0,28913.0,27128.0,768200.0,82111.0
Saturday,Ingleside,9,94112.0,25,79407.0,23606.0,23081.0,21975.0,602400.0,71625.0
Saturday,Ingleside,9,94127.0,11,19289.0,10895.0,7801.0,7511.0,916900.0,131351.0
Saturday,Ingleside,9,94131.0,9,26881.0,12926.0,13427.0,12618.0,859700.0,96889.0
Saturday,Ingleside,9,94132.0,1,28129.0,9045.0,10769.0,9993.0,733100.0,69223.0
Saturday,Ingleside,9,94134.0,13,40798.0,17001.0,11867.0,11244.0,547800.0,56716.0
Saturday,Ingleside,10,94110.0,8,69333.0,29816.0,28913.0,27128.0,768200.0,82111.0
Saturday,Ingleside,10,94112.0,16,79407.0,23606.0,23081.0,21975.0,602400.0,71625.0
Saturday,Ingleside,10,94118.0,1,38319.0,19663.0,18633.0,17171.0,1000001.0,82857.0
Saturday,Ingleside,10,94127.0,5,19289.0,10895.0,7801.0,7511.0,916900.0,131351.0
Saturday,Ingleside,10,94131.0,3,26881.0,12926.0,13427.0,12618.0,859700.0,96889.0
Saturday,Ingleside,10,94134.0,7,40798.0,17001.0,11867.0,11244.0,547800.0,56716.0
Saturday,Ingleside,11,94103.0,1,27170.0,20036.0,14778.0,13098.0,628000.0,43364.0
Saturday,Ingleside,11,94110.0,20,69333.0,29816.0,28913.0,27128.0,768200.0,82111.0
Saturday,Ingleside,11,94112.0,11,79407.0,23606.0,23081.0,21975.0,602400.0,71625.0
Saturday,Ingleside,11,94127.0,1,19289.0,10895.0,7801.0,7511.0,916900.0,131351.0
Saturday,Ingleside,11,94131.0,3,26881.0,12926.0,13427.0,12618.0,859700.0,96889.0
Saturday,Ingleside,11,94134.0,14,40798.0,17001.0,11867.0,11244.0,547800.0,56716.0
Saturday,Ingleside,12,94110.0,22,69333.0,29816.0,28913.0,27128.0,768200.0,82111.0
Saturday,Ingleside,12,94112.0,34,79407.0,23606.0,23081.0,21975.0,602400.0,71625.0
Saturday,Ingleside,12,94127.0,6,19289.0,10895.0,7801.0,7511.0,916900.0,131351.0
Saturday,Ingleside,12,94131.0,9,26881.0,12926.0,13427.0,12618.0,859700.0,96889.0
Saturday,Ingleside,12,94134.0,16,40798.0,17001.0,11867.0,11244.0,547800.0,56716.0
Saturday,Ingleside,13,94104.0,2,406.0,5232.0,368.0,207.0,1000001.0,48750.0
Saturday,Ingleside,13,94110.0,16,69333.0,29816.0,28913.0,27128.0,768200.0,82111.0
Saturday,Ingleside,13,94112.0,21,79407.0,23606.0,23081.0,21975.0,602400.0,71625.0
Saturday,Ingleside,13,94127.0,5,19289.0,10895.0,7801.0,7511.0,916900.0,131351.0
Saturday,Ingleside,13,94131.0,2,26881.0,12926.0,13427.0,12618.0,859700.0,96889.0
Saturday,Ingleside,13,94134.0,24,40798.0,17001.0,11867.0,11244.0,547800.0,56716.0
Saturday,Ingleside,14,94103.0,1,27170.0,20036.0,14778.0,13098.0,628000.0,43364.0
Saturday,Ingleside,14,94110.0,20,69333.0,29816.0,28913.0,27128.0,768200.0,82111.0
Saturday,Ingleside,14,94112.0,33,79407.0,23606.0,23081.0,21975.0,602400.0,71625.0
Saturday,Ingleside,14,94127.0,5,19289.0,10895.0,7801.0,7511.0,916900.0,131351.0
Saturday,Ingleside,14,94131.0,4,26881.0,12926.0,13427.0,12618.0,859700.0,96889.0
Saturday,Ingleside,14,94134.0,10,40798.0,17001.0,11867.0,11244.0,547800.0,56716.0
Saturday,Ingleside,15,94110.0,24,69333.0,29816.0,28913.0,27128.0,768200.0,82111.0
Saturday,Ingleside,15,94112.0,22,79407.0,23606.0,23081.0,21975.0,602400.0,71625.0
Saturday,Ingleside,15,94116.0,1,43698.0,16901.0,16283.0,15445.0,734400.0,83407.0
Saturday,Ingleside,15,94127.0,7,19289.0,10895.0,7801.0,7511.0,916900.0,131351.0
Saturday,Ingleside,15,94131.0,4,26881.0,12926.0,13427.0,12618.0,859700.0,96889.0
Saturday,Ingleside,15,94134.0,24,40798.0,17001.0,11867.0,11244.0,547800.0,56716.0
Saturday,Ingleside,16,94110.0,22,69333.0,29816.0,28913.0,27128.0,768200.0,82111.0
Saturday,Ingleside,16,94112.0,36,79407.0,23606.0,23081.0,21975.0,602400.0,71625.0
Saturday,Ingleside,16,94127.0,4,19289.0,10895.0,7801.0,7511.0,916900.0,131351.0
Saturday,Ingleside,16,94131.0,7,26881.0,12926.0,13427.0,12618.0,859700.0,96889.0
Saturday,Ingleside,16,94134.0,14,40798.0,17001.0,11867.0,11244.0,547800.0,56716.0
Saturday,Ingleside,17,94103.0,1,27170.0,20036.0,14778.0,13098.0,628000.0,43364.0
Saturday,Ingleside,17,94110.0,25,69333.0,29816.0,28913.0,27128.0,768200.0,82111.0
Saturday,Ingleside,17,94112.0,20,79407.0,23606.0,23081.0,21975.0,602400.0,71625.0
Saturday,Ingleside,17,94127.0,2,19289.0,10895.0,7801.0,7511.0,916900.0,131351.0
Saturday,Ingleside,17,94131.0,6,26881.0,12926.0,13427.0,12618.0,859700.0,96889.0
Saturday,Ingleside,17,94134.0,26,40798.0,17001.0,11867.0,11244.0,547800.0,56716.0
Saturday,Ingleside,18,94110.0,16,69333.0,29816.0,28913.0,27128.0,768200.0,82111.0
Saturday,Ingleside,18,94112.0,33,79407.0,23606.0,23081.0,21975.0,602400.0,71625.0
Saturday,Ingleside,18,94127.0,8,19289.0,10895.0,7801.0,7511.0,916900.0,131351.0
Saturday,Ingleside,18,94131.0,1,26881.0,12926.0,13427.0,12618.0,859700.0,96889.0
Saturday,Ingleside,18,94134.0,23,40798.0,17001.0,11867.0,11244.0,547800.0,56716.0
Saturday,Ingleside,19,94110.0,22,69333.0,29816.0,28913.0,27128.0,768200.0,82111.0
Saturday,Ingleside,19,94112.0,30,79407.0,23606.0,23081.0,21975.0,602400.0,71625.0
Saturday,Ingleside,19,94127.0,2,19289.0,10895.0,7801.0,7511.0,916900.0,131351.0
Saturday,Ingleside,19,94131.0,3,26881.0,12926.0,13427.0,12618.0,859700.0,96889.0
Saturday,Ingleside,19,94134.0,14,40798.0,17001.0,11867.0,11244.0,547800.0,56716.0
Saturday,Ingleside,20,94110.0,19,69333.0,29816.0,28913.0,27128.0,768200.0,82111.0
Saturday,Ingleside,20,94112.0,37,79407.0,23606.0,23081.0,21975.0,602400.0,71625.0
Saturday,Ingleside,20,94127.0,7,19289.0,10895.0,7801.0,7511.0,916900.0,131351.0
Saturday,Ingleside,20,94131.0,4,26881.0,12926.0,13427.0,12618.0,859700.0,96889.0
Saturday,Ingleside,20,94134.0,18,40798.0,17001.0,11867.0,11244.0,547800.0,56716.0
Saturday,Ingleside,21,94110.0,18,69333.0,29816.0,28913.0,27128.0,768200.0,82111.0
Saturday,Ingleside,21,94112.0,26,79407.0,23606.0,23081.0,21975.0,602400.0,71625.0
Saturday,Ingleside,21,94124.0,1,33996.0,6901.0,10812.0,9717.0,470400.0,50146.0
Saturday,Ingleside,21,94127.0,6,19289.0,10895.0,7801.0,7511.0,916900.0,131351.0
Saturday,Ingleside,21,94131.0,3,26881.0,12926.0,13427.0,12618.0,859700.0,96889.0
Saturday,Ingleside,21,94134.0,10,40798.0,17001.0,11867.0,11244.0,547800.0,56716.0
Saturday,Ingleside,22,94110.0,23,69333.0,29816.0,28913.0,27128.0,768200.0,82111.0
Saturday,Ingleside,22,94112.0,23,79407.0,23606.0,23081.0,21975.0,602400.0,71625.0
Saturday,Ingleside,22,94122.0,1,56023.0,23699.0,23633.0,22162.0,774500.0,81768.0
Saturday,Ingleside,22,94127.0,7,19289.0,10895.0,7801.0,7511.0,916900.0,131351.0
Saturday,Ingleside,22,94131.0,4,26881.0,12926.0,13427.0,12618.0,859700.0,96889.0
Saturday,Ingleside,22,94134.0,12,40798.0,17001.0,11867.0,11244.0,547800.0,56716.0
Saturday,Ingleside,23,94110.0,23,69333.0,29816.0,28913.0,27128.0,768200.0,82111.0
Saturday,Ingleside,23,94112.0,21,79407.0,23606.0,23081.0,21975.0,602400.0,71625.0
Saturday,Ingleside,23,94127.0,5,19289.0,10895.0,7801.0,7511.0,916900.0,131351.0
Saturday,Ingleside,23,94131.0,5,26881.0,12926.0,13427.0,12618.0,859700.0,96889.0
Saturday,Ingleside,23,94134.0,11,40798.0,17001.0,11867.0,11244.0,547800.0,56716.0
Saturday,Mission,0,94102.0,18,31176.0,46472.0,18758.0,16844.0,574100.0,22517.0
Saturday,Mission,0,94103.0,6,27170.0,20036.0,14778.0,13098.0,628000.0,43364.0
Saturday,Mission,0,94110.0,128,69333.0,29816.0,28913.0,27128.0,768200.0,82111.0
Saturday,Mission,0,94114.0,53,31124.0,21837.0,17634.0,16281.0,1000001.0,114689.0
Saturday,Mission,0,94117.0,11,39169.0,23211.0,19255.0,17939.0,911500.0,94479.0
Saturday,Mission,0,94131.0,4,26881.0,12926.0,13427.0,12618.0,859700.0,96889.0
Saturday,Mission,0,94158.0,8,4792.0,7288.0,2482.0,2271.0,643900.0,82195.0
Saturday,Mission,1,94102.0,18,31176.0,46472.0,18758.0,16844.0,574100.0,22517.0
Saturday,Mission,1,94103.0,1,27170.0,20036.0,14778.0,13098.0,628000.0,43364.0
Saturday,Mission,1,94110.0,88,69333.0,29816.0,28913.0,27128.0,768200.0,82111.0
Saturday,Mission,1,94114.0,37,31124.0,21837.0,17634.0,16281.0,1000001.0,114689.0
Saturday,Mission,1,94117.0,8,39169.0,23211.0,19255.0,17939.0,911500.0,94479.0
Saturday,Mission,1,94131.0,1,26881.0,12926.0,13427.0,12618.0,859700.0,96889.0
Saturday,Mission,1,94158.0,6,4792.0,7288.0,2482.0,2271.0,643900.0,82195.0
Saturday,Mission,2,94102.0,16,31176.0,46472.0,18758.0,16844.0,574100.0,22517.0
Saturday,Mission,2,94110.0,80,69333.0,29816.0,28913.0,27128.0,768200.0,82111.0
Saturday,Mission,2,94114.0,16,31124.0,21837.0,17634.0,16281.0,1000001.0,114689.0
Saturday,Mission,2,94117.0,3,39169.0,23211.0,19255.0,17939.0,911500.0,94479.0
Saturday,Mission,2,94131.0,5,26881.0,12926.0,13427.0,12618.0,859700.0,96889.0
Saturday,Mission,2,94158.0,6,4792.0,7288.0,2482.0,2271.0,643900.0,82195.0
Saturday,Mission,3,94102.0,6,31176.0,46472.0,18758.0,16844.0,574100.0,22517.0
Saturday,Mission,3,94110.0,34,69333.0,29816.0,28913.0,27128.0,768200.0,82111.0
Saturday,Mission,3,94114.0,15,31124.0,21837.0,17634.0,16281.0,1000001.0,114689.0
Saturday,Mission,3,94117.0,8,39169.0,23211.0,19255.0,17939.0,911500.0,94479.0
Saturday,Mission,3,94131.0,2,26881.0,12926.0,13427.0,12618.0,859700.0,96889.0
Saturday,Mission,3,94158.0,2,4792.0,7288.0,2482.0,2271.0,643900.0,82195.0
Saturday,Mission,4,94102.0,7,31176.0,46472.0,18758.0,16844.0,574100.0,22517.0
Saturday,Mission,4,94103.0,2,27170.0,20036.0,14778.0,13098.0,628000.0,43364.0
Saturday,Mission,4,94110.0,39,69333.0,29816.0,28913.0,27128.0,768200.0,82111.0
Saturday,Mission,4,94114.0,8,31124.0,21837.0,17634.0,16281.0,1000001.0,114689.0
Saturday,Mission,4,94117.0,2,39169.0,23211.0,19255.0,17939.0,911500.0,94479.0
Saturday,Mission,4,94131.0,1,26881.0,12926.0,13427.0,12618.0,859700.0,96889.0
Saturday,Mission,4,94158.0,4,4792.0,7288.0,2482.0,2271.0,643900.0,82195.0
Saturday,Mission,5,94102.0,6,31176.0,46472.0,18758.0,16844.0,574100.0,22517.0
Saturday,Mission,5,94103.0,2,27170.0,20036.0,14778.0,13098.0,628000.0,43364.0
Saturday,Mission,5,94110.0,13,69333.0,29816.0,28913.0,27128.0,768200.0,82111.0
Saturday,Mission,5,94114.0,3,31124.0,21837.0,17634.0,16281.0,1000001.0,114689.0
Saturday,Mission,5,94117.0,3,39169.0,23211.0,19255.0,17939.0,911500.0,94479.0
Saturday,Mission,5,94158.0,1,4792.0,7288.0,2482.0,2271.0,643900.0,82195.0
Saturday,Mission,6,94102.0,12,31176.0,46472.0,18758.0,16844.0,574100.0,22517.0
Saturday,Mission,6,94110.0,19,69333.0,29816.0,28913.0,27128.0,768200.0,82111.0
Saturday,Mission,6,94114.0,9,31124.0,21837.0,17634.0,16281.0,1000001.0,114689.0
Saturday,Mission,6,94117.0,1,39169.0,23211.0,19255.0,17939.0,911500.0,94479.0
Saturday,Mission,6,94131.0,1,26881.0,12926.0,13427.0,12618.0,859700.0,96889.0
Saturday,Mission,6,94158.0,1,4792.0,7288.0,2482.0,2271.0,643900.0,82195.0
Saturday,Mission,7,94102.0,5,31176.0,46472.0,18758.0,16844.0,574100.0,22517.0
Saturday,Mission,7,94103.0,3,27170.0,20036.0,14778.0,13098.0,628000.0,43364.0
Saturday,Mission,7,94110.0,49,69333.0,29816.0,28913.0,27128.0,768200.0,82111.0
Saturday,Mission,7,94114.0,7,31124.0,21837.0,17634.0,16281.0,1000001.0,114689.0
Saturday,Mission,7,94117.0,1,39169.0,23211.0,19255.0,17939.0,911500.0,94479.0
Saturday,Mission,7,94131.0,2,26881.0,12926.0,13427.0,12618.0,859700.0,96889.0
Saturday,Mission,7,94158.0,1,4792.0,7288.0,2482.0,2271.0,643900.0,82195.0
Saturday,Mission,8,94102.0,18,31176.0,46472.0,18758.0,16844.0,574100.0,22517.0
Saturday,Mission,8,94103.0,5,27170.0,20036.0,14778.0,13098.0,628000.0,43364.0
Saturday,Mission,8,94110.0,35,69333.0,29816.0,28913.0,27128.0,768200.0,82111.0
Saturday,Mission,8,94114.0,16,31124.0,21837.0,17634.0,16281.0,1000001.0,114689.0
Saturday,Mission,8,94117.0,8,39169.0,23211.0,19255.0,17939.0,911500.0,94479.0
Saturday,Mission,8,94131.0,4,26881.0,12926.0,13427.0,12618.0,859700.0,96889.0
Saturday,Mission,8,94158.0,2,4792.0,7288.0,2482.0,2271.0,643900.0,82195.0
Saturday,Mission,9,94102.0,15,31176.0,46472.0,18758.0,16844.0,574100.0,22517.0
Saturday,Mission,9,94103.0,5,27170.0,20036.0,14778.0,13098.0,628000.0,43364.0
Saturday,Mission,9,94110.0,27,69333.0,29816.0,28913.0,27128.0,768200.0,82111.0
Saturday,Mission,9,94114.0,19,31124.0,21837.0,17634.0,16281.0,1000001.0,114689.0
Saturday,Mission,9,94117.0,6,39169.0,23211.0,19255.0,17939.0,911500.0,94479.0
Saturday,Mission,9,94131.0,1,26881.0,12926.0,13427.0,12618.0,859700.0,96889.0
Saturday,Mission,9,94158.0,2,4792.0,7288.0,2482.0,2271.0,643900.0,82195.0
Saturday,Mission,10,94102.0,17,31176.0,46472.0,18758.0,16844.0,574100.0,22517.0
Saturday,Mission,10,94103.0,8,27170.0,20036.0,14778.0,13098.0,628000.0,43364.0
Saturday,Mission,10,94110.0,57,69333.0,29816.0,28913.0,27128.0,768200.0,82111.0
Saturday,Mission,10,94114.0,16,31124.0,21837.0,17634.0,16281.0,1000001.0,114689.0
Saturday,Mission,10,94117.0,1,39169.0,23211.0,19255.0,17939.0,911500.0,94479.0
Saturday,Mission,10,94158.0,1,4792.0,7288.0,2482.0,2271.0,643900.0,82195.0
Saturday,Mission,11,94102.0,22,31176.0,46472.0,18758.0,16844.0,574100.0,22517.0
Saturday,Mission,11,94103.0,8,27170.0,20036.0,14778.0,13098.0,628000.0,43364.0
Saturday,Mission,11,94110.0,69,69333.0,29816.0,28913.0,27128.0,768200.0,82111.0
Saturday,Mission,11,94114.0,11,31124.0,21837.0,17634.0,16281.0,1000001.0,114689.0
Saturday,Mission,11,94117.0,4,39169.0,23211.0,19255.0,17939.0,911500.0,94479.0
Saturday,Mission,11,94131.0,5,26881.0,12926.0,13427.0,12618.0,859700.0,96889.0
Saturday,Mission,11,94158.0,3,4792.0,7288.0,2482.0,2271.0,643900.0,82195.0
Saturday,Mission,12,94102.0,19,31176.0,46472.0,18758.0,16844.0,574100.0,22517.0
Saturday,Mission,12,94103.0,2,27170.0,20036.0,14778.0,13098.0,628000.0,43364.0
Saturday,Mission,12,94110.0,73,69333.0,29816.0,28913.0,27128.0,768200.0,82111.0
Saturday,Mission,12,94114.0,28,31124.0,21837.0,17634.0,16281.0,1000001.0,114689.0
Saturday,Mission,12,94117.0,3,39169.0,23211.0,19255.0,17939.0,911500.0,94479.0
Saturday,Mission,12,94131.0,6,26881.0,12926.0,13427.0,12618.0,859700.0,96889.0
Saturday,Mission,12,94158.0,1,4792.0,7288.0,2482.0,2271.0,643900.0,82195.0
Saturday,Mission,13,94102.0,36,31176.0,46472.0,18758.0,16844.0,574100.0,22517.0
Saturday,Mission,13,94103.0,3,27170.0,20036.0,14778.0,13098.0,628000.0,43364.0
Saturday,Mission,13,94110.0,65,69333.0,29816.0,28913.0,27128.0,768200.0,82111.0
Saturday,Mission,13,94114.0,12,31124.0,21837.0,17634.0,16281.0,1000001.0,114689.0
Saturday,Mission,13,94117.0,7,39169.0,23211.0,19255.0,17939.0,911500.0,94479.0
Saturday,Mission,13,94131.0,9,26881.0,12926.0,13427.0,12618.0,859700.0,96889.0
Saturday,Mission,13,94158.0,1,4792.0,7288.0,2482.0,2271.0,643900.0,82195.0
Saturday,Mission,14,94102.0,31,31176.0,46472.0,18758.0,16844.0,574100.0,22517.0
Saturday,Mission,14,94103.0,7,27170.0,20036.0,14778.0,13098.0,628000.0,43364.0
Saturday,Mission,14,94110.0,78,69333.0,29816.0,28913.0,27128.0,768200.0,82111.0
Saturday,Mission,14,94112.0,1,79407.0,23606.0,23081.0,21975.0,602400.0,71625.0
Saturday,Mission,14,94114.0,15,31124.0,21837.0,17634.0,16281.0,1000001.0,114689.0
Saturday,Mission,14,94117.0,12,39169.0,23211.0,19255.0,17939.0,911500.0,94479.0
Saturday,Mission,14,94131.0,3,26881.0,12926.0,13427.0,12618.0,859700.0,96889.0
Saturday,Mission,14,94158.0,2,4792.0,7288.0,2482.0,2271.0,643900.0,82195.0
Saturday,Mission,15,94102.0,24,31176.0,46472.0,18758.0,16844.0,574100.0,22517.0
Saturday,Mission,15,94103.0,6,27170.0,20036.0,14778.0,13098.0,628000.0,43364.0
Saturday,Mission,15,94110.0,60,69333.0,29816.0,28913.0,27128.0,768200.0,82111.0
Saturday,Mission,15,94112.0,1,79407.0,23606.0,23081.0,21975.0,602400.0,71625.0
Saturday,Mission,15,94114.0,34,31124.0,21837.0,17634.0,16281.0,1000001.0,114689.0
Saturday,Mission,15,94117.0,5,39169.0,23211.0,19255.0,17939.0,911500.0,94479.0
Saturday,Mission,15,94131.0,4,26881.0,12926.0,13427.0,12618.0,859700.0,96889.0
Saturday,Mission,15,94158.0,4,4792.0,7288.0,2482.0,2271.0,643900.0,82195.0
Saturday,Mission,16,94102.0,19,31176.0,46472.0,18758.0,16844.0,574100.0,22517.0
Saturday,Mission,16,94103.0,8,27170.0,20036.0,14778.0,13098.0,628000.0,43364.0
Saturday,Mission,16,94110.0,75,69333.0,29816.0,28913.0,27128.0,768200.0,82111.0
Saturday,Mission,16,94114.0,18,31124.0,21837.0,17634.0,16281.0,1000001.0,114689.0
Saturday,Mission,16,94117.0,12,39169.0,23211.0,19255.0,17939.0,911500.0,94479.0
Saturday,Mission,16,94131.0,6,26881.0,12926.0,13427.0,12618.0,859700.0,96889.0
Saturday,Mission,17,94102.0,29,31176.0,46472.0,18758.0,16844.0,574100.0,22517.0
Saturday,Mission,17,94103.0,15,27170.0,20036.0,14778.0,13098.0,628000.0,43364.0
Saturday,Mission,17,94110.0,97,69333.0,29816.0,28913.0,27128.0,768200.0,82111.0
Saturday,Mission,17,94114.0,27,31124.0,21837.0,17634.0,16281.0,1000001.0,114689.0
Saturday,Mission,17,94117.0,7,39169.0,23211.0,19255.0,17939.0,911500.0,94479.0
Saturday,Mission,17,94131.0,6,26881.0,12926.0,13427.0,12618.0,859700.0,96889.0
Saturday,Mission,17,94158.0,2,4792.0,7288.0,2482.0,2271.0,643900.0,82195.0
Saturday,Mission,18,94102.0,27,31176.0,46472.0,18758.0,16844.0,574100.0,22517.0
Saturday,Mission,18,94103.0,7,27170.0,20036.0,14778.0,13098.0,628000.0,43364.0
Saturday,Mission,18,94110.0,85,69333.0,29816.0,28913.0,27128.0,768200.0,82111.0
Saturday,Mission,18,94114.0,28,31124.0,21837.0,17634.0,16281.0,1000001.0,114689.0
Saturday,Mission,18,94117.0,16,39169.0,23211.0,19255.0,17939.0,911500.0,94479.0
Saturday,Mission,18,94131.0,3,26881.0,12926.0,13427.0,12618.0,859700.0,96889.0
Saturday,Mission,18,94158.0,2,4792.0,7288.0,2482.0,2271.0,643900.0,82195.0
Saturday,Mission,19,94102.0,31,31176.0,46472.0,18758.0,16844.0,574100.0,22517.0
Saturday,Mission,19,94103.0,12,27170.0,20036.0,14778.0,13098.0,628000.0,43364.0
Saturday,Mission,19,94105.0,1,5846.0,15826.0,4601.0,3586.0,740900.0,163949.0
Saturday,Mission,19,94110.0,81,69333.0,29816.0,28913.0,27128.0,768200.0,82111.0
Saturday,Mission,19,94114.0,26,31124.0,21837.0,17634.0,16281.0,1000001.0,114689.0
Saturday,Mission,19,94117.0,8,39169.0,23211.0,19255.0,17939.0,911500.0,94479.0
Saturday,Mission,19,94131.0,3,26881.0,12926.0,13427.0,12618.0,859700.0,96889.0
Saturday,Mission,19,94158.0,3,4792.0,7288.0,2482.0,2271.0,643900.0,82195.0
Saturday,Mission,20,94102.0,33,31176.0,46472.0,18758.0,16844.0,574100.0,22517.0
Saturday,Mission,20,94103.0,2,27170.0,20036.0,14778.0,13098.0,628000.0,43364.0
Saturday,Mission,20,94110.0,81,69333.0,29816.0,28913.0,27128.0,768200.0,82111.0
Saturday,Mission,20,94112.0,1,79407.0,23606.0,23081.0,21975.0,602400.0,71625.0
Saturday,Mission,20,94114.0,24,31124.0,21837.0,17634.0,16281.0,1000001.0,114689.0
Saturday,Mission,20,94117.0,11,39169.0,23211.0,19255.0,17939.0,911500.0,94479.0
Saturday,Mission,20,94122.0,1,56023.0,23699.0,23633.0,22162.0,774500.0,81768.0
Saturday,Mission,20,94131.0,5,26881.0,12926.0,13427.0,12618.0,859700.0,96889.0
Saturday,Mission,20,94158.0,4,4792.0,7288.0,2482.0,2271.0,643900.0,82195.0
Saturday,Mission,21,94102.0,26,31176.0,46472.0,18758.0,16844.0,574100.0,22517.0
Saturday,Mission,21,94103.0,4,27170.0,20036.0,14778.0,13098.0,628000.0,43364.0
Saturday,Mission,21,94105.0,1,5846.0,15826.0,4601.0,3586.0,740900.0,163949.0
Saturday,Mission,21,94110.0,72,69333.0,29816.0,28913.0,27128.0,768200.0,82111.0
Saturday,Mission,21,94114.0,31,31124.0,21837.0,17634.0,16281.0,1000001.0,114689.0
Saturday,Mission,21,94117.0,7,39169.0,23211.0,19255.0,17939.0,911500.0,94479.0
Saturday,Mission,21,94131.0,1,26881.0,12926.0,13427.0,12618.0,859700.0,96889.0
Saturday,Mission,21,94158.0,8,4792.0,7288.0,2482.0,2271.0,643900.0,82195.0
Saturday,Mission,22,94102.0,19,31176.0,46472.0,18758.0,16844.0,574100.0,22517.0
Saturday,Mission,22,94103.0,5,27170.0,20036.0,14778.0,13098.0,628000.0,43364.0
Saturday,Mission,22,94110.0,68,69333.0,29816.0,28913.0,27128.0,768200.0,82111.0
Saturday,Mission,22,94114.0,31,31124.0,21837.0,17634.0,16281.0,1000001.0,114689.0
Saturday,Mission,22,94117.0,9,39169.0,23211.0,19255.0,17939.0,911500.0,94479.0
Saturday,Mission,22,94131.0,5,26881.0,12926.0,13427.0,12618.0,859700.0,96889.0
Saturday,Mission,22,94158.0,5,4792.0,7288.0,2482.0,2271.0,643900.0,82195.0
Saturday,Mission,23,94102.0,32,31176.0,46472.0,18758.0,16844.0,574100.0,22517.0
Saturday,Mission,23,94103.0,3,27170.0,20036.0,14778.0,13098.0,628000.0,43364.0
Saturday,Mission,23,94110.0,88,69333.0,29816.0,28913.0,27128.0,768200.0,82111.0
Saturday,Mission,23,94114.0,49,31124.0,21837.0,17634.0,16281.0,1000001.0,114689.0
Saturday,Mission,23,94117.0,4,39169.0,23211.0,19255.0,17939.0,911500.0,94479.0
Saturday,Mission,23,94131.0,5,26881.0,12926.0,13427.0,12618.0,859700.0,96889.0
Saturday,Mission,23,94158.0,9,4792.0,7288.0,2482.0,2271.0,643900.0,82195.0
Saturday,Northern,0,94102.0,39,31176.0,46472.0,18758.0,16844.0,574100.0,22517.0
Saturday,Northern,0,94109.0,61,55984.0,47129.0,37182.0,33342.0,723200.0,60722.0
Saturday,Northern,0,94114.0,1,31124.0,21837.0,17634.0,16281.0,1000001.0,114689.0
Saturday,Northern,0,94115.0,19,33021.0,29596.0,18884.0,17289.0,965800.0,76952.0
Saturday,Northern,0,94117.0,21,39169.0,23211.0,19255.0,17939.0,911500.0,94479.0
Saturday,Northern,0,94123.0,38,23088.0,22622.0,15083.0,13717.0,1000001.0,112650.0
Saturday,Northern,0,94134.0,1,40798.0,17001.0,11867.0,11244.0,547800.0,56716.0
Saturday,Northern,1,94102.0,21,31176.0,46472.0,18758.0,16844.0,574100.0,22517.0
Saturday,Northern,1,94103.0,1,27170.0,20036.0,14778.0,13098.0,628000.0,43364.0
Saturday,Northern,1,94109.0,53,55984.0,47129.0,37182.0,33342.0,723200.0,60722.0
Saturday,Northern,1,94115.0,8,33021.0,29596.0,18884.0,17289.0,965800.0,76952.0
Saturday,Northern,1,94117.0,4,39169.0,23211.0,19255.0,17939.0,911500.0,94479.0
Saturday,Northern,1,94123.0,27,23088.0,22622.0,15083.0,13717.0,1000001.0,112650.0
Saturday,Northern,2,94102.0,23,31176.0,46472.0,18758.0,16844.0,574100.0,22517.0
Saturday,Northern,2,94109.0,25,55984.0,47129.0,37182.0,33342.0,723200.0,60722.0
Saturday,Northern,2,94115.0,6,33021.0,29596.0,18884.0,17289.0,965800.0,76952.0
Saturday,Northern,2,94117.0,4,39169.0,23211.0,19255.0,17939.0,911500.0,94479.0
Saturday,Northern,2,94123.0,9,23088.0,22622.0,15083.0,13717.0,1000001.0,112650.0
Saturday,Northern,3,94102.0,8,31176.0,46472.0,18758.0,16844.0,574100.0,22517.0
Saturday,Northern,3,94108.0,1,13768.0,50983.0,8843.0,7628.0,856900.0,35427.0
Saturday,Northern,3,94109.0,22,55984.0,47129.0,37182.0,33342.0,723200.0,60722.0
Saturday,Northern,3,94115.0,2,33021.0,29596.0,18884.0,17289.0,965800.0,76952.0
Saturday,Northern,3,94117.0,5,39169.0,23211.0,19255.0,17939.0,911500.0,94479.0
Saturday,Northern,3,94123.0,12,23088.0,22622.0,15083.0,13717.0,1000001.0,112650.0
Saturday,Northern,4,94102.0,10,31176.0,46472.0,18758.0,16844.0,574100.0,22517.0
Saturday,Northern,4,94109.0,17,55984.0,47129.0,37182.0,33342.0,723200.0,60722.0
Saturday,Northern,4,94117.0,5,39169.0,23211.0,19255.0,17939.0,911500.0,94479.0
Saturday,Northern,4,94123.0,3,23088.0,22622.0,15083.0,13717.0,1000001.0,112650.0
Saturday,Northern,5,94102.0,9,31176.0,46472.0,18758.0,16844.0,574100.0,22517.0
Saturday,Northern,5,94109.0,7,55984.0,47129.0,37182.0,33342.0,723200.0,60722.0
Saturday,Northern,5,94115.0,6,33021.0,29596.0,18884.0,17289.0,965800.0,76952.0
Saturday,Northern,5,94117.0,1,39169.0,23211.0,19255.0,17939.0,911500.0,94479.0
Saturday,Northern,5,94123.0,4,23088.0,22622.0,15083.0,13717.0,1000001.0,112650.0
Saturday,Northern,6,94102.0,15,31176.0,46472.0,18758.0,16844.0,574100.0,22517.0
Saturday,Northern,6,94109.0,12,55984.0,47129.0,37182.0,33342.0,723200.0,60722.0
Saturday,Northern,6,94115.0,2,33021.0,29596.0,18884.0,17289.0,965800.0,76952.0
Saturday,Northern,6,94117.0,1,39169.0,23211.0,19255.0,17939.0,911500.0,94479.0
Saturday,Northern,6,94123.0,8,23088.0,22622.0,15083.0,13717.0,1000001.0,112650.0
Saturday,Northern,7,94102.0,18,31176.0,46472.0,18758.0,16844.0,574100.0,22517.0
Saturday,Northern,7,94109.0,8,55984.0,47129.0,37182.0,33342.0,723200.0,60722.0
Saturday,Northern,7,94115.0,4,33021.0,29596.0,18884.0,17289.0,965800.0,76952.0
Saturday,Northern,7,94117.0,4,39169.0,23211.0,19255.0,17939.0,911500.0,94479.0
Saturday,Northern,7,94123.0,8,23088.0,22622.0,15083.0,13717.0,1000001.0,112650.0
Saturday,Northern,8,94102.0,19,31176.0,46472.0,18758.0,16844.0,574100.0,22517.0
Saturday,Northern,8,94103.0,1,27170.0,20036.0,14778.0,13098.0,628000.0,43364.0
Saturday,Northern,8,94109.0,22,55984.0,47129.0,37182.0,33342.0,723200.0,60722.0
Saturday,Northern,8,94115.0,8,33021.0,29596.0,18884.0,17289.0,965800.0,76952.0
Saturday,Northern,8,94117.0,8,39169.0,23211.0,19255.0,17939.0,911500.0,94479.0
Saturday,Northern,8,94123.0,10,23088.0,22622.0,15083.0,13717.0,1000001.0,112650.0
Saturday,Northern,9,94102.0,27,31176.0,46472.0,18758.0,16844.0,574100.0,22517.0
Saturday,Northern,9,94103.0,1,27170.0,20036.0,14778.0,13098.0,628000.0,43364.0
Saturday,Northern,9,94109.0,22,55984.0,47129.0,37182.0,33342.0,723200.0,60722.0
Saturday,Northern,9,94111.0,4,3713.0,10791.0,2811.0,2365.0,882000.0,89722.0
Saturday,Northern,9,94115.0,12,33021.0,29596.0,18884.0,17289.0,965800.0,76952.0
Saturday,Northern,9,94117.0,7,39169.0,23211.0,19255.0,17939.0,911500.0,94479.0
Saturday,Northern,9,94123.0,15,23088.0,22622.0,15083.0,13717.0,1000001.0,112650.0
Saturday,Northern,10,94102.0,37,31176.0,46472.0,18758.0,16844.0,574100.0,22517.0
Saturday,Northern,10,94109.0,30,55984.0,47129.0,37182.0,33342.0,723200.0,60722.0
Saturday,Northern,10,94115.0,27,33021.0,29596.0,18884.0,17289.0,965800.0,76952.0
Saturday,Northern,10,94117.0,13,39169.0,23211.0,19255.0,17939.0,911500.0,94479.0
Saturday,Northern,10,94123.0,23,23088.0,22622.0,15083.0,13717.0,1000001.0,112650.0
Saturday,Northern,11,94102.0,37,31176.0,46472.0,18758.0,16844.0,574100.0,22517.0
Saturday,Northern,11,94109.0,23,55984.0,47129.0,37182.0,33342.0,723200.0,60722.0
Saturday,Northern,11,94115.0,28,33021.0,29596.0,18884.0,17289.0,965800.0,76952.0
Saturday,Northern,11,94117.0,10,39169.0,23211.0,19255.0,17939.0,911500.0,94479.0
Saturday,Northern,11,94123.0,20,23088.0,22622.0,15083.0,13717.0,1000001.0,112650.0
Saturday,Northern,12,94102.0,60,31176.0,46472.0,18758.0,16844.0,574100.0,22517.0
Saturday,Northern,12,94103.0,1,27170.0,20036.0,14778.0,13098.0,628000.0,43364.0
Saturday,Northern,12,94109.0,33,55984.0,47129.0,37182.0,33342.0,723200.0,60722.0
Saturday,Northern,12,94110.0,1,69333.0,29816.0,28913.0,27128.0,768200.0,82111.0
Saturday,Northern,12,94115.0,14,33021.0,29596.0,18884.0,17289.0,965800.0,76952.0
Saturday,Northern,12,94117.0,7,39169.0,23211.0,19255.0,17939.0,911500.0,94479.0
Saturday,Northern,12,94123.0,38,23088.0,22622.0,15083.0,13717.0,1000001.0,112650.0
Saturday,Northern,13,94102.0,53,31176.0,46472.0,18758.0,16844.0,574100.0,22517.0
Saturday,Northern,13,94103.0,1,27170.0,20036.0,14778.0,13098.0,628000.0,43364.0
Saturday,Northern,13,94109.0,33,55984.0,47129.0,37182.0,33342.0,723200.0,60722.0
Saturday,Northern,13,94115.0,19,33021.0,29596.0,18884.0,17289.0,965800.0,76952.0
Saturday,Northern,13,94117.0,14,39169.0,23211.0,19255.0,17939.0,911500.0,94479.0
Saturday,Northern,13,94123.0,27,23088.0,22622.0,15083.0,13717.0,1000001.0,112650.0
Saturday,Northern,13,94129.0,2,3183.0,1381.0,1132.0,1086.0,,143320.0
Saturday,Northern,14,94102.0,45,31176.0,46472.0,18758.0,16844.0,574100.0,22517.0
Saturday,Northern,14,94103.0,1,27170.0,20036.0,14778.0,13098.0,628000.0,43364.0
Saturday,Northern,14,94109.0,25,55984.0,47129.0,37182.0,33342.0,723200.0,60722.0
Saturday,Northern,14,94115.0,25,33021.0,29596.0,18884.0,17289.0,965800.0,76952.0
Saturday,Northern,14,94117.0,10,39169.0,23211.0,19255.0,17939.0,911500.0,94479.0
Saturday,Northern,14,94123.0,37,23088.0,22622.0,15083.0,13717.0,1000001.0,112650.0
Saturday,Northern,14,94129.0,2,3183.0,1381.0,1132.0,1086.0,,143320.0
Saturday,Northern,15,94102.0,54,31176.0,46472.0,18758.0,16844.0,574100.0,22517.0
Saturday,Northern,15,94103.0,1,27170.0,20036.0,14778.0,13098.0,628000.0,43364.0
Saturday,Northern,15,94109.0,32,55984.0,47129.0,37182.0,33342.0,723200.0,60722.0
Saturday,Northern,15,94115.0,20,33021.0,29596.0,18884.0,17289.0,965800.0,76952.0
Saturday,Northern,15,94117.0,10,39169.0,23211.0,19255.0,17939.0,911500.0,94479.0
Saturday,Northern,15,94123.0,29,23088.0,22622.0,15083.0,13717.0,1000001.0,112650.0
Saturday,Northern,16,94102.0,51,31176.0,46472.0,18758.0,16844.0,574100.0,22517.0
Saturday,Northern,16,94109.0,41,55984.0,47129.0,37182.0,33342.0,723200.0,60722.0
Saturday,Northern,16,94115.0,19,33021.0,29596.0,18884.0,17289.0,965800.0,76952.0
Saturday,Northern,16,94117.0,9,39169.0,23211.0,19255.0,17939.0,911500.0,94479.0
Saturday,Northern,16,94123.0,23,23088.0,22622.0,15083.0,13717.0,1000001.0,112650.0
Saturday,Northern,17,94102.0,59,31176.0,46472.0,18758.0,16844.0,574100.0,22517.0
Saturday,Northern,17,94109.0,51,55984.0,47129.0,37182.0,33342.0,723200.0,60722.0
Saturday,Northern,17,94115.0,23,33021.0,29596.0,18884.0,17289.0,965800.0,76952.0
Saturday,Northern,17,94117.0,17,39169.0,23211.0,19255.0,17939.0,911500.0,94479.0
Saturday,Northern,17,94123.0,29,23088.0,22622.0,15083.0,13717.0,1000001.0,112650.0
Saturday,Northern,18,94102.0,72,31176.0,46472.0,18758.0,16844.0,574100.0,22517.0
Saturday,Northern,18,94109.0,44,55984.0,47129.0,37182.0,33342.0,723200.0,60722.0
Saturday,Northern,18,94115.0,24,33021.0,29596.0,18884.0,17289.0,965800.0,76952.0
Saturday,Northern,18,94117.0,10,39169.0,23211.0,19255.0,17939.0,911500.0,94479.0
Saturday,Northern,18,94123.0,31,23088.0,22622.0,15083.0,13717.0,1000001.0,112650.0
Saturday,Northern,19,94102.0,72,31176.0,46472.0,18758.0,16844.0,574100.0,22517.0
Saturday,Northern,19,94103.0,2,27170.0,20036.0,14778.0,13098.0,628000.0,43364.0
Saturday,Northern,19,94105.0,1,5846.0,15826.0,4601.0,3586.0,740900.0,163949.0
Saturday,Northern,19,94108.0,1,13768.0,50983.0,8843.0,7628.0,856900.0,35427.0
Saturday,Northern,19,94109.0,48,55984.0,47129.0,37182.0,33342.0,723200.0,60722.0
Saturday,Northern,19,94115.0,25,33021.0,29596.0,18884.0,17289.0,965800.0,76952.0
Saturday,Northern,19,94117.0,8,39169.0,23211.0,19255.0,17939.0,911500.0,94479.0
Saturday,Northern,19,94123.0,14,23088.0,22622.0,15083.0,13717.0,1000001.0,112650.0
Saturday,Northern,20,94102.0,45,31176.0,46472.0,18758.0,16844.0,574100.0,22517.0
Saturday,Northern,20,94103.0,3,27170.0,20036.0,14778.0,13098.0,628000.0,43364.0
Saturday,Northern,20,94108.0,1,13768.0,50983.0,8843.0,7628.0,856900.0,35427.0
Saturday,Northern,20,94109.0,45,55984.0,47129.0,37182.0,33342.0,723200.0,60722.0
Saturday,Northern,20,94115.0,31,33021.0,29596.0,18884.0,17289.0,965800.0,76952.0
Saturday,Northern,20,94117.0,10,39169.0,23211.0,19255.0,17939.0,911500.0,94479.0
Saturday,Northern,20,94123.0,31,23088.0,22622.0,15083.0,13717.0,1000001.0,112650.0
Saturday,Northern,21,94102.0,58,31176.0,46472.0,18758.0,16844.0,574100.0,22517.0
Saturday,Northern,21,94103.0,1,27170.0,20036.0,14778.0,13098.0,628000.0,43364.0
Saturday,Northern,21,94109.0,45,55984.0,47129.0,37182.0,33342.0,723200.0,60722.0
Saturday,Northern,21,94115.0,21,33021.0,29596.0,18884.0,17289.0,965800.0,76952.0
Saturday,Northern,21,94117.0,6,39169.0,23211.0,19255.0,17939.0,911500.0,94479.0
Saturday,Northern,21,94123.0,31,23088.0,22622.0,15083.0,13717.0,1000001.0,112650.0
Saturday,Northern,21,94129.0,1,3183.0,1381.0,1132.0,1086.0,,143320.0
Saturday,Northern,22,94102.0,42,31176.0,46472.0,18758.0,16844.0,574100.0,22517.0
Saturday,Northern,22,94103.0,1,27170.0,20036.0,14778.0,13098.0,628000.0,43364.0
Saturday,Northern,22,94105.0,2,5846.0,15826.0,4601.0,3586.0,740900.0,163949.0
Saturday,Northern,22,94109.0,45,55984.0,47129.0,37182.0,33342.0,723200.0,60722.0
Saturday,Northern,22,94115.0,13,33021.0,29596.0,18884.0,17289.0,965800.0,76952.0
Saturday,Northern,22,94117.0,9,39169.0,23211.0,19255.0,17939.0,911500.0,94479.0
Saturday,Northern,22,94123.0,35,23088.0,22622.0,15083.0,13717.0,1000001.0,112650.0
Saturday,Northern,23,94102.0,43,31176.0,46472.0,18758.0,16844.0,574100.0,22517.0
Saturday,Northern,23,94109.0,53,55984.0,47129.0,37182.0,33342.0,723200.0,60722.0
Saturday,Northern,23,94115.0,10,33021.0,29596.0,18884.0,17289.0,965800.0,76952.0
Saturday,Northern,23,94117.0,5,39169.0,23211.0,19255.0,17939.0,911500.0,94479.0
Saturday,Northern,23,94118.0,1,38319.0,19663.0,18633.0,17171.0,1000001.0,82857.0
Saturday,Northern,23,94123.0,19,23088.0,22622.0,15083.0,13717.0,1000001.0,112650.0
Saturday,Out of SF,0,94103.0,9,27170.0,20036.0,14778.0,13098.0,628000.0,43364.0
Saturday,Out of SF,0,94108.0,8,13768.0,50983.0,8843.0,7628.0,856900.0,35427.0
Saturday,Out of SF,0,94110.0,1,69333.0,29816.0,28913.0,27128.0,768200.0,82111.0
Saturday,Out of SF,0,94112.0,3,79407.0,23606.0,23081.0,21975.0,602400.0,71625.0
Saturday,Out of SF,0,94116.0,2,43698.0,16901.0,16283.0,15445.0,734400.0,83407.0
Saturday,Out of SF,0,94124.0,3,33996.0,6901.0,10812.0,9717.0,470400.0,50146.0
Saturday,Out of SF,0,94134.0,2,40798.0,17001.0,11867.0,11244.0,547800.0,56716.0
Saturday,Out of SF,0,94158.0,5,4792.0,7288.0,2482.0,2271.0,643900.0,82195.0
Saturday,Out of SF,1,94108.0,3,13768.0,50983.0,8843.0,7628.0,856900.0,35427.0
Saturday,Out of SF,2,94110.0,3,69333.0,29816.0,28913.0,27128.0,768200.0,82111.0
Saturday,Out of SF,2,94158.0,3,4792.0,7288.0,2482.0,2271.0,643900.0,82195.0
Saturday,Out of SF,4,94103.0,1,27170.0,20036.0,14778.0,13098.0,628000.0,43364.0
Saturday,Out of SF,4,94122.0,1,56023.0,23699.0,23633.0,22162.0,774500.0,81768.0
Saturday,Out of SF,4,94158.0,1,4792.0,7288.0,2482.0,2271.0,643900.0,82195.0
Saturday,Out of SF,6,94103.0,5,27170.0,20036.0,14778.0,13098.0,628000.0,43364.0
Saturday,Out of SF,6,94158.0,1,4792.0,7288.0,2482.0,2271.0,643900.0,82195.0
Saturday,Out of SF,7,94103.0,1,27170.0,20036.0,14778.0,13098.0,628000.0,43364.0
Saturday,Out of SF,7,94108.0,2,13768.0,50983.0,8843.0,7628.0,856900.0,35427.0
Saturday,Out of SF,8,94103.0,9,27170.0,20036.0,14778.0,13098.0,628000.0,43364.0
Saturday,Out of SF,8,94109.0,1,55984.0,47129.0,37182.0,33342.0,723200.0,60722.0
Saturday,Out of SF,8,94118.0,2,38319.0,19663.0,18633.0,17171.0,1000001.0,82857.0
Saturday,Out of SF,8,94134.0,1,40798.0,17001.0,11867.0,11244.0,547800.0,56716.0
Saturday,Out of SF,9,94103.0,1,27170.0,20036.0,14778.0,13098.0,628000.0,43364.0
Saturday,Out of SF,9,94134.0,1,40798.0,17001.0,11867.0,11244.0,547800.0,56716.0
Saturday,Out of SF,9,94158.0,2,4792.0,7288.0,2482.0,2271.0,643900.0,82195.0
Saturday,Out of SF,10,94107.0,1,26599.0,14845.0,15141.0,13736.0,719700.0,114439.0
Saturday,Out of SF,10,94116.0,4,43698.0,16901.0,16283.0,15445.0,734400.0,83407.0
Saturday,Out of SF,10,94158.0,2,4792.0,7288.0,2482.0,2271.0,643900.0,82195.0
Saturday,Out of SF,11,94108.0,2,13768.0,50983.0,8843.0,7628.0,856900.0,35427.0
Saturday,Out of SF,11,94116.0,1,43698.0,16901.0,16283.0,15445.0,734400.0,83407.0
Saturday,Out of SF,12,94102.0,1,31176.0,46472.0,18758.0,16844.0,574100.0,22517.0
Saturday,Out of SF,12,94103.0,12,27170.0,20036.0,14778.0,13098.0,628000.0,43364.0
Saturday,Out of SF,12,94108.0,5,13768.0,50983.0,8843.0,7628.0,856900.0,35427.0
Saturday,Out of SF,12,94109.0,1,55984.0,47129.0,37182.0,33342.0,723200.0,60722.0
Saturday,Out of SF,12,94110.0,2,69333.0,29816.0,28913.0,27128.0,768200.0,82111.0
Saturday,Out of SF,12,94118.0,7,38319.0,19663.0,18633.0,17171.0,1000001.0,82857.0
Saturday,Out of SF,12,94127.0,2,19289.0,10895.0,7801.0,7511.0,916900.0,131351.0
Saturday,Out of SF,13,94102.0,2,31176.0,46472.0,18758.0,16844.0,574100.0,22517.0
Saturday,Out of SF,13,94103.0,3,27170.0,20036.0,14778.0,13098.0,628000.0,43364.0
Saturday,Out of SF,13,94112.0,1,79407.0,23606.0,23081.0,21975.0,602400.0,71625.0
Saturday,Out of SF,13,94118.0,1,38319.0,19663.0,18633.0,17171.0,1000001.0,82857.0
Saturday,Out of SF,13,94158.0,4,4792.0,7288.0,2482.0,2271.0,643900.0,82195.0
Saturday,Out of SF,14,94108.0,1,13768.0,50983.0,8843.0,7628.0,856900.0,35427.0
Saturday,Out of SF,15,94103.0,1,27170.0,20036.0,14778.0,13098.0,628000.0,43364.0
Saturday,Out of SF,15,94158.0,3,4792.0,7288.0,2482.0,2271.0,643900.0,82195.0
Saturday,Out of SF,16,94102.0,1,31176.0,46472.0,18758.0,16844.0,574100.0,22517.0
Saturday,Out of SF,16,94103.0,2,27170.0,20036.0,14778.0,13098.0,628000.0,43364.0
Saturday,Out of SF,16,94108.0,1,13768.0,50983.0,8843.0,7628.0,856900.0,35427.0
Saturday,Out of SF,16,94116.0,1,43698.0,16901.0,16283.0,15445.0,734400.0,83407.0
Saturday,Out of SF,16,94118.0,1,38319.0,19663.0,18633.0,17171.0,1000001.0,82857.0
Saturday,Out of SF,16,94124.0,1,33996.0,6901.0,10812.0,9717.0,470400.0,50146.0
Saturday,Out of SF,16,94158.0,1,4792.0,7288.0,2482.0,2271.0,643900.0,82195.0
Saturday,Out of SF,17,94112.0,1,79407.0,23606.0,23081.0,21975.0,602400.0,71625.0
Saturday,Out of SF,17,94124.0,1,33996.0,6901.0,10812.0,9717.0,470400.0,50146.0
Saturday,Out of SF,17,94158.0,2,4792.0,7288.0,2482.0,2271.0,643900.0,82195.0
Saturday,Out of SF,18,94103.0,4,27170.0,20036.0,14778.0,13098.0,628000.0,43364.0
Saturday,Out of SF,18,94112.0,3,79407.0,23606.0,23081.0,21975.0,602400.0,71625.0
Saturday,Out of SF,19,94103.0,4,27170.0,20036.0,14778.0,13098.0,628000.0,43364.0
Saturday,Out of SF,19,94104.0,1,406.0,5232.0,368.0,207.0,1000001.0,48750.0
Saturday,Out of SF,19,94110.0,4,69333.0,29816.0,28913.0,27128.0,768200.0,82111.0
Saturday,Out of SF,19,94112.0,2,79407.0,23606.0,23081.0,21975.0,602400.0,71625.0
Saturday,Out of SF,19,94122.0,1,56023.0,23699.0,23633.0,22162.0,774500.0,81768.0
Saturday,Out of SF,19,94127.0,1,19289.0,10895.0,7801.0,7511.0,916900.0,131351.0
Saturday,Out of SF,19,94158.0,1,4792.0,7288.0,2482.0,2271.0,643900.0,82195.0
Saturday,Out of SF,20,94103.0,2,27170.0,20036.0,14778.0,13098.0,628000.0,43364.0
Saturday,Out of SF,20,94110.0,1,69333.0,29816.0,28913.0,27128.0,768200.0,82111.0
Saturday,Out of SF,20,94118.0,3,38319.0,19663.0,18633.0,17171.0,1000001.0,82857.0
Saturday,Out of SF,20,94158.0,2,4792.0,7288.0,2482.0,2271.0,643900.0,82195.0
Saturday,Out of SF,21,94103.0,1,27170.0,20036.0,14778.0,13098.0,628000.0,43364.0
Saturday,Out of SF,21,94105.0,1,5846.0,15826.0,4601.0,3586.0,740900.0,163949.0
Saturday,Out of SF,21,94110.0,1,69333.0,29816.0,28913.0,27128.0,768200.0,82111.0
Saturday,Out of SF,21,94118.0,2,38319.0,19663.0,18633.0,17171.0,1000001.0,82857.0
Saturday,Out of SF,21,94134.0,1,40798.0,17001.0,11867.0,11244.0,547800.0,56716.0
Saturday,Out of SF,21,94158.0,1,4792.0,7288.0,2482.0,2271.0,643900.0,82195.0
Saturday,Out of SF,22,94103.0,2,27170.0,20036.0,14778.0,13098.0,628000.0,43364.0
Saturday,Out of SF,22,94107.0,1,26599.0,14845.0,15141.0,13736.0,719700.0,114439.0
Saturday,Out of SF,22,94112.0,1,79407.0,23606.0,23081.0,21975.0,602400.0,71625.0
Saturday,Out of SF,22,94116.0,3,43698.0,16901.0,16283.0,15445.0,734400.0,83407.0
Saturday,Out of SF,22,94158.0,2,4792.0,7288.0,2482.0,2271.0,643900.0,82195.0
Saturday,Out of SF,23,94103.0,1,27170.0,20036.0,14778.0,13098.0,628000.0,43364.0
Saturday,Out of SF,23,94108.0,2,13768.0,50983.0,8843.0,7628.0,856900.0,35427.0
Saturday,Out of SF,23,94110.0,1,69333.0,29816.0,28913.0,27128.0,768200.0,82111.0
Saturday,Out of SF,23,94112.0,2,79407.0,23606.0,23081.0,21975.0,602400.0,71625.0
Saturday,Out of SF,23,94118.0,1,38319.0,19663.0,18633.0,17171.0,1000001.0,82857.0
Saturday,Out of SF,23,94158.0,2,4792.0,7288.0,2482.0,2271.0,643900.0,82195.0
Saturday,Park,0,94114.0,10,31124.0,21837.0,17634.0,16281.0,1000001.0,114689.0
Saturday,Park,0,94115.0,4,33021.0,29596.0,18884.0,17289.0,965800.0,76952.0
Saturday,Park,0,94117.0,24,39169.0,23211.0,19255.0,17939.0,911500.0,94479.0
Saturday,Park,0,94118.0,3,38319.0,19663.0,18633.0,17171.0,1000001.0,82857.0
Saturday,Park,0,94122.0,3,56023.0,23699.0,23633.0,22162.0,774500.0,81768.0
Saturday,Park,0,94131.0,2,26881.0,12926.0,13427.0,12618.0,859700.0,96889.0
Saturday,Park,1,94114.0,4,31124.0,21837.0,17634.0,16281.0,1000001.0,114689.0
Saturday,Park,1,94115.0,3,33021.0,29596.0,18884.0,17289.0,965800.0,76952.0
Saturday,Park,1,94117.0,8,39169.0,23211.0,19255.0,17939.0,911500.0,94479.0
Saturday,Park,1,94118.0,2,38319.0,19663.0,18633.0,17171.0,1000001.0,82857.0
Saturday,Park,1,94131.0,2,26881.0,12926.0,13427.0,12618.0,859700.0,96889.0
Saturday,Park,2,94114.0,6,31124.0,21837.0,17634.0,16281.0,1000001.0,114689.0
Saturday,Park,2,94117.0,16,39169.0,23211.0,19255.0,17939.0,911500.0,94479.0
Saturday,Park,2,94118.0,1,38319.0,19663.0,18633.0,17171.0,1000001.0,82857.0
Saturday,Park,2,94131.0,2,26881.0,12926.0,13427.0,12618.0,859700.0,96889.0
Saturday,Park,3,94114.0,4,31124.0,21837.0,17634.0,16281.0,1000001.0,114689.0
Saturday,Park,3,94117.0,9,39169.0,23211.0,19255.0,17939.0,911500.0,94479.0
Saturday,Park,3,94118.0,2,38319.0,19663.0,18633.0,17171.0,1000001.0,82857.0
Saturday,Park,3,94122.0,1,56023.0,23699.0,23633.0,22162.0,774500.0,81768.0
Saturday,Park,3,94130.0,1,2880.0,3196.0,786.0,656.0,,37500.0
Saturday,Park,4,94114.0,2,31124.0,21837.0,17634.0,16281.0,1000001.0,114689.0
Saturday,Park,4,94115.0,2,33021.0,29596.0,18884.0,17289.0,965800.0,76952.0
Saturday,Park,4,94117.0,6,39169.0,23211.0,19255.0,17939.0,911500.0,94479.0
Saturday,Park,4,94118.0,4,38319.0,19663.0,18633.0,17171.0,1000001.0,82857.0
Saturday,Park,4,94122.0,1,56023.0,23699.0,23633.0,22162.0,774500.0,81768.0
Saturday,Park,5,94114.0,2,31124.0,21837.0,17634.0,16281.0,1000001.0,114689.0
Saturday,Park,5,94117.0,2,39169.0,23211.0,19255.0,17939.0,911500.0,94479.0
Saturday,Park,6,94114.0,1,31124.0,21837.0,17634.0,16281.0,1000001.0,114689.0
Saturday,Park,6,94117.0,9,39169.0,23211.0,19255.0,17939.0,911500.0,94479.0
Saturday,Park,6,94118.0,4,38319.0,19663.0,18633.0,17171.0,1000001.0,82857.0
Saturday,Park,6,94131.0,3,26881.0,12926.0,13427.0,12618.0,859700.0,96889.0
Saturday,Park,7,94114.0,3,31124.0,21837.0,17634.0,16281.0,1000001.0,114689.0
Saturday,Park,7,94117.0,16,39169.0,23211.0,19255.0,17939.0,911500.0,94479.0
Saturday,Park,7,94118.0,3,38319.0,19663.0,18633.0,17171.0,1000001.0,82857.0
Saturday,Park,7,94122.0,1,56023.0,23699.0,23633.0,22162.0,774500.0,81768.0
Saturday,Park,7,94131.0,3,26881.0,12926.0,13427.0,12618.0,859700.0,96889.0
Saturday,Park,8,94114.0,4,31124.0,21837.0,17634.0,16281.0,1000001.0,114689.0
Saturday,Park,8,94115.0,1,33021.0,29596.0,18884.0,17289.0,965800.0,76952.0
Saturday,Park,8,94117.0,29,39169.0,23211.0,19255.0,17939.0,911500.0,94479.0
Saturday,Park,8,94118.0,3,38319.0,19663.0,18633.0,17171.0,1000001.0,82857.0
Saturday,Park,8,94131.0,2,26881.0,12926.0,13427.0,12618.0,859700.0,96889.0
Saturday,Park,9,94102.0,1,31176.0,46472.0,18758.0,16844.0,574100.0,22517.0
Saturday,Park,9,94114.0,1,31124.0,21837.0,17634.0,16281.0,1000001.0,114689.0
Saturday,Park,9,94117.0,25,39169.0,23211.0,19255.0,17939.0,911500.0,94479.0
Saturday,Park,9,94118.0,1,38319.0,19663.0,18633.0,17171.0,1000001.0,82857.0
Saturday,Park,9,94122.0,2,56023.0,23699.0,23633.0,22162.0,774500.0,81768.0
Saturday,Park,9,94131.0,3,26881.0,12926.0,13427.0,12618.0,859700.0,96889.0
Saturday,Park,10,94114.0,10,31124.0,21837.0,17634.0,16281.0,1000001.0,114689.0
Saturday,Park,10,94117.0,25,39169.0,23211.0,19255.0,17939.0,911500.0,94479.0
Saturday,Park,10,94118.0,5,38319.0,19663.0,18633.0,17171.0,1000001.0,82857.0
Saturday,Park,10,94122.0,2,56023.0,23699.0,23633.0,22162.0,774500.0,81768.0
Saturday,Park,10,94131.0,7,26881.0,12926.0,13427.0,12618.0,859700.0,96889.0
Saturday,Park,11,94114.0,5,31124.0,21837.0,17634.0,16281.0,1000001.0,114689.0
Saturday,Park,11,94115.0,1,33021.0,29596.0,18884.0,17289.0,965800.0,76952.0
Saturday,Park,11,94117.0,34,39169.0,23211.0,19255.0,17939.0,911500.0,94479.0
Saturday,Park,11,94118.0,7,38319.0,19663.0,18633.0,17171.0,1000001.0,82857.0
Saturday,Park,11,94122.0,3,56023.0,23699.0,23633.0,22162.0,774500.0,81768.0
Saturday,Park,11,94131.0,9,26881.0,12926.0,13427.0,12618.0,859700.0,96889.0
Saturday,Park,12,94114.0,9,31124.0,21837.0,17634.0,16281.0,1000001.0,114689.0
Saturday,Park,12,94115.0,2,33021.0,29596.0,18884.0,17289.0,965800.0,76952.0
Saturday,Park,12,94117.0,42,39169.0,23211.0,19255.0,17939.0,911500.0,94479.0
Saturday,Park,12,94118.0,9,38319.0,19663.0,18633.0,17171.0,1000001.0,82857.0
Saturday,Park,12,94122.0,2,56023.0,23699.0,23633.0,22162.0,774500.0,81768.0
Saturday,Park,12,94130.0,1,2880.0,3196.0,786.0,656.0,,37500.0
Saturday,Park,12,94131.0,9,26881.0,12926.0,13427.0,12618.0,859700.0,96889.0
Saturday,Park,13,94115.0,1,33021.0,29596.0,18884.0,17289.0,965800.0,76952.0
Saturday,Park,13,94117.0,29,39169.0,23211.0,19255.0,17939.0,911500.0,94479.0
Saturday,Park,13,94118.0,6,38319.0,19663.0,18633.0,17171.0,1000001.0,82857.0
Saturday,Park,13,94122.0,2,56023.0,23699.0,23633.0,22162.0,774500.0,81768.0
Saturday,Park,13,94131.0,1,26881.0,12926.0,13427.0,12618.0,859700.0,96889.0
Saturday,Park,14,94114.0,7,31124.0,21837.0,17634.0,16281.0,1000001.0,114689.0
Saturday,Park,14,94117.0,26,39169.0,23211.0,19255.0,17939.0,911500.0,94479.0
Saturday,Park,14,94118.0,8,38319.0,19663.0,18633.0,17171.0,1000001.0,82857.0
Saturday,Park,14,94122.0,4,56023.0,23699.0,23633.0,22162.0,774500.0,81768.0
Saturday,Park,14,94131.0,8,26881.0,12926.0,13427.0,12618.0,859700.0,96889.0
Saturday,Park,15,94110.0,1,69333.0,29816.0,28913.0,27128.0,768200.0,82111.0
Saturday,Park,15,94114.0,9,31124.0,21837.0,17634.0,16281.0,1000001.0,114689.0
Saturday,Park,15,94115.0,4,33021.0,29596.0,18884.0,17289.0,965800.0,76952.0
Saturday,Park,15,94117.0,53,39169.0,23211.0,19255.0,17939.0,911500.0,94479.0
Saturday,Park,15,94118.0,9,38319.0,19663.0,18633.0,17171.0,1000001.0,82857.0
Saturday,Park,15,94122.0,3,56023.0,23699.0,23633.0,22162.0,774500.0,81768.0
Saturday,Park,15,94131.0,3,26881.0,12926.0,13427.0,12618.0,859700.0,96889.0
Saturday,Park,16,94114.0,9,31124.0,21837.0,17634.0,16281.0,1000001.0,114689.0
Saturday,Park,16,94115.0,1,33021.0,29596.0,18884.0,17289.0,965800.0,76952.0
Saturday,Park,16,94117.0,52,39169.0,23211.0,19255.0,17939.0,911500.0,94479.0
Saturday,Park,16,94118.0,7,38319.0,19663.0,18633.0,17171.0,1000001.0,82857.0
Saturday,Park,16,94122.0,1,56023.0,23699.0,23633.0,22162.0,774500.0,81768.0
Saturday,Park,16,94131.0,4,26881.0,12926.0,13427.0,12618.0,859700.0,96889.0
Saturday,Park,17,94114.0,7,31124.0,21837.0,17634.0,16281.0,1000001.0,114689.0
Saturday,Park,17,94115.0,2,33021.0,29596.0,18884.0,17289.0,965800.0,76952.0
Saturday,Park,17,94117.0,41,39169.0,23211.0,19255.0,17939.0,911500.0,94479.0
Saturday,Park,17,94118.0,10,38319.0,19663.0,18633.0,17171.0,1000001.0,82857.0
Saturday,Park,17,94122.0,4,56023.0,23699.0,23633.0,22162.0,774500.0,81768.0
Saturday,Park,17,94131.0,9,26881.0,12926.0,13427.0,12618.0,859700.0,96889.0
Saturday,Park,18,94114.0,8,31124.0,21837.0,17634.0,16281.0,1000001.0,114689.0
Saturday,Park,18,94115.0,1,33021.0,29596.0,18884.0,17289.0,965800.0,76952.0
Saturday,Park,18,94117.0,27,39169.0,23211.0,19255.0,17939.0,911500.0,94479.0
Saturday,Park,18,94118.0,9,38319.0,19663.0,18633.0,17171.0,1000001.0,82857.0
Saturday,Park,18,94122.0,5,56023.0,23699.0,23633.0,22162.0,774500.0,81768.0
Saturday,Park,18,94131.0,2,26881.0,12926.0,13427.0,12618.0,859700.0,96889.0
Saturday,Park,19,94102.0,1,31176.0,46472.0,18758.0,16844.0,574100.0,22517.0
Saturday,Park,19,94114.0,3,31124.0,21837.0,17634.0,16281.0,1000001.0,114689.0
Saturday,Park,19,94115.0,3,33021.0,29596.0,18884.0,17289.0,965800.0,76952.0
Saturday,Park,19,94117.0,23,39169.0,23211.0,19255.0,17939.0,911500.0,94479.0
Saturday,Park,19,94118.0,5,38319.0,19663.0,18633.0,17171.0,1000001.0,82857.0
Saturday,Park,19,94122.0,1,56023.0,23699.0,23633.0,22162.0,774500.0,81768.0
Saturday,Park,19,94131.0,7,26881.0,12926.0,13427.0,12618.0,859700.0,96889.0
Saturday,Park,20,94114.0,6,31124.0,21837.0,17634.0,16281.0,1000001.0,114689.0
Saturday,Park,20,94115.0,1,33021.0,29596.0,18884.0,17289.0,965800.0,76952.0
Saturday,Park,20,94117.0,30,39169.0,23211.0,19255.0,17939.0,911500.0,94479.0
Saturday,Park,20,94118.0,1,38319.0,19663.0,18633.0,17171.0,1000001.0,82857.0
Saturday,Park,20,94122.0,2,56023.0,23699.0,23633.0,22162.0,774500.0,81768.0
Saturday,Park,20,94131.0,6,26881.0,12926.0,13427.0,12618.0,859700.0,96889.0
Saturday,Park,21,94102.0,1,31176.0,46472.0,18758.0,16844.0,574100.0,22517.0
Saturday,Park,21,94114.0,2,31124.0,21837.0,17634.0,16281.0,1000001.0,114689.0
Saturday,Park,21,94117.0,10,39169.0,23211.0,19255.0,17939.0,911500.0,94479.0
Saturday,Park,21,94118.0,2,38319.0,19663.0,18633.0,17171.0,1000001.0,82857.0
Saturday,Park,21,94122.0,1,56023.0,23699.0,23633.0,22162.0,774500.0,81768.0
Saturday,Park,21,94131.0,5,26881.0,12926.0,13427.0,12618.0,859700.0,96889.0
Saturday,Park,22,94102.0,1,31176.0,46472.0,18758.0,16844.0,574100.0,22517.0
Saturday,Park,22,94114.0,1,31124.0,21837.0,17634.0,16281.0,1000001.0,114689.0
Saturday,Park,22,94115.0,2,33021.0,29596.0,18884.0,17289.0,965800.0,76952.0
Saturday,Park,22,94117.0,23,39169.0,23211.0,19255.0,17939.0,911500.0,94479.0
Saturday,Park,22,94118.0,1,38319.0,19663.0,18633.0,17171.0,1000001.0,82857.0
Saturday,Park,22,94122.0,5,56023.0,23699.0,23633.0,22162.0,774500.0,81768.0
Saturday,Park,22,94131.0,1,26881.0,12926.0,13427.0,12618.0,859700.0,96889.0
Saturday,Park,23,94114.0,8,31124.0,21837.0,17634.0,16281.0,1000001.0,114689.0
Saturday,Park,23,94117.0,22,39169.0,23211.0,19255.0,17939.0,911500.0,94479.0
Saturday,Park,23,94118.0,1,38319.0,19663.0,18633.0,17171.0,1000001.0,82857.0
Saturday,Park,23,94131.0,4,26881.0,12926.0,13427.0,12618.0,859700.0,96889.0
Saturday,Richmond,0,94115.0,10,33021.0,29596.0,18884.0,17289.0,965800.0,76952.0
Saturday,Richmond,0,94118.0,24,38319.0,19663.0,18633.0,17171.0,1000001.0,82857.0
Saturday,Richmond,0,94122.0,16,56023.0,23699.0,23633.0,22162.0,774500.0,81768.0
Saturday,Richmond,1,94115.0,1,33021.0,29596.0,18884.0,17289.0,965800.0,76952.0
Saturday,Richmond,1,94118.0,12,38319.0,19663.0,18633.0,17171.0,1000001.0,82857.0
Saturday,Richmond,1,94122.0,13,56023.0,23699.0,23633.0,22162.0,774500.0,81768.0
Saturday,Richmond,2,94115.0,3,33021.0,29596.0,18884.0,17289.0,965800.0,76952.0
Saturday,Richmond,2,94118.0,8,38319.0,19663.0,18633.0,17171.0,1000001.0,82857.0
Saturday,Richmond,2,94122.0,3,56023.0,23699.0,23633.0,22162.0,774500.0,81768.0
Saturday,Richmond,3,94115.0,4,33021.0,29596.0,18884.0,17289.0,965800.0,76952.0
Saturday,Richmond,3,94118.0,14,38319.0,19663.0,18633.0,17171.0,1000001.0,82857.0
Saturday,Richmond,3,94122.0,4,56023.0,23699.0,23633.0,22162.0,774500.0,81768.0
Saturday,Richmond,4,94115.0,1,33021.0,29596.0,18884.0,17289.0,965800.0,76952.0
Saturday,Richmond,4,94118.0,8,38319.0,19663.0,18633.0,17171.0,1000001.0,82857.0
Saturday,Richmond,4,94122.0,1,56023.0,23699.0,23633.0,22162.0,774500.0,81768.0
Saturday,Richmond,5,94115.0,1,33021.0,29596.0,18884.0,17289.0,965800.0,76952.0
Saturday,Richmond,5,94118.0,2,38319.0,19663.0,18633.0,17171.0,1000001.0,82857.0
Saturday,Richmond,5,94122.0,1,56023.0,23699.0,23633.0,22162.0,774500.0,81768.0
Saturday,Richmond,6,94109.0,3,55984.0,47129.0,37182.0,33342.0,723200.0,60722.0
Saturday,Richmond,6,94111.0,1,3713.0,10791.0,2811.0,2365.0,882000.0,89722.0
Saturday,Richmond,6,94115.0,1,33021.0,29596.0,18884.0,17289.0,965800.0,76952.0
Saturday,Richmond,6,94118.0,3,38319.0,19663.0,18633.0,17171.0,1000001.0,82857.0
Saturday,Richmond,6,94122.0,9,56023.0,23699.0,23633.0,22162.0,774500.0,81768.0
Saturday,Richmond,7,94115.0,6,33021.0,29596.0,18884.0,17289.0,965800.0,76952.0
Saturday,Richmond,7,94118.0,10,38319.0,19663.0,18633.0,17171.0,1000001.0,82857.0
Saturday,Richmond,7,94122.0,1,56023.0,23699.0,23633.0,22162.0,774500.0,81768.0
Saturday,Richmond,8,94115.0,12,33021.0,29596.0,18884.0,17289.0,965800.0,76952.0
Saturday,Richmond,8,94118.0,17,38319.0,19663.0,18633.0,17171.0,1000001.0,82857.0
Saturday,Richmond,8,94122.0,17,56023.0,23699.0,23633.0,22162.0,774500.0,81768.0
Saturday,Richmond,9,94115.0,5,33021.0,29596.0,18884.0,17289.0,965800.0,76952.0
Saturday,Richmond,9,94118.0,14,38319.0,19663.0,18633.0,17171.0,1000001.0,82857.0
Saturday,Richmond,9,94122.0,11,56023.0,23699.0,23633.0,22162.0,774500.0,81768.0
Saturday,Richmond,10,94115.0,9,33021.0,29596.0,18884.0,17289.0,965800.0,76952.0
Saturday,Richmond,10,94118.0,21,38319.0,19663.0,18633.0,17171.0,1000001.0,82857.0
Saturday,Richmond,10,94122.0,23,56023.0,23699.0,23633.0,22162.0,774500.0,81768.0
Saturday,Richmond,10,94123.0,1,23088.0,22622.0,15083.0,13717.0,1000001.0,112650.0
Saturday,Richmond,11,94115.0,11,33021.0,29596.0,18884.0,17289.0,965800.0,76952.0
Saturday,Richmond,11,94118.0,10,38319.0,19663.0,18633.0,17171.0,1000001.0,82857.0
Saturday,Richmond,11,94122.0,28,56023.0,23699.0,23633.0,22162.0,774500.0,81768.0
Saturday,Richmond,12,94115.0,3,33021.0,29596.0,18884.0,17289.0,965800.0,76952.0
Saturday,Richmond,12,94118.0,34,38319.0,19663.0,18633.0,17171.0,1000001.0,82857.0
Saturday,Richmond,12,94122.0,34,56023.0,23699.0,23633.0,22162.0,774500.0,81768.0
Saturday,Richmond,13,94115.0,7,33021.0,29596.0,18884.0,17289.0,965800.0,76952.0
Saturday,Richmond,13,94118.0,37,38319.0,19663.0,18633.0,17171.0,1000001.0,82857.0
Saturday,Richmond,13,94122.0,24,56023.0,23699.0,23633.0,22162.0,774500.0,81768.0
Saturday,Richmond,13,94127.0,1,19289.0,10895.0,7801.0,7511.0,916900.0,131351.0
Saturday,Richmond,14,94115.0,9,33021.0,29596.0,18884.0,17289.0,965800.0,76952.0
Saturday,Richmond,14,94118.0,19,38319.0,19663.0,18633.0,17171.0,1000001.0,82857.0
Saturday,Richmond,14,94122.0,28,56023.0,23699.0,23633.0,22162.0,774500.0,81768.0
Saturday,Richmond,15,94115.0,9,33021.0,29596.0,18884.0,17289.0,965800.0,76952.0
Saturday,Richmond,15,94118.0,37,38319.0,19663.0,18633.0,17171.0,1000001.0,82857.0
Saturday,Richmond,15,94122.0,26,56023.0,23699.0,23633.0,22162.0,774500.0,81768.0
Saturday,Richmond,16,94115.0,11,33021.0,29596.0,18884.0,17289.0,965800.0,76952.0
Saturday,Richmond,16,94118.0,27,38319.0,19663.0,18633.0,17171.0,1000001.0,82857.0
Saturday,Richmond,16,94122.0,18,56023.0,23699.0,23633.0,22162.0,774500.0,81768.0
Saturday,Richmond,17,94115.0,7,33021.0,29596.0,18884.0,17289.0,965800.0,76952.0
Saturday,Richmond,17,94118.0,33,38319.0,19663.0,18633.0,17171.0,1000001.0,82857.0
Saturday,Richmond,17,94122.0,25,56023.0,23699.0,23633.0,22162.0,774500.0,81768.0
Saturday,Richmond,18,94105.0,1,5846.0,15826.0,4601.0,3586.0,740900.0,163949.0
Saturday,Richmond,18,94115.0,9,33021.0,29596.0,18884.0,17289.0,965800.0,76952.0
Saturday,Richmond,18,94118.0,45,38319.0,19663.0,18633.0,17171.0,1000001.0,82857.0
Saturday,Richmond,18,94122.0,26,56023.0,23699.0,23633.0,22162.0,774500.0,81768.0
Saturday,Richmond,18,94129.0,3,3183.0,1381.0,1132.0,1086.0,,143320.0
Saturday,Richmond,19,94115.0,9,33021.0,29596.0,18884.0,17289.0,965800.0,76952.0
Saturday,Richmond,19,94118.0,32,38319.0,19663.0,18633.0,17171.0,1000001.0,82857.0
Saturday,Richmond,19,94122.0,27,56023.0,23699.0,23633.0,22162.0,774500.0,81768.0
Saturday,Richmond,19,94129.0,1,3183.0,1381.0,1132.0,1086.0,,143320.0
Saturday,Richmond,20,94109.0,1,55984.0,47129.0,37182.0,33342.0,723200.0,60722.0
Saturday,Richmond,20,94115.0,7,33021.0,29596.0,18884.0,17289.0,965800.0,76952.0
Saturday,Richmond,20,94118.0,37,38319.0,19663.0,18633.0,17171.0,1000001.0,82857.0
Saturday,Richmond,20,94122.0,25,56023.0,23699.0,23633.0,22162.0,774500.0,81768.0
Saturday,Richmond,21,94102.0,1,31176.0,46472.0,18758.0,16844.0,574100.0,22517.0
Saturday,Richmond,21,94115.0,7,33021.0,29596.0,18884.0,17289.0,965800.0,76952.0
Saturday,Richmond,21,94118.0,27,38319.0,19663.0,18633.0,17171.0,1000001.0,82857.0
Saturday,Richmond,21,94122.0,15,56023.0,23699.0,23633.0,22162.0,774500.0,81768.0
Saturday,Richmond,22,94115.0,2,33021.0,29596.0,18884.0,17289.0,965800.0,76952.0
Saturday,Richmond,22,94118.0,30,38319.0,19663.0,18633.0,17171.0,1000001.0,82857.0
Saturday,Richmond,22,94122.0,10,56023.0,23699.0,23633.0,22162.0,774500.0,81768.0
Saturday,Richmond,23,94115.0,5,33021.0,29596.0,18884.0,17289.0,965800.0,76952.0
Saturday,Richmond,23,94118.0,22,38319.0,19663.0,18633.0,17171.0,1000001.0,82857.0
Saturday,Richmond,23,94122.0,9,56023.0,23699.0,23633.0,22162.0,774500.0,81768.0
Saturday,Southern,0,94102.0,18,31176.0,46472.0,18758.0,16844.0,574100.0,22517.0
Saturday,Southern,0,94103.0,93,27170.0,20036.0,14778.0,13098.0,628000.0,43364.0
Saturday,Southern,0,94104.0,4,406.0,5232.0,368.0,207.0,1000001.0,48750.0
Saturday,Southern,0,94105.0,43,5846.0,15826.0,4601.0,3586.0,740900.0,163949.0
Saturday,Southern,0,94107.0,4,26599.0,14845.0,15141.0,13736.0,719700.0,114439.0
Saturday,Southern,0,94117.0,2,39169.0,23211.0,19255.0,17939.0,911500.0,94479.0
Saturday,Southern,0,94124.0,1,33996.0,6901.0,10812.0,9717.0,470400.0,50146.0
Saturday,Southern,0,94130.0,1,2880.0,3196.0,786.0,656.0,,37500.0
Saturday,Southern,0,94158.0,35,4792.0,7288.0,2482.0,2271.0,643900.0,82195.0
Saturday,Southern,1,94102.0,7,31176.0,46472.0,18758.0,16844.0,574100.0,22517.0
Saturday,Southern,1,94103.0,50,27170.0,20036.0,14778.0,13098.0,628000.0,43364.0
Saturday,Southern,1,94104.0,3,406.0,5232.0,368.0,207.0,1000001.0,48750.0
Saturday,Southern,1,94105.0,32,5846.0,15826.0,4601.0,3586.0,740900.0,163949.0
Saturday,Southern,1,94124.0,1,33996.0,6901.0,10812.0,9717.0,470400.0,50146.0
Saturday,Southern,1,94130.0,2,2880.0,3196.0,786.0,656.0,,37500.0
Saturday,Southern,1,94158.0,9,4792.0,7288.0,2482.0,2271.0,643900.0,82195.0
Saturday,Southern,2,94102.0,11,31176.0,46472.0,18758.0,16844.0,574100.0,22517.0
Saturday,Southern,2,94103.0,47,27170.0,20036.0,14778.0,13098.0,628000.0,43364.0
Saturday,Southern,2,94104.0,2,406.0,5232.0,368.0,207.0,1000001.0,48750.0
Saturday,Southern,2,94105.0,24,5846.0,15826.0,4601.0,3586.0,740900.0,163949.0
Saturday,Southern,2,94158.0,6,4792.0,7288.0,2482.0,2271.0,643900.0,82195.0
Saturday,Southern,3,94102.0,4,31176.0,46472.0,18758.0,16844.0,574100.0,22517.0
Saturday,Southern,3,94103.0,31,27170.0,20036.0,14778.0,13098.0,628000.0,43364.0
Saturday,Southern,3,94105.0,12,5846.0,15826.0,4601.0,3586.0,740900.0,163949.0
Saturday,Southern,3,94130.0,2,2880.0,3196.0,786.0,656.0,,37500.0
Saturday,Southern,3,94158.0,6,4792.0,7288.0,2482.0,2271.0,643900.0,82195.0
Saturday,Southern,4,94103.0,14,27170.0,20036.0,14778.0,13098.0,628000.0,43364.0
Saturday,Southern,4,94105.0,9,5846.0,15826.0,4601.0,3586.0,740900.0,163949.0
Saturday,Southern,4,94130.0,5,2880.0,3196.0,786.0,656.0,,37500.0
Saturday,Southern,4,94158.0,6,4792.0,7288.0,2482.0,2271.0,643900.0,82195.0
Saturday,Southern,5,94102.0,1,31176.0,46472.0,18758.0,16844.0,574100.0,22517.0
Saturday,Southern,5,94103.0,15,27170.0,20036.0,14778.0,13098.0,628000.0,43364.0
Saturday,Southern,5,94104.0,1,406.0,5232.0,368.0,207.0,1000001.0,48750.0
Saturday,Southern,5,94105.0,10,5846.0,15826.0,4601.0,3586.0,740900.0,163949.0
Saturday,Southern,5,94108.0,1,13768.0,50983.0,8843.0,7628.0,856900.0,35427.0
Saturday,Southern,5,94158.0,3,4792.0,7288.0,2482.0,2271.0,643900.0,82195.0
Saturday,Southern,6,94102.0,1,31176.0,46472.0,18758.0,16844.0,574100.0,22517.0
Saturday,Southern,6,94103.0,20,27170.0,20036.0,14778.0,13098.0,628000.0,43364.0
Saturday,Southern,6,94104.0,2,406.0,5232.0,368.0,207.0,1000001.0,48750.0
Saturday,Southern,6,94105.0,3,5846.0,15826.0,4601.0,3586.0,740900.0,163949.0
Saturday,Southern,6,94107.0,5,26599.0,14845.0,15141.0,13736.0,719700.0,114439.0
Saturday,Southern,6,94130.0,1,2880.0,3196.0,786.0,656.0,,37500.0
Saturday,Southern,6,94158.0,6,4792.0,7288.0,2482.0,2271.0,643900.0,82195.0
Saturday,Southern,7,94102.0,4,31176.0,46472.0,18758.0,16844.0,574100.0,22517.0
Saturday,Southern,7,94103.0,24,27170.0,20036.0,14778.0,13098.0,628000.0,43364.0
Saturday,Southern,7,94104.0,4,406.0,5232.0,368.0,207.0,1000001.0,48750.0
Saturday,Southern,7,94105.0,5,5846.0,15826.0,4601.0,3586.0,740900.0,163949.0
Saturday,Southern,7,94158.0,11,4792.0,7288.0,2482.0,2271.0,643900.0,82195.0
Saturday,Southern,8,94102.0,15,31176.0,46472.0,18758.0,16844.0,574100.0,22517.0
Saturday,Southern,8,94103.0,44,27170.0,20036.0,14778.0,13098.0,628000.0,43364.0
Saturday,Southern,8,94105.0,20,5846.0,15826.0,4601.0,3586.0,740900.0,163949.0
Saturday,Southern,8,94127.0,1,19289.0,10895.0,7801.0,7511.0,916900.0,131351.0
Saturday,Southern,8,94130.0,2,2880.0,3196.0,786.0,656.0,,37500.0
Saturday,Southern,8,94158.0,13,4792.0,7288.0,2482.0,2271.0,643900.0,82195.0
Saturday,Southern,9,94102.0,20,31176.0,46472.0,18758.0,16844.0,574100.0,22517.0
Saturday,Southern,9,94103.0,33,27170.0,20036.0,14778.0,13098.0,628000.0,43364.0
Saturday,Southern,9,94104.0,3,406.0,5232.0,368.0,207.0,1000001.0,48750.0
Saturday,Southern,9,94105.0,14,5846.0,15826.0,4601.0,3586.0,740900.0,163949.0
Saturday,Southern,9,94107.0,1,26599.0,14845.0,15141.0,13736.0,719700.0,114439.0
Saturday,Southern,9,94108.0,2,13768.0,50983.0,8843.0,7628.0,856900.0,35427.0
Saturday,Southern,9,94109.0,1,55984.0,47129.0,37182.0,33342.0,723200.0,60722.0
Saturday,Southern,9,94130.0,3,2880.0,3196.0,786.0,656.0,,37500.0
Saturday,Southern,9,94158.0,10,4792.0,7288.0,2482.0,2271.0,643900.0,82195.0
Saturday,Southern,10,94102.0,13,31176.0,46472.0,18758.0,16844.0,574100.0,22517.0
Saturday,Southern,10,94103.0,65,27170.0,20036.0,14778.0,13098.0,628000.0,43364.0
Saturday,Southern,10,94104.0,5,406.0,5232.0,368.0,207.0,1000001.0,48750.0
Saturday,Southern,10,94105.0,14,5846.0,15826.0,4601.0,3586.0,740900.0,163949.0
Saturday,Southern,10,94107.0,3,26599.0,14845.0,15141.0,13736.0,719700.0,114439.0
Saturday,Southern,10,94117.0,1,39169.0,23211.0,19255.0,17939.0,911500.0,94479.0
Saturday,Southern,10,94158.0,17,4792.0,7288.0,2482.0,2271.0,643900.0,82195.0
Saturday,Southern,11,94102.0,7,31176.0,46472.0,18758.0,16844.0,574100.0,22517.0
Saturday,Southern,11,94103.0,56,27170.0,20036.0,14778.0,13098.0,628000.0,43364.0
Saturday,Southern,11,94104.0,3,406.0,5232.0,368.0,207.0,1000001.0,48750.0
Saturday,Southern,11,94105.0,18,5846.0,15826.0,4601.0,3586.0,740900.0,163949.0
Saturday,Southern,11,94117.0,1,39169.0,23211.0,19255.0,17939.0,911500.0,94479.0
Saturday,Southern,11,94130.0,3,2880.0,3196.0,786.0,656.0,,37500.0
Saturday,Southern,11,94158.0,7,4792.0,7288.0,2482.0,2271.0,643900.0,82195.0
Saturday,Southern,12,94102.0,21,31176.0,46472.0,18758.0,16844.0,574100.0,22517.0
Saturday,Southern,12,94103.0,47,27170.0,20036.0,14778.0,13098.0,628000.0,43364.0
Saturday,Southern,12,94104.0,4,406.0,5232.0,368.0,207.0,1000001.0,48750.0
Saturday,Southern,12,94105.0,26,5846.0,15826.0,4601.0,3586.0,740900.0,163949.0
Saturday,Southern,12,94108.0,1,13768.0,50983.0,8843.0,7628.0,856900.0,35427.0
Saturday,Southern,12,94130.0,5,2880.0,3196.0,786.0,656.0,,37500.0
Saturday,Southern,12,94158.0,22,4792.0,7288.0,2482.0,2271.0,643900.0,82195.0
Saturday,Southern,13,94102.0,7,31176.0,46472.0,18758.0,16844.0,574100.0,22517.0
Saturday,Southern,13,94103.0,44,27170.0,20036.0,14778.0,13098.0,628000.0,43364.0
Saturday,Southern,13,94104.0,1,406.0,5232.0,368.0,207.0,1000001.0,48750.0
Saturday,Southern,13,94105.0,32,5846.0,15826.0,4601.0,3586.0,740900.0,163949.0
Saturday,Southern,13,94108.0,2,13768.0,50983.0,8843.0,7628.0,856900.0,35427.0
Saturday,Southern,13,94130.0,2,2880.0,3196.0,786.0,656.0,,37500.0
Saturday,Southern,13,94158.0,14,4792.0,7288.0,2482.0,2271.0,643900.0,82195.0
Saturday,Southern,14,94102.0,18,31176.0,46472.0,18758.0,16844.0,574100.0,22517.0
Saturday,Southern,14,94103.0,63,27170.0,20036.0,14778.0,13098.0,628000.0,43364.0
Saturday,Southern,14,94104.0,3,406.0,5232.0,368.0,207.0,1000001.0,48750.0
Saturday,Southern,14,94105.0,34,5846.0,15826.0,4601.0,3586.0,740900.0,163949.0
Saturday,Southern,14,94107.0,3,26599.0,14845.0,15141.0,13736.0,719700.0,114439.0
Saturday,Southern,14,94110.0,2,69333.0,29816.0,28913.0,27128.0,768200.0,82111.0
Saturday,Southern,14,94130.0,4,2880.0,3196.0,786.0,656.0,,37500.0
Saturday,Southern,14,94158.0,12,4792.0,7288.0,2482.0,2271.0,643900.0,82195.0
Saturday,Southern,15,94102.0,23,31176.0,46472.0,18758.0,16844.0,574100.0,22517.0
Saturday,Southern,15,94103.0,65,27170.0,20036.0,14778.0,13098.0,628000.0,43364.0
Saturday,Southern,15,94104.0,1,406.0,5232.0,368.0,207.0,1000001.0,48750.0
Saturday,Southern,15,94105.0,28,5846.0,15826.0,4601.0,3586.0,740900.0,163949.0
Saturday,Southern,15,94108.0,1,13768.0,50983.0,8843.0,7628.0,856900.0,35427.0
Saturday,Southern,15,94130.0,2,2880.0,3196.0,786.0,656.0,,37500.0
Saturday,Southern,15,94158.0,27,4792.0,7288.0,2482.0,2271.0,643900.0,82195.0
Saturday,Southern,16,94102.0,16,31176.0,46472.0,18758.0,16844.0,574100.0,22517.0
Saturday,Southern,16,94103.0,70,27170.0,20036.0,14778.0,13098.0,628000.0,43364.0
Saturday,Southern,16,94104.0,6,406.0,5232.0,368.0,207.0,1000001.0,48750.0
Saturday,Southern,16,94105.0,31,5846.0,15826.0,4601.0,3586.0,740900.0,163949.0
Saturday,Southern,16,94107.0,1,26599.0,14845.0,15141.0,13736.0,719700.0,114439.0
Saturday,Southern,16,94110.0,1,69333.0,29816.0,28913.0,27128.0,768200.0,82111.0
Saturday,Southern,16,94117.0,1,39169.0,23211.0,19255.0,17939.0,911500.0,94479.0
Saturday,Southern,16,94118.0,1,38319.0,19663.0,18633.0,17171.0,1000001.0,82857.0
Saturday,Southern,16,94130.0,11,2880.0,3196.0,786.0,656.0,,37500.0
Saturday,Southern,16,94158.0,15,4792.0,7288.0,2482.0,2271.0,643900.0,82195.0
Saturday,Southern,17,94102.0,11,31176.0,46472.0,18758.0,16844.0,574100.0,22517.0
Saturday,Southern,17,94103.0,76,27170.0,20036.0,14778.0,13098.0,628000.0,43364.0
Saturday,Southern,17,94104.0,1,406.0,5232.0,368.0,207.0,1000001.0,48750.0
Saturday,Southern,17,94105.0,66,5846.0,15826.0,4601.0,3586.0,740900.0,163949.0
Saturday,Southern,17,94107.0,3,26599.0,14845.0,15141.0,13736.0,719700.0,114439.0
Saturday,Southern,17,94110.0,1,69333.0,29816.0,28913.0,27128.0,768200.0,82111.0
Saturday,Southern,17,94111.0,1,3713.0,10791.0,2811.0,2365.0,882000.0,89722.0
Saturday,Southern,17,94130.0,1,2880.0,3196.0,786.0,656.0,,37500.0
Saturday,Southern,17,94158.0,10,4792.0,7288.0,2482.0,2271.0,643900.0,82195.0
Saturday,Southern,18,94102.0,10,31176.0,46472.0,18758.0,16844.0,574100.0,22517.0
Saturday,Southern,18,94103.0,76,27170.0,20036.0,14778.0,13098.0,628000.0,43364.0
Saturday,Southern,18,94104.0,12,406.0,5232.0,368.0,207.0,1000001.0,48750.0
Saturday,Southern,18,94105.0,42,5846.0,15826.0,4601.0,3586.0,740900.0,163949.0
Saturday,Southern,18,94130.0,4,2880.0,3196.0,786.0,656.0,,37500.0
Saturday,Southern,18,94158.0,27,4792.0,7288.0,2482.0,2271.0,643900.0,82195.0
Saturday,Southern,19,94102.0,10,31176.0,46472.0,18758.0,16844.0,574100.0,22517.0
Saturday,Southern,19,94103.0,68,27170.0,20036.0,14778.0,13098.0,628000.0,43364.0
Saturday,Southern,19,94104.0,7,406.0,5232.0,368.0,207.0,1000001.0,48750.0
Saturday,Southern,19,94105.0,35,5846.0,15826.0,4601.0,3586.0,740900.0,163949.0
Saturday,Southern,19,94107.0,1,26599.0,14845.0,15141.0,13736.0,719700.0,114439.0
Saturday,Southern,19,94110.0,1,69333.0,29816.0,28913.0,27128.0,768200.0,82111.0
Saturday,Southern,19,94130.0,2,2880.0,3196.0,786.0,656.0,,37500.0
Saturday,Southern,19,94158.0,30,4792.0,7288.0,2482.0,2271.0,643900.0,82195.0
Saturday,Southern,20,94102.0,10,31176.0,46472.0,18758.0,16844.0,574100.0,22517.0
Saturday,Southern,20,94103.0,58,27170.0,20036.0,14778.0,13098.0,628000.0,43364.0
Saturday,Southern,20,94104.0,2,406.0,5232.0,368.0,207.0,1000001.0,48750.0
Saturday,Southern,20,94105.0,34,5846.0,15826.0,4601.0,3586.0,740900.0,163949.0
Saturday,Southern,20,94107.0,1,26599.0,14845.0,15141.0,13736.0,719700.0,114439.0
Saturday,Southern,20,94108.0,1,13768.0,50983.0,8843.0,7628.0,856900.0,35427.0
Saturday,Southern,20,94130.0,4,2880.0,3196.0,786.0,656.0,,37500.0
Saturday,Southern,20,94158.0,22,4792.0,7288.0,2482.0,2271.0,643900.0,82195.0
Saturday,Southern,21,94102.0,15,31176.0,46472.0,18758.0,16844.0,574100.0,22517.0
Saturday,Southern,21,94103.0,46,27170.0,20036.0,14778.0,13098.0,628000.0,43364.0
Saturday,Southern,21,94105.0,33,5846.0,15826.0,4601.0,3586.0,740900.0,163949.0
Saturday,Southern,21,94107.0,2,26599.0,14845.0,15141.0,13736.0,719700.0,114439.0
Saturday,Southern,21,94108.0,2,13768.0,50983.0,8843.0,7628.0,856900.0,35427.0
Saturday,Southern,21,94118.0,1,38319.0,19663.0,18633.0,17171.0,1000001.0,82857.0
Saturday,Southern,21,94130.0,5,2880.0,3196.0,786.0,656.0,,37500.0
Saturday,Southern,21,94158.0,35,4792.0,7288.0,2482.0,2271.0,643900.0,82195.0
Saturday,Southern,22,94102.0,16,31176.0,46472.0,18758.0,16844.0,574100.0,22517.0
Saturday,Southern,22,94103.0,95,27170.0,20036.0,14778.0,13098.0,628000.0,43364.0
Saturday,Southern,22,94104.0,4,406.0,5232.0,368.0,207.0,1000001.0,48750.0
Saturday,Southern,22,94105.0,36,5846.0,15826.0,4601.0,3586.0,740900.0,163949.0
Saturday,Southern,22,94107.0,2,26599.0,14845.0,15141.0,13736.0,719700.0,114439.0
Saturday,Southern,22,94114.0,1,31124.0,21837.0,17634.0,16281.0,1000001.0,114689.0
Saturday,Southern,22,94118.0,1,38319.0,19663.0,18633.0,17171.0,1000001.0,82857.0
Saturday,Southern,22,94130.0,5,2880.0,3196.0,786.0,656.0,,37500.0
Saturday,Southern,22,94158.0,19,4792.0,7288.0,2482.0,2271.0,643900.0,82195.0
Saturday,Southern,23,94102.0,12,31176.0,46472.0,18758.0,16844.0,574100.0,22517.0
Saturday,Southern,23,94103.0,105,27170.0,20036.0,14778.0,13098.0,628000.0,43364.0
Saturday,Southern,23,94104.0,2,406.0,5232.0,368.0,207.0,1000001.0,48750.0
Saturday,Southern,23,94105.0,48,5846.0,15826.0,4601.0,3586.0,740900.0,163949.0
Saturday,Southern,23,94107.0,3,26599.0,14845.0,15141.0,13736.0,719700.0,114439.0
Saturday,Southern,23,94123.0,2,23088.0,22622.0,15083.0,13717.0,1000001.0,112650.0
Saturday,Southern,23,94130.0,4,2880.0,3196.0,786.0,656.0,,37500.0
Saturday,Southern,23,94158.0,11,4792.0,7288.0,2482.0,2271.0,643900.0,82195.0
Saturday,Taraval,0,94112.0,5,79407.0,23606.0,23081.0,21975.0,602400.0,71625.0
Saturday,Taraval,0,94116.0,15,43698.0,16901.0,16283.0,15445.0,734400.0,83407.0
Saturday,Taraval,0,94122.0,33,56023.0,23699.0,23633.0,22162.0,774500.0,81768.0
Saturday,Taraval,0,94127.0,18,19289.0,10895.0,7801.0,7511.0,916900.0,131351.0
Saturday,Taraval,0,94132.0,22,28129.0,9045.0,10769.0,9993.0,733100.0,69223.0
Saturday,Taraval,1,94112.0,3,79407.0,23606.0,23081.0,21975.0,602400.0,71625.0
Saturday,Taraval,1,94116.0,11,43698.0,16901.0,16283.0,15445.0,734400.0,83407.0
Saturday,Taraval,1,94122.0,7,56023.0,23699.0,23633.0,22162.0,774500.0,81768.0
Saturday,Taraval,1,94127.0,4,19289.0,10895.0,7801.0,7511.0,916900.0,131351.0
Saturday,Taraval,1,94132.0,8,28129.0,9045.0,10769.0,9993.0,733100.0,69223.0
Saturday,Taraval,2,94112.0,1,79407.0,23606.0,23081.0,21975.0,602400.0,71625.0
Saturday,Taraval,2,94116.0,16,43698.0,16901.0,16283.0,15445.0,734400.0,83407.0
Saturday,Taraval,2,94122.0,13,56023.0,23699.0,23633.0,22162.0,774500.0,81768.0
Saturday,Taraval,2,94127.0,2,19289.0,10895.0,7801.0,7511.0,916900.0,131351.0
Saturday,Taraval,2,94132.0,5,28129.0,9045.0,10769.0,9993.0,733100.0,69223.0
Saturday,Taraval,3,94112.0,8,79407.0,23606.0,23081.0,21975.0,602400.0,71625.0
Saturday,Taraval,3,94116.0,6,43698.0,16901.0,16283.0,15445.0,734400.0,83407.0
Saturday,Taraval,3,94122.0,8,56023.0,23699.0,23633.0,22162.0,774500.0,81768.0
Saturday,Taraval,3,94127.0,4,19289.0,10895.0,7801.0,7511.0,916900.0,131351.0
Saturday,Taraval,3,94132.0,2,28129.0,9045.0,10769.0,9993.0,733100.0,69223.0
Saturday,Taraval,4,94112.0,1,79407.0,23606.0,23081.0,21975.0,602400.0,71625.0
Saturday,Taraval,4,94116.0,5,43698.0,16901.0,16283.0,15445.0,734400.0,83407.0
Saturday,Taraval,4,94122.0,5,56023.0,23699.0,23633.0,22162.0,774500.0,81768.0
Saturday,Taraval,4,94127.0,1,19289.0,10895.0,7801.0,7511.0,916900.0,131351.0
Saturday,Taraval,4,94132.0,2,28129.0,9045.0,10769.0,9993.0,733100.0,69223.0
Saturday,Taraval,5,94112.0,3,79407.0,23606.0,23081.0,21975.0,602400.0,71625.0
Saturday,Taraval,5,94116.0,5,43698.0,16901.0,16283.0,15445.0,734400.0,83407.0
Saturday,Taraval,5,94122.0,5,56023.0,23699.0,23633.0,22162.0,774500.0,81768.0
Saturday,Taraval,5,94127.0,3,19289.0,10895.0,7801.0,7511.0,916900.0,131351.0
Saturday,Taraval,5,94132.0,1,28129.0,9045.0,10769.0,9993.0,733100.0,69223.0
Saturday,Taraval,6,94112.0,4,79407.0,23606.0,23081.0,21975.0,602400.0,71625.0
Saturday,Taraval,6,94116.0,4,43698.0,16901.0,16283.0,15445.0,734400.0,83407.0
Saturday,Taraval,6,94122.0,4,56023.0,23699.0,23633.0,22162.0,774500.0,81768.0
Saturday,Taraval,6,94127.0,2,19289.0,10895.0,7801.0,7511.0,916900.0,131351.0
Saturday,Taraval,6,94132.0,2,28129.0,9045.0,10769.0,9993.0,733100.0,69223.0
Saturday,Taraval,7,94112.0,2,79407.0,23606.0,23081.0,21975.0,602400.0,71625.0
Saturday,Taraval,7,94116.0,2,43698.0,16901.0,16283.0,15445.0,734400.0,83407.0
Saturday,Taraval,7,94122.0,6,56023.0,23699.0,23633.0,22162.0,774500.0,81768.0
Saturday,Taraval,7,94127.0,3,19289.0,10895.0,7801.0,7511.0,916900.0,131351.0
Saturday,Taraval,7,94132.0,8,28129.0,9045.0,10769.0,9993.0,733100.0,69223.0
Saturday,Taraval,8,94112.0,4,79407.0,23606.0,23081.0,21975.0,602400.0,71625.0
Saturday,Taraval,8,94116.0,3,43698.0,16901.0,16283.0,15445.0,734400.0,83407.0
Saturday,Taraval,8,94122.0,27,56023.0,23699.0,23633.0,22162.0,774500.0,81768.0
Saturday,Taraval,8,94127.0,3,19289.0,10895.0,7801.0,7511.0,916900.0,131351.0
Saturday,Taraval,8,94132.0,5,28129.0,9045.0,10769.0,9993.0,733100.0,69223.0
Saturday,Taraval,9,94112.0,3,79407.0,23606.0,23081.0,21975.0,602400.0,71625.0
Saturday,Taraval,9,94116.0,12,43698.0,16901.0,16283.0,15445.0,734400.0,83407.0
Saturday,Taraval,9,94122.0,16,56023.0,23699.0,23633.0,22162.0,774500.0,81768.0
Saturday,Taraval,9,94127.0,5,19289.0,10895.0,7801.0,7511.0,916900.0,131351.0
Saturday,Taraval,9,94131.0,1,26881.0,12926.0,13427.0,12618.0,859700.0,96889.0
Saturday,Taraval,9,94132.0,8,28129.0,9045.0,10769.0,9993.0,733100.0,69223.0
Saturday,Taraval,9,94158.0,1,4792.0,7288.0,2482.0,2271.0,643900.0,82195.0
Saturday,Taraval,10,94112.0,3,79407.0,23606.0,23081.0,21975.0,602400.0,71625.0
Saturday,Taraval,10,94116.0,27,43698.0,16901.0,16283.0,15445.0,734400.0,83407.0
Saturday,Taraval,10,94122.0,28,56023.0,23699.0,23633.0,22162.0,774500.0,81768.0
Saturday,Taraval,10,94127.0,12,19289.0,10895.0,7801.0,7511.0,916900.0,131351.0
Saturday,Taraval,10,94132.0,19,28129.0,9045.0,10769.0,9993.0,733100.0,69223.0
Saturday,Taraval,11,94112.0,2,79407.0,23606.0,23081.0,21975.0,602400.0,71625.0
Saturday,Taraval,11,94116.0,17,43698.0,16901.0,16283.0,15445.0,734400.0,83407.0
Saturday,Taraval,11,94122.0,23,56023.0,23699.0,23633.0,22162.0,774500.0,81768.0
Saturday,Taraval,11,94127.0,5,19289.0,10895.0,7801.0,7511.0,916900.0,131351.0
Saturday,Taraval,11,94132.0,11,28129.0,9045.0,10769.0,9993.0,733100.0,69223.0
Saturday,Taraval,12,94112.0,3,79407.0,23606.0,23081.0,21975.0,602400.0,71625.0
Saturday,Taraval,12,94116.0,24,43698.0,16901.0,16283.0,15445.0,734400.0,83407.0
Saturday,Taraval,12,94122.0,29,56023.0,23699.0,23633.0,22162.0,774500.0,81768.0
Saturday,Taraval,12,94127.0,8,19289.0,10895.0,7801.0,7511.0,916900.0,131351.0
Saturday,Taraval,12,94132.0,37,28129.0,9045.0,10769.0,9993.0,733100.0,69223.0
Saturday,Taraval,13,94103.0,1,27170.0,20036.0,14778.0,13098.0,628000.0,43364.0
Saturday,Taraval,13,94112.0,4,79407.0,23606.0,23081.0,21975.0,602400.0,71625.0
Saturday,Taraval,13,94116.0,15,43698.0,16901.0,16283.0,15445.0,734400.0,83407.0
Saturday,Taraval,13,94122.0,20,56023.0,23699.0,23633.0,22162.0,774500.0,81768.0
Saturday,Taraval,13,94127.0,5,19289.0,10895.0,7801.0,7511.0,916900.0,131351.0
Saturday,Taraval,13,94132.0,17,28129.0,9045.0,10769.0,9993.0,733100.0,69223.0
Saturday,Taraval,14,94103.0,1,27170.0,20036.0,14778.0,13098.0,628000.0,43364.0
Saturday,Taraval,14,94110.0,2,69333.0,29816.0,28913.0,27128.0,768200.0,82111.0
Saturday,Taraval,14,94112.0,1,79407.0,23606.0,23081.0,21975.0,602400.0,71625.0
Saturday,Taraval,14,94116.0,17,43698.0,16901.0,16283.0,15445.0,734400.0,83407.0
Saturday,Taraval,14,94122.0,27,56023.0,23699.0,23633.0,22162.0,774500.0,81768.0
Saturday,Taraval,14,94127.0,12,19289.0,10895.0,7801.0,7511.0,916900.0,131351.0
Saturday,Taraval,14,94132.0,17,28129.0,9045.0,10769.0,9993.0,733100.0,69223.0
Saturday,Taraval,15,94112.0,4,79407.0,23606.0,23081.0,21975.0,602400.0,71625.0
Saturday,Taraval,15,94116.0,19,43698.0,16901.0,16283.0,15445.0,734400.0,83407.0
Saturday,Taraval,15,94122.0,26,56023.0,23699.0,23633.0,22162.0,774500.0,81768.0
Saturday,Taraval,15,94127.0,11,19289.0,10895.0,7801.0,7511.0,916900.0,131351.0
Saturday,Taraval,15,94132.0,15,28129.0,9045.0,10769.0,9993.0,733100.0,69223.0
Saturday,Taraval,16,94112.0,3,79407.0,23606.0,23081.0,21975.0,602400.0,71625.0
Saturday,Taraval,16,94116.0,33,43698.0,16901.0,16283.0,15445.0,734400.0,83407.0
Saturday,Taraval,16,94122.0,26,56023.0,23699.0,23633.0,22162.0,774500.0,81768.0
Saturday,Taraval,16,94127.0,12,19289.0,10895.0,7801.0,7511.0,916900.0,131351.0
Saturday,Taraval,16,94132.0,19,28129.0,9045.0,10769.0,9993.0,733100.0,69223.0
Saturday,Taraval,17,94112.0,4,79407.0,23606.0,23081.0,21975.0,602400.0,71625.0
Saturday,Taraval,17,94116.0,40,43698.0,16901.0,16283.0,15445.0,734400.0,83407.0
Saturday,Taraval,17,94122.0,27,56023.0,23699.0,23633.0,22162.0,774500.0,81768.0
Saturday,Taraval,17,94127.0,10,19289.0,10895.0,7801.0,7511.0,916900.0,131351.0
Saturday,Taraval,17,94132.0,17,28129.0,9045.0,10769.0,9993.0,733100.0,69223.0
Saturday,Taraval,18,94112.0,1,79407.0,23606.0,23081.0,21975.0,602400.0,71625.0
Saturday,Taraval,18,94116.0,37,43698.0,16901.0,16283.0,15445.0,734400.0,83407.0
Saturday,Taraval,18,94122.0,30,56023.0,23699.0,23633.0,22162.0,774500.0,81768.0
Saturday,Taraval,18,94127.0,5,19289.0,10895.0,7801.0,7511.0,916900.0,131351.0
Saturday,Taraval,18,94132.0,33,28129.0,9045.0,10769.0,9993.0,733100.0,69223.0
Saturday,Taraval,19,94112.0,1,79407.0,23606.0,23081.0,21975.0,602400.0,71625.0
Saturday,Taraval,19,94116.0,20,43698.0,16901.0,16283.0,15445.0,734400.0,83407.0
Saturday,Taraval,19,94122.0,21,56023.0,23699.0,23633.0,22162.0,774500.0,81768.0
Saturday,Taraval,19,94127.0,11,19289.0,10895.0,7801.0,7511.0,916900.0,131351.0
Saturday,Taraval,19,94132.0,19,28129.0,9045.0,10769.0,9993.0,733100.0,69223.0
Saturday,Taraval,20,94108.0,1,13768.0,50983.0,8843.0,7628.0,856900.0,35427.0
Saturday,Taraval,20,94112.0,4,79407.0,23606.0,23081.0,21975.0,602400.0,71625.0
Saturday,Taraval,20,94116.0,19,43698.0,16901.0,16283.0,15445.0,734400.0,83407.0
Saturday,Taraval,20,94122.0,13,56023.0,23699.0,23633.0,22162.0,774500.0,81768.0
Saturday,Taraval,20,94127.0,5,19289.0,10895.0,7801.0,7511.0,916900.0,131351.0
Saturday,Taraval,20,94132.0,16,28129.0,9045.0,10769.0,9993.0,733100.0,69223.0
Saturday,Taraval,21,94116.0,21,43698.0,16901.0,16283.0,15445.0,734400.0,83407.0
Saturday,Taraval,21,94122.0,29,56023.0,23699.0,23633.0,22162.0,774500.0,81768.0
Saturday,Taraval,21,94127.0,14,19289.0,10895.0,7801.0,7511.0,916900.0,131351.0
Saturday,Taraval,21,94131.0,1,26881.0,12926.0,13427.0,12618.0,859700.0,96889.0
Saturday,Taraval,21,94132.0,14,28129.0,9045.0,10769.0,9993.0,733100.0,69223.0
Saturday,Taraval,22,94112.0,5,79407.0,23606.0,23081.0,21975.0,602400.0,71625.0
Saturday,Taraval,22,94116.0,29,43698.0,16901.0,16283.0,15445.0,734400.0,83407.0
Saturday,Taraval,22,94122.0,20,56023.0,23699.0,23633.0,22162.0,774500.0,81768.0
Saturday,Taraval,22,94127.0,13,19289.0,10895.0,7801.0,7511.0,916900.0,131351.0
Saturday,Taraval,22,94132.0,9,28129.0,9045.0,10769.0,9993.0,733100.0,69223.0
Saturday,Taraval,22,94158.0,1,4792.0,7288.0,2482.0,2271.0,643900.0,82195.0
Saturday,Taraval,23,94112.0,4,79407.0,23606.0,23081.0,21975.0,602400.0,71625.0
Saturday,Taraval,23,94116.0,16,43698.0,16901.0,16283.0,15445.0,734400.0,83407.0
Saturday,Taraval,23,94122.0,13,56023.0,23699.0,23633.0,22162.0,774500.0,81768.0
Saturday,Taraval,23,94127.0,14,19289.0,10895.0,7801.0,7511.0,916900.0,131351.0
Saturday,Taraval,23,94131.0,1,26881.0,12926.0,13427.0,12618.0,859700.0,96889.0
Saturday,Taraval,23,94132.0,11,28129.0,9045.0,10769.0,9993.0,733100.0,69223.0
Saturday,Tenderloin,0,94102.0,27,31176.0,46472.0,18758.0,16844.0,574100.0,22517.0
Saturday,Tenderloin,0,94103.0,61,27170.0,20036.0,14778.0,13098.0,628000.0,43364.0
Saturday,Tenderloin,0,94104.0,2,406.0,5232.0,368.0,207.0,1000001.0,48750.0
Saturday,Tenderloin,0,94108.0,12,13768.0,50983.0,8843.0,7628.0,856900.0,35427.0
Saturday,Tenderloin,0,94109.0,12,55984.0,47129.0,37182.0,33342.0,723200.0,60722.0
Saturday,Tenderloin,0,94117.0,1,39169.0,23211.0,19255.0,17939.0,911500.0,94479.0
Saturday,Tenderloin,1,94102.0,12,31176.0,46472.0,18758.0,16844.0,574100.0,22517.0
Saturday,Tenderloin,1,94103.0,39,27170.0,20036.0,14778.0,13098.0,628000.0,43364.0
Saturday,Tenderloin,1,94109.0,2,55984.0,47129.0,37182.0,33342.0,723200.0,60722.0
Saturday,Tenderloin,2,94102.0,5,31176.0,46472.0,18758.0,16844.0,574100.0,22517.0
Saturday,Tenderloin,2,94103.0,20,27170.0,20036.0,14778.0,13098.0,628000.0,43364.0
Saturday,Tenderloin,2,94104.0,5,406.0,5232.0,368.0,207.0,1000001.0,48750.0
Saturday,Tenderloin,2,94108.0,6,13768.0,50983.0,8843.0,7628.0,856900.0,35427.0
Saturday,Tenderloin,2,94109.0,3,55984.0,47129.0,37182.0,33342.0,723200.0,60722.0
Saturday,Tenderloin,3,94102.0,10,31176.0,46472.0,18758.0,16844.0,574100.0,22517.0
Saturday,Tenderloin,3,94103.0,15,27170.0,20036.0,14778.0,13098.0,628000.0,43364.0
Saturday,Tenderloin,3,94104.0,1,406.0,5232.0,368.0,207.0,1000001.0,48750.0
Saturday,Tenderloin,3,94108.0,5,13768.0,50983.0,8843.0,7628.0,856900.0,35427.0
Saturday,Tenderloin,3,94109.0,2,55984.0,47129.0,37182.0,33342.0,723200.0,60722.0
Saturday,Tenderloin,4,94102.0,3,31176.0,46472.0,18758.0,16844.0,574100.0,22517.0
Saturday,Tenderloin,4,94103.0,19,27170.0,20036.0,14778.0,13098.0,628000.0,43364.0
Saturday,Tenderloin,4,94108.0,3,13768.0,50983.0,8843.0,7628.0,856900.0,35427.0
Saturday,Tenderloin,5,94102.0,8,31176.0,46472.0,18758.0,16844.0,574100.0,22517.0
Saturday,Tenderloin,5,94103.0,16,27170.0,20036.0,14778.0,13098.0,628000.0,43364.0
Saturday,Tenderloin,5,94104.0,1,406.0,5232.0,368.0,207.0,1000001.0,48750.0
Saturday,Tenderloin,5,94109.0,3,55984.0,47129.0,37182.0,33342.0,723200.0,60722.0
Saturday,Tenderloin,6,94102.0,6,31176.0,46472.0,18758.0,16844.0,574100.0,22517.0
Saturday,Tenderloin,6,94103.0,15,27170.0,20036.0,14778.0,13098.0,628000.0,43364.0
Saturday,Tenderloin,6,94104.0,1,406.0,5232.0,368.0,207.0,1000001.0,48750.0
Saturday,Tenderloin,6,94108.0,2,13768.0,50983.0,8843.0,7628.0,856900.0,35427.0
Saturday,Tenderloin,7,94102.0,27,31176.0,46472.0,18758.0,16844.0,574100.0,22517.0
Saturday,Tenderloin,7,94103.0,41,27170.0,20036.0,14778.0,13098.0,628000.0,43364.0
Saturday,Tenderloin,7,94104.0,3,406.0,5232.0,368.0,207.0,1000001.0,48750.0
Saturday,Tenderloin,8,94102.0,26,31176.0,46472.0,18758.0,16844.0,574100.0,22517.0
Saturday,Tenderloin,8,94103.0,74,27170.0,20036.0,14778.0,13098.0,628000.0,43364.0
Saturday,Tenderloin,8,94104.0,2,406.0,5232.0,368.0,207.0,1000001.0,48750.0
Saturday,Tenderloin,8,94108.0,7,13768.0,50983.0,8843.0,7628.0,856900.0,35427.0
Saturday,Tenderloin,8,94109.0,6,55984.0,47129.0,37182.0,33342.0,723200.0,60722.0
Saturday,Tenderloin,9,94102.0,25,31176.0,46472.0,18758.0,16844.0,574100.0,22517.0
Saturday,Tenderloin,9,94103.0,54,27170.0,20036.0,14778.0,13098.0,628000.0,43364.0
Saturday,Tenderloin,9,94104.0,4,406.0,5232.0,368.0,207.0,1000001.0,48750.0
Saturday,Tenderloin,9,94108.0,4,13768.0,50983.0,8843.0,7628.0,856900.0,35427.0
Saturday,Tenderloin,9,94109.0,1,55984.0,47129.0,37182.0,33342.0,723200.0,60722.0
Saturday,Tenderloin,9,94124.0,1,33996.0,6901.0,10812.0,9717.0,470400.0,50146.0
Saturday,Tenderloin,10,94102.0,19,31176.0,46472.0,18758.0,16844.0,574100.0,22517.0
Saturday,Tenderloin,10,94103.0,64,27170.0,20036.0,14778.0,13098.0,628000.0,43364.0
Saturday,Tenderloin,10,94104.0,4,406.0,5232.0,368.0,207.0,1000001.0,48750.0
Saturday,Tenderloin,10,94108.0,10,13768.0,50983.0,8843.0,7628.0,856900.0,35427.0
Saturday,Tenderloin,10,94109.0,4,55984.0,47129.0,37182.0,33342.0,723200.0,60722.0
Saturday,Tenderloin,10,94111.0,2,3713.0,10791.0,2811.0,2365.0,882000.0,89722.0
Saturday,Tenderloin,11,94102.0,28,31176.0,46472.0,18758.0,16844.0,574100.0,22517.0
Saturday,Tenderloin,11,94103.0,70,27170.0,20036.0,14778.0,13098.0,628000.0,43364.0
Saturday,Tenderloin,11,94104.0,2,406.0,5232.0,368.0,207.0,1000001.0,48750.0
Saturday,Tenderloin,11,94105.0,1,5846.0,15826.0,4601.0,3586.0,740900.0,163949.0
Saturday,Tenderloin,11,94108.0,7,13768.0,50983.0,8843.0,7628.0,856900.0,35427.0
Saturday,Tenderloin,11,94109.0,1,55984.0,47129.0,37182.0,33342.0,723200.0,60722.0
Saturday,Tenderloin,11,94130.0,1,2880.0,3196.0,786.0,656.0,,37500.0
Saturday,Tenderloin,12,94102.0,38,31176.0,46472.0,18758.0,16844.0,574100.0,22517.0
Saturday,Tenderloin,12,94103.0,99,27170.0,20036.0,14778.0,13098.0,628000.0,43364.0
Saturday,Tenderloin,12,94104.0,4,406.0,5232.0,368.0,207.0,1000001.0,48750.0
Saturday,Tenderloin,12,94108.0,17,13768.0,50983.0,8843.0,7628.0,856900.0,35427.0
Saturday,Tenderloin,12,94109.0,1,55984.0,47129.0,37182.0,33342.0,723200.0,60722.0
Saturday,Tenderloin,13,94102.0,22,31176.0,46472.0,18758.0,16844.0,574100.0,22517.0
Saturday,Tenderloin,13,94103.0,73,27170.0,20036.0,14778.0,13098.0,628000.0,43364.0
Saturday,Tenderloin,13,94104.0,6,406.0,5232.0,368.0,207.0,1000001.0,48750.0
Saturday,Tenderloin,13,94108.0,15,13768.0,50983.0,8843.0,7628.0,856900.0,35427.0
Saturday,Tenderloin,13,94109.0,3,55984.0,47129.0,37182.0,33342.0,723200.0,60722.0
Saturday,Tenderloin,14,94102.0,34,31176.0,46472.0,18758.0,16844.0,574100.0,22517.0
Saturday,Tenderloin,14,94103.0,87,27170.0,20036.0,14778.0,13098.0,628000.0,43364.0
Saturday,Tenderloin,14,94104.0,3,406.0,5232.0,368.0,207.0,1000001.0,48750.0
Saturday,Tenderloin,14,94105.0,1,5846.0,15826.0,4601.0,3586.0,740900.0,163949.0
Saturday,Tenderloin,14,94108.0,6,13768.0,50983.0,8843.0,7628.0,856900.0,35427.0
Saturday,Tenderloin,14,94109.0,2,55984.0,47129.0,37182.0,33342.0,723200.0,60722.0
Saturday,Tenderloin,15,94102.0,27,31176.0,46472.0,18758.0,16844.0,574100.0,22517.0
Saturday,Tenderloin,15,94103.0,59,27170.0,20036.0,14778.0,13098.0,628000.0,43364.0
Saturday,Tenderloin,15,94104.0,6,406.0,5232.0,368.0,207.0,1000001.0,48750.0
Saturday,Tenderloin,15,94108.0,11,13768.0,50983.0,8843.0,7628.0,856900.0,35427.0
Saturday,Tenderloin,15,94109.0,2,55984.0,47129.0,37182.0,33342.0,723200.0,60722.0
Saturday,Tenderloin,16,94102.0,35,31176.0,46472.0,18758.0,16844.0,574100.0,22517.0
Saturday,Tenderloin,16,94103.0,75,27170.0,20036.0,14778.0,13098.0,628000.0,43364.0
Saturday,Tenderloin,16,94104.0,7,406.0,5232.0,368.0,207.0,1000001.0,48750.0
Saturday,Tenderloin,16,94108.0,7,13768.0,50983.0,8843.0,7628.0,856900.0,35427.0
Saturday,Tenderloin,16,94109.0,10,55984.0,47129.0,37182.0,33342.0,723200.0,60722.0
Saturday,Tenderloin,17,94102.0,32,31176.0,46472.0,18758.0,16844.0,574100.0,22517.0
Saturday,Tenderloin,17,94103.0,101,27170.0,20036.0,14778.0,13098.0,628000.0,43364.0
Saturday,Tenderloin,17,94104.0,5,406.0,5232.0,368.0,207.0,1000001.0,48750.0
Saturday,Tenderloin,17,94108.0,10,13768.0,50983.0,8843.0,7628.0,856900.0,35427.0
Saturday,Tenderloin,17,94109.0,3,55984.0,47129.0,37182.0,33342.0,723200.0,60722.0
Saturday,Tenderloin,18,94102.0,43,31176.0,46472.0,18758.0,16844.0,574100.0,22517.0
Saturday,Tenderloin,18,94103.0,75,27170.0,20036.0,14778.0,13098.0,628000.0,43364.0
Saturday,Tenderloin,18,94104.0,3,406.0,5232.0,368.0,207.0,1000001.0,48750.0
Saturday,Tenderloin,18,94108.0,7,13768.0,50983.0,8843.0,7628.0,856900.0,35427.0
Saturday,Tenderloin,18,94109.0,4,55984.0,47129.0,37182.0,33342.0,723200.0,60722.0
Saturday,Tenderloin,18,94132.0,1,28129.0,9045.0,10769.0,9993.0,733100.0,69223.0
Saturday,Tenderloin,19,94102.0,17,31176.0,46472.0,18758.0,16844.0,574100.0,22517.0
Saturday,Tenderloin,19,94103.0,68,27170.0,20036.0,14778.0,13098.0,628000.0,43364.0
Saturday,Tenderloin,19,94104.0,3,406.0,5232.0,368.0,207.0,1000001.0,48750.0
Saturday,Tenderloin,19,94108.0,6,13768.0,50983.0,8843.0,7628.0,856900.0,35427.0
Saturday,Tenderloin,19,94109.0,1,55984.0,47129.0,37182.0,33342.0,723200.0,60722.0
Saturday,Tenderloin,19,94123.0,1,23088.0,22622.0,15083.0,13717.0,1000001.0,112650.0
Saturday,Tenderloin,20,94102.0,32,31176.0,46472.0,18758.0,16844.0,574100.0,22517.0
Saturday,Tenderloin,20,94103.0,57,27170.0,20036.0,14778.0,13098.0,628000.0,43364.0
Saturday,Tenderloin,20,94104.0,2,406.0,5232.0,368.0,207.0,1000001.0,48750.0
Saturday,Tenderloin,20,94108.0,5,13768.0,50983.0,8843.0,7628.0,856900.0,35427.0
Saturday,Tenderloin,21,94102.0,13,31176.0,46472.0,18758.0,16844.0,574100.0,22517.0
Saturday,Tenderloin,21,94103.0,44,27170.0,20036.0,14778.0,13098.0,628000.0,43364.0
Saturday,Tenderloin,21,94104.0,2,406.0,5232.0,368.0,207.0,1000001.0,48750.0
Saturday,Tenderloin,21,94108.0,15,13768.0,50983.0,8843.0,7628.0,856900.0,35427.0
Saturday,Tenderloin,21,94109.0,3,55984.0,47129.0,37182.0,33342.0,723200.0,60722.0
Saturday,Tenderloin,21,94118.0,1,38319.0,19663.0,18633.0,17171.0,1000001.0,82857.0
Saturday,Tenderloin,22,94102.0,13,31176.0,46472.0,18758.0,16844.0,574100.0,22517.0
Saturday,Tenderloin,22,94103.0,44,27170.0,20036.0,14778.0,13098.0,628000.0,43364.0
Saturday,Tenderloin,22,94104.0,1,406.0,5232.0,368.0,207.0,1000001.0,48750.0
Saturday,Tenderloin,22,94108.0,11,13768.0,50983.0,8843.0,7628.0,856900.0,35427.0
Saturday,Tenderloin,22,94109.0,6,55984.0,47129.0,37182.0,33342.0,723200.0,60722.0
Saturday,Tenderloin,23,94102.0,16,31176.0,46472.0,18758.0,16844.0,574100.0,22517.0
Saturday,Tenderloin,23,94103.0,34,27170.0,20036.0,14778.0,13098.0,628000.0,43364.0
Saturday,Tenderloin,23,94104.0,5,406.0,5232.0,368.0,207.0,1000001.0,48750.0
Saturday,Tenderloin,23,94108.0,9,13768.0,50983.0,8843.0,7628.0,856900.0,35427.0
Saturday,Tenderloin,23,94109.0,8,55984.0,47129.0,37182.0,33342.0,723200.0,60722.0
Sunday,Bayview,0,94107.0,9,26599.0,14845.0,15141.0,13736.0,719700.0,114439.0
Sunday,Bayview,0,94110.0,15,69333.0,29816.0,28913.0,27128.0,768200.0,82111.0
Sunday,Bayview,0,94124.0,50,33996.0,6901.0,10812.0,9717.0,470400.0,50146.0
Sunday,Bayview,0,94134.0,21,40798.0,17001.0,11867.0,11244.0,547800.0,56716.0
Sunday,Bayview,0,94158.0,15,4792.0,7288.0,2482.0,2271.0,643900.0,82195.0
Sunday,Bayview,1,94107.0,2,26599.0,14845.0,15141.0,13736.0,719700.0,114439.0
Sunday,Bayview,1,94110.0,6,69333.0,29816.0,28913.0,27128.0,768200.0,82111.0
Sunday,Bayview,1,94124.0,24,33996.0,6901.0,10812.0,9717.0,470400.0,50146.0
Sunday,Bayview,1,94134.0,11,40798.0,17001.0,11867.0,11244.0,547800.0,56716.0
Sunday,Bayview,1,94158.0,5,4792.0,7288.0,2482.0,2271.0,643900.0,82195.0
Sunday,Bayview,2,94107.0,2,26599.0,14845.0,15141.0,13736.0,719700.0,114439.0
Sunday,Bayview,2,94110.0,3,69333.0,29816.0,28913.0,27128.0,768200.0,82111.0
Sunday,Bayview,2,94124.0,22,33996.0,6901.0,10812.0,9717.0,470400.0,50146.0
Sunday,Bayview,2,94134.0,8,40798.0,17001.0,11867.0,11244.0,547800.0,56716.0
Sunday,Bayview,2,94158.0,2,4792.0,7288.0,2482.0,2271.0,643900.0,82195.0
Sunday,Bayview,3,94107.0,3,26599.0,14845.0,15141.0,13736.0,719700.0,114439.0
Sunday,Bayview,3,94110.0,3,69333.0,29816.0,28913.0,27128.0,768200.0,82111.0
Sunday,Bayview,3,94124.0,11,33996.0,6901.0,10812.0,9717.0,470400.0,50146.0
Sunday,Bayview,3,94134.0,13,40798.0,17001.0,11867.0,11244.0,547800.0,56716.0
Sunday,Bayview,3,94158.0,7,4792.0,7288.0,2482.0,2271.0,643900.0,82195.0
Sunday,Bayview,4,94107.0,1,26599.0,14845.0,15141.0,13736.0,719700.0,114439.0
Sunday,Bayview,4,94110.0,3,69333.0,29816.0,28913.0,27128.0,768200.0,82111.0
Sunday,Bayview,4,94124.0,15,33996.0,6901.0,10812.0,9717.0,470400.0,50146.0
Sunday,Bayview,4,94134.0,2,40798.0,17001.0,11867.0,11244.0,547800.0,56716.0
Sunday,Bayview,4,94158.0,5,4792.0,7288.0,2482.0,2271.0,643900.0,82195.0
Sunday,Bayview,5,94107.0,1,26599.0,14845.0,15141.0,13736.0,719700.0,114439.0
Sunday,Bayview,5,94110.0,7,69333.0,29816.0,28913.0,27128.0,768200.0,82111.0
Sunday,Bayview,5,94124.0,8,33996.0,6901.0,10812.0,9717.0,470400.0,50146.0
Sunday,Bayview,5,94134.0,4,40798.0,17001.0,11867.0,11244.0,547800.0,56716.0
Sunday,Bayview,6,94110.0,5,69333.0,29816.0,28913.0,27128.0,768200.0,82111.0
Sunday,Bayview,6,94124.0,15,33996.0,6901.0,10812.0,9717.0,470400.0,50146.0
Sunday,Bayview,6,94134.0,7,40798.0,17001.0,11867.0,11244.0,547800.0,56716.0
Sunday,Bayview,6,94158.0,1,4792.0,7288.0,2482.0,2271.0,643900.0,82195.0
Sunday,Bayview,7,94110.0,7,69333.0,29816.0,28913.0,27128.0,768200.0,82111.0
Sunday,Bayview,7,94124.0,12,33996.0,6901.0,10812.0,9717.0,470400.0,50146.0
Sunday,Bayview,7,94134.0,6,40798.0,17001.0,11867.0,11244.0,547800.0,56716.0
Sunday,Bayview,7,94158.0,1,4792.0,7288.0,2482.0,2271.0,643900.0,82195.0
Sunday,Bayview,8,94107.0,5,26599.0,14845.0,15141.0,13736.0,719700.0,114439.0
Sunday,Bayview,8,94110.0,2,69333.0,29816.0,28913.0,27128.0,768200.0,82111.0
Sunday,Bayview,8,94124.0,25,33996.0,6901.0,10812.0,9717.0,470400.0,50146.0
Sunday,Bayview,8,94134.0,9,40798.0,17001.0,11867.0,11244.0,547800.0,56716.0
Sunday,Bayview,8,94158.0,10,4792.0,7288.0,2482.0,2271.0,643900.0,82195.0
Sunday,Bayview,9,94107.0,3,26599.0,14845.0,15141.0,13736.0,719700.0,114439.0
Sunday,Bayview,9,94110.0,10,69333.0,29816.0,28913.0,27128.0,768200.0,82111.0
Sunday,Bayview,9,94124.0,23,33996.0,6901.0,10812.0,9717.0,470400.0,50146.0
Sunday,Bayview,9,94130.0,1,2880.0,3196.0,786.0,656.0,,37500.0
Sunday,Bayview,9,94134.0,11,40798.0,17001.0,11867.0,11244.0,547800.0,56716.0
Sunday,Bayview,9,94158.0,9,4792.0,7288.0,2482.0,2271.0,643900.0,82195.0
Sunday,Bayview,10,94107.0,7,26599.0,14845.0,15141.0,13736.0,719700.0,114439.0
Sunday,Bayview,10,94110.0,2,69333.0,29816.0,28913.0,27128.0,768200.0,82111.0
Sunday,Bayview,10,94124.0,18,33996.0,6901.0,10812.0,9717.0,470400.0,50146.0
Sunday,Bayview,10,94134.0,11,40798.0,17001.0,11867.0,11244.0,547800.0,56716.0
Sunday,Bayview,10,94158.0,3,4792.0,7288.0,2482.0,2271.0,643900.0,82195.0
Sunday,Bayview,11,94107.0,6,26599.0,14845.0,15141.0,13736.0,719700.0,114439.0
Sunday,Bayview,11,94110.0,13,69333.0,29816.0,28913.0,27128.0,768200.0,82111.0
Sunday,Bayview,11,94124.0,39,33996.0,6901.0,10812.0,9717.0,470400.0,50146.0
Sunday,Bayview,11,94134.0,19,40798.0,17001.0,11867.0,11244.0,547800.0,56716.0
Sunday,Bayview,11,94158.0,13,4792.0,7288.0,2482.0,2271.0,643900.0,82195.0
Sunday,Bayview,12,94107.0,4,26599.0,14845.0,15141.0,13736.0,719700.0,114439.0
Sunday,Bayview,12,94110.0,14,69333.0,29816.0,28913.0,27128.0,768200.0,82111.0
Sunday,Bayview,12,94124.0,34,33996.0,6901.0,10812.0,9717.0,470400.0,50146.0
Sunday,Bayview,12,94134.0,7,40798.0,17001.0,11867.0,11244.0,547800.0,56716.0
Sunday,Bayview,12,94158.0,10,4792.0,7288.0,2482.0,2271.0,643900.0,82195.0
Sunday,Bayview,13,94107.0,1,26599.0,14845.0,15141.0,13736.0,719700.0,114439.0
Sunday,Bayview,13,94110.0,6,69333.0,29816.0,28913.0,27128.0,768200.0,82111.0
Sunday,Bayview,13,94124.0,22,33996.0,6901.0,10812.0,9717.0,470400.0,50146.0
Sunday,Bayview,13,94134.0,18,40798.0,17001.0,11867.0,11244.0,547800.0,56716.0
Sunday,Bayview,13,94158.0,6,4792.0,7288.0,2482.0,2271.0,643900.0,82195.0
Sunday,Bayview,14,94107.0,1,26599.0,14845.0,15141.0,13736.0,719700.0,114439.0
Sunday,Bayview,14,94110.0,11,69333.0,29816.0,28913.0,27128.0,768200.0,82111.0
Sunday,Bayview,14,94124.0,21,33996.0,6901.0,10812.0,9717.0,470400.0,50146.0
Sunday,Bayview,14,94134.0,23,40798.0,17001.0,11867.0,11244.0,547800.0,56716.0
Sunday,Bayview,14,94158.0,1,4792.0,7288.0,2482.0,2271.0,643900.0,82195.0
Sunday,Bayview,15,94107.0,7,26599.0,14845.0,15141.0,13736.0,719700.0,114439.0
Sunday,Bayview,15,94110.0,2,69333.0,29816.0,28913.0,27128.0,768200.0,82111.0
Sunday,Bayview,15,94124.0,27,33996.0,6901.0,10812.0,9717.0,470400.0,50146.0
Sunday,Bayview,15,94134.0,20,40798.0,17001.0,11867.0,11244.0,547800.0,56716.0
Sunday,Bayview,15,94158.0,3,4792.0,7288.0,2482.0,2271.0,643900.0,82195.0
Sunday,Bayview,16,94107.0,3,26599.0,14845.0,15141.0,13736.0,719700.0,114439.0
Sunday,Bayview,16,94110.0,7,69333.0,29816.0,28913.0,27128.0,768200.0,82111.0
Sunday,Bayview,16,94124.0,30,33996.0,6901.0,10812.0,9717.0,470400.0,50146.0
Sunday,Bayview,16,94134.0,15,40798.0,17001.0,11867.0,11244.0,547800.0,56716.0
Sunday,Bayview,16,94158.0,4,4792.0,7288.0,2482.0,2271.0,643900.0,82195.0
Sunday,Bayview,17,94107.0,3,26599.0,14845.0,15141.0,13736.0,719700.0,114439.0
Sunday,Bayview,17,94110.0,3,69333.0,29816.0,28913.0,27128.0,768200.0,82111.0
Sunday,Bayview,17,94124.0,34,33996.0,6901.0,10812.0,9717.0,470400.0,50146.0
Sunday,Bayview,17,94134.0,20,40798.0,17001.0,11867.0,11244.0,547800.0,56716.0
Sunday,Bayview,17,94158.0,6,4792.0,7288.0,2482.0,2271.0,643900.0,82195.0
Sunday,Bayview,18,94107.0,7,26599.0,14845.0,15141.0,13736.0,719700.0,114439.0
Sunday,Bayview,18,94110.0,6,69333.0,29816.0,28913.0,27128.0,768200.0,82111.0
Sunday,Bayview,18,94112.0,1,79407.0,23606.0,23081.0,21975.0,602400.0,71625.0
Sunday,Bayview,18,94124.0,48,33996.0,6901.0,10812.0,9717.0,470400.0,50146.0
Sunday,Bayview,18,94132.0,1,28129.0,9045.0,10769.0,9993.0,733100.0,69223.0
Sunday,Bayview,18,94134.0,27,40798.0,17001.0,11867.0,11244.0,547800.0,56716.0
Sunday,Bayview,18,94158.0,9,4792.0,7288.0,2482.0,2271.0,643900.0,82195.0
Sunday,Bayview,19,94107.0,5,26599.0,14845.0,15141.0,13736.0,719700.0,114439.0
Sunday,Bayview,19,94110.0,9,69333.0,29816.0,28913.0,27128.0,768200.0,82111.0
Sunday,Bayview,19,94124.0,43,33996.0,6901.0,10812.0,9717.0,470400.0,50146.0
Sunday,Bayview,19,94134.0,18,40798.0,17001.0,11867.0,11244.0,547800.0,56716.0
Sunday,Bayview,19,94158.0,8,4792.0,7288.0,2482.0,2271.0,643900.0,82195.0
Sunday,Bayview,20,94107.0,6,26599.0,14845.0,15141.0,13736.0,719700.0,114439.0
Sunday,Bayview,20,94110.0,5,69333.0,29816.0,28913.0,27128.0,768200.0,82111.0
Sunday,Bayview,20,94124.0,51,33996.0,6901.0,10812.0,9717.0,470400.0,50146.0
Sunday,Bayview,20,94134.0,20,40798.0,17001.0,11867.0,11244.0,547800.0,56716.0
Sunday,Bayview,20,94158.0,5,4792.0,7288.0,2482.0,2271.0,643900.0,82195.0
Sunday,Bayview,21,94107.0,5,26599.0,14845.0,15141.0,13736.0,719700.0,114439.0
Sunday,Bayview,21,94110.0,8,69333.0,29816.0,28913.0,27128.0,768200.0,82111.0
Sunday,Bayview,21,94112.0,1,79407.0,23606.0,23081.0,21975.0,602400.0,71625.0
Sunday,Bayview,21,94124.0,27,33996.0,6901.0,10812.0,9717.0,470400.0,50146.0
Sunday,Bayview,21,94127.0,1,19289.0,10895.0,7801.0,7511.0,916900.0,131351.0
Sunday,Bayview,21,94134.0,17,40798.0,17001.0,11867.0,11244.0,547800.0,56716.0
Sunday,Bayview,21,94158.0,6,4792.0,7288.0,2482.0,2271.0,643900.0,82195.0
Sunday,Bayview,22,94110.0,13,69333.0,29816.0,28913.0,27128.0,768200.0,82111.0
Sunday,Bayview,22,94124.0,40,33996.0,6901.0,10812.0,9717.0,470400.0,50146.0
Sunday,Bayview,22,94134.0,20,40798.0,17001.0,11867.0,11244.0,547800.0,56716.0
Sunday,Bayview,22,94158.0,10,4792.0,7288.0,2482.0,2271.0,643900.0,82195.0
Sunday,Bayview,23,94107.0,2,26599.0,14845.0,15141.0,13736.0,719700.0,114439.0
Sunday,Bayview,23,94110.0,7,69333.0,29816.0,28913.0,27128.0,768200.0,82111.0
Sunday,Bayview,23,94124.0,35,33996.0,6901.0,10812.0,9717.0,470400.0,50146.0
Sunday,Bayview,23,94134.0,6,40798.0,17001.0,11867.0,11244.0,547800.0,56716.0
Sunday,Bayview,23,94158.0,4,4792.0,7288.0,2482.0,2271.0,643900.0,82195.0
Sunday,Central,0,94104.0,37,406.0,5232.0,368.0,207.0,1000001.0,48750.0
Sunday,Central,0,94105.0,6,5846.0,15826.0,4601.0,3586.0,740900.0,163949.0
Sunday,Central,0,94108.0,65,13768.0,50983.0,8843.0,7628.0,856900.0,35427.0
Sunday,Central,0,94109.0,18,55984.0,47129.0,37182.0,33342.0,723200.0,60722.0
Sunday,Central,0,94111.0,31,3713.0,10791.0,2811.0,2365.0,882000.0,89722.0
Sunday,Central,0,94123.0,3,23088.0,22622.0,15083.0,13717.0,1000001.0,112650.0
Sunday,Central,0,94129.0,1,3183.0,1381.0,1132.0,1086.0,,143320.0
Sunday,Central,1,94104.0,20,406.0,5232.0,368.0,207.0,1000001.0,48750.0
Sunday,Central,1,94105.0,4,5846.0,15826.0,4601.0,3586.0,740900.0,163949.0
Sunday,Central,1,94108.0,48,13768.0,50983.0,8843.0,7628.0,856900.0,35427.0
Sunday,Central,1,94109.0,15,55984.0,47129.0,37182.0,33342.0,723200.0,60722.0
Sunday,Central,1,94111.0,11,3713.0,10791.0,2811.0,2365.0,882000.0,89722.0
Sunday,Central,2,94103.0,1,27170.0,20036.0,14778.0,13098.0,628000.0,43364.0
Sunday,Central,2,94104.0,28,406.0,5232.0,368.0,207.0,1000001.0,48750.0
Sunday,Central,2,94105.0,1,5846.0,15826.0,4601.0,3586.0,740900.0,163949.0
Sunday,Central,2,94108.0,48,13768.0,50983.0,8843.0,7628.0,856900.0,35427.0
Sunday,Central,2,94109.0,12,55984.0,47129.0,37182.0,33342.0,723200.0,60722.0
Sunday,Central,2,94111.0,14,3713.0,10791.0,2811.0,2365.0,882000.0,89722.0
Sunday,Central,3,94104.0,9,406.0,5232.0,368.0,207.0,1000001.0,48750.0
Sunday,Central,3,94105.0,3,5846.0,15826.0,4601.0,3586.0,740900.0,163949.0
Sunday,Central,3,94108.0,15,13768.0,50983.0,8843.0,7628.0,856900.0,35427.0
Sunday,Central,3,94109.0,14,55984.0,47129.0,37182.0,33342.0,723200.0,60722.0
Sunday,Central,3,94111.0,7,3713.0,10791.0,2811.0,2365.0,882000.0,89722.0
Sunday,Central,4,94103.0,5,27170.0,20036.0,14778.0,13098.0,628000.0,43364.0
Sunday,Central,4,94104.0,10,406.0,5232.0,368.0,207.0,1000001.0,48750.0
Sunday,Central,4,94105.0,2,5846.0,15826.0,4601.0,3586.0,740900.0,163949.0
Sunday,Central,4,94108.0,21,13768.0,50983.0,8843.0,7628.0,856900.0,35427.0
Sunday,Central,4,94109.0,15,55984.0,47129.0,37182.0,33342.0,723200.0,60722.0
Sunday,Central,4,94111.0,4,3713.0,10791.0,2811.0,2365.0,882000.0,89722.0
Sunday,Central,5,94104.0,5,406.0,5232.0,368.0,207.0,1000001.0,48750.0
Sunday,Central,5,94105.0,1,5846.0,15826.0,4601.0,3586.0,740900.0,163949.0
Sunday,Central,5,94108.0,12,13768.0,50983.0,8843.0,7628.0,856900.0,35427.0
Sunday,Central,5,94109.0,7,55984.0,47129.0,37182.0,33342.0,723200.0,60722.0
Sunday,Central,5,94111.0,7,3713.0,10791.0,2811.0,2365.0,882000.0,89722.0
Sunday,Central,5,94129.0,1,3183.0,1381.0,1132.0,1086.0,,143320.0
Sunday,Central,6,94104.0,12,406.0,5232.0,368.0,207.0,1000001.0,48750.0
Sunday,Central,6,94105.0,2,5846.0,15826.0,4601.0,3586.0,740900.0,163949.0
Sunday,Central,6,94108.0,20,13768.0,50983.0,8843.0,7628.0,856900.0,35427.0
Sunday,Central,6,94109.0,9,55984.0,47129.0,37182.0,33342.0,723200.0,60722.0
Sunday,Central,6,94111.0,6,3713.0,10791.0,2811.0,2365.0,882000.0,89722.0
Sunday,Central,6,94123.0,1,23088.0,22622.0,15083.0,13717.0,1000001.0,112650.0
Sunday,Central,7,94104.0,14,406.0,5232.0,368.0,207.0,1000001.0,48750.0
Sunday,Central,7,94105.0,2,5846.0,15826.0,4601.0,3586.0,740900.0,163949.0
Sunday,Central,7,94108.0,13,13768.0,50983.0,8843.0,7628.0,856900.0,35427.0
Sunday,Central,7,94109.0,8,55984.0,47129.0,37182.0,33342.0,723200.0,60722.0
Sunday,Central,7,94111.0,16,3713.0,10791.0,2811.0,2365.0,882000.0,89722.0
Sunday,Central,8,94104.0,24,406.0,5232.0,368.0,207.0,1000001.0,48750.0
Sunday,Central,8,94105.0,4,5846.0,15826.0,4601.0,3586.0,740900.0,163949.0
Sunday,Central,8,94108.0,15,13768.0,50983.0,8843.0,7628.0,856900.0,35427.0
Sunday,Central,8,94109.0,15,55984.0,47129.0,37182.0,33342.0,723200.0,60722.0
Sunday,Central,8,94111.0,24,3713.0,10791.0,2811.0,2365.0,882000.0,89722.0
Sunday,Central,9,94102.0,2,31176.0,46472.0,18758.0,16844.0,574100.0,22517.0
Sunday,Central,9,94103.0,1,27170.0,20036.0,14778.0,13098.0,628000.0,43364.0
Sunday,Central,9,94104.0,8,406.0,5232.0,368.0,207.0,1000001.0,48750.0
Sunday,Central,9,94105.0,1,5846.0,15826.0,4601.0,3586.0,740900.0,163949.0
Sunday,Central,9,94108.0,27,13768.0,50983.0,8843.0,7628.0,856900.0,35427.0
Sunday,Central,9,94109.0,14,55984.0,47129.0,37182.0,33342.0,723200.0,60722.0
Sunday,Central,9,94111.0,46,3713.0,10791.0,2811.0,2365.0,882000.0,89722.0
Sunday,Central,9,94124.0,2,33996.0,6901.0,10812.0,9717.0,470400.0,50146.0
Sunday,Central,9,94129.0,1,3183.0,1381.0,1132.0,1086.0,,143320.0
Sunday,Central,10,94103.0,1,27170.0,20036.0,14778.0,13098.0,628000.0,43364.0
Sunday,Central,10,94104.0,22,406.0,5232.0,368.0,207.0,1000001.0,48750.0
Sunday,Central,10,94105.0,5,5846.0,15826.0,4601.0,3586.0,740900.0,163949.0
Sunday,Central,10,94108.0,34,13768.0,50983.0,8843.0,7628.0,856900.0,35427.0
Sunday,Central,10,94109.0,20,55984.0,47129.0,37182.0,33342.0,723200.0,60722.0
Sunday,Central,10,94111.0,50,3713.0,10791.0,2811.0,2365.0,882000.0,89722.0
Sunday,Central,10,94123.0,1,23088.0,22622.0,15083.0,13717.0,1000001.0,112650.0
Sunday,Central,10,94129.0,1,3183.0,1381.0,1132.0,1086.0,,143320.0
Sunday,Central,11,94103.0,1,27170.0,20036.0,14778.0,13098.0,628000.0,43364.0
Sunday,Central,11,94104.0,20,406.0,5232.0,368.0,207.0,1000001.0,48750.0
Sunday,Central,11,94105.0,7,5846.0,15826.0,4601.0,3586.0,740900.0,163949.0
Sunday,Central,11,94108.0,55,13768.0,50983.0,8843.0,7628.0,856900.0,35427.0
Sunday,Central,11,94109.0,18,55984.0,47129.0,37182.0,33342.0,723200.0,60722.0
Sunday,Central,11,94111.0,76,3713.0,10791.0,2811.0,2365.0,882000.0,89722.0
Sunday,Central,11,94123.0,2,23088.0,22622.0,15083.0,13717.0,1000001.0,112650.0
Sunday,Central,12,94103.0,2,27170.0,20036.0,14778.0,13098.0,628000.0,43364.0
Sunday,Central,12,94104.0,33,406.0,5232.0,368.0,207.0,1000001.0,48750.0
Sunday,Central,12,94105.0,3,5846.0,15826.0,4601.0,3586.0,740900.0,163949.0
Sunday,Central,12,94108.0,76,13768.0,50983.0,8843.0,7628.0,856900.0,35427.0
Sunday,Central,12,94109.0,21,55984.0,47129.0,37182.0,33342.0,723200.0,60722.0
Sunday,Central,12,94111.0,87,3713.0,10791.0,2811.0,2365.0,882000.0,89722.0
Sunday,Central,12,94123.0,1,23088.0,22622.0,15083.0,13717.0,1000001.0,112650.0
Sunday,Central,13,94103.0,1,27170.0,20036.0,14778.0,13098.0,628000.0,43364.0
Sunday,Central,13,94104.0,48,406.0,5232.0,368.0,207.0,1000001.0,48750.0
Sunday,Central,13,94105.0,6,5846.0,15826.0,4601.0,3586.0,740900.0,163949.0
Sunday,Central,13,94108.0,60,13768.0,50983.0,8843.0,7628.0,856900.0,35427.0
Sunday,Central,13,94109.0,15,55984.0,47129.0,37182.0,33342.0,723200.0,60722.0
Sunday,Central,13,94111.0,68,3713.0,10791.0,2811.0,2365.0,882000.0,89722.0
Sunday,Central,13,94123.0,1,23088.0,22622.0,15083.0,13717.0,1000001.0,112650.0
Sunday,Central,13,94129.0,1,3183.0,1381.0,1132.0,1086.0,,143320.0
Sunday,Central,14,94104.0,40,406.0,5232.0,368.0,207.0,1000001.0,48750.0
Sunday,Central,14,94105.0,3,5846.0,15826.0,4601.0,3586.0,740900.0,163949.0
Sunday,Central,14,94108.0,71,13768.0,50983.0,8843.0,7628.0,856900.0,35427.0
Sunday,Central,14,94109.0,22,55984.0,47129.0,37182.0,33342.0,723200.0,60722.0
Sunday,Central,14,94111.0,76,3713.0,10791.0,2811.0,2365.0,882000.0,89722.0
Sunday,Central,14,94123.0,1,23088.0,22622.0,15083.0,13717.0,1000001.0,112650.0
Sunday,Central,14,94124.0,1,33996.0,6901.0,10812.0,9717.0,470400.0,50146.0
Sunday,Central,14,94129.0,2,3183.0,1381.0,1132.0,1086.0,,143320.0
Sunday,Central,15,94103.0,2,27170.0,20036.0,14778.0,13098.0,628000.0,43364.0
Sunday,Central,15,94104.0,35,406.0,5232.0,368.0,207.0,1000001.0,48750.0
Sunday,Central,15,94105.0,1,5846.0,15826.0,4601.0,3586.0,740900.0,163949.0
Sunday,Central,15,94108.0,53,13768.0,50983.0,8843.0,7628.0,856900.0,35427.0
Sunday,Central,15,94109.0,12,55984.0,47129.0,37182.0,33342.0,723200.0,60722.0
Sunday,Central,15,94111.0,54,3713.0,10791.0,2811.0,2365.0,882000.0,89722.0
Sunday,Central,15,94117.0,1,39169.0,23211.0,19255.0,17939.0,911500.0,94479.0
Sunday,Central,16,94104.0,48,406.0,5232.0,368.0,207.0,1000001.0,48750.0
Sunday,Central,16,94105.0,4,5846.0,15826.0,4601.0,3586.0,740900.0,163949.0
Sunday,Central,16,94108.0,53,13768.0,50983.0,8843.0,7628.0,856900.0,35427.0
Sunday,Central,16,94109.0,15,55984.0,47129.0,37182.0,33342.0,723200.0,60722.0
Sunday,Central,16,94111.0,100,3713.0,10791.0,2811.0,2365.0,882000.0,89722.0
Sunday,Central,16,94123.0,2,23088.0,22622.0,15083.0,13717.0,1000001.0,112650.0
Sunday,Central,16,94158.0,1,4792.0,7288.0,2482.0,2271.0,643900.0,82195.0
Sunday,Central,17,94104.0,33,406.0,5232.0,368.0,207.0,1000001.0,48750.0
Sunday,Central,17,94105.0,6,5846.0,15826.0,4601.0,3586.0,740900.0,163949.0
Sunday,Central,17,94108.0,53,13768.0,50983.0,8843.0,7628.0,856900.0,35427.0
Sunday,Central,17,94109.0,10,55984.0,47129.0,37182.0,33342.0,723200.0,60722.0
Sunday,Central,17,94110.0,1,69333.0,29816.0,28913.0,27128.0,768200.0,82111.0
Sunday,Central,17,94111.0,78,3713.0,10791.0,2811.0,2365.0,882000.0,89722.0
Sunday,Central,17,94122.0,1,56023.0,23699.0,23633.0,22162.0,774500.0,81768.0
Sunday,Central,17,94123.0,1,23088.0,22622.0,15083.0,13717.0,1000001.0,112650.0
Sunday,Central,17,94124.0,1,33996.0,6901.0,10812.0,9717.0,470400.0,50146.0
Sunday,Central,17,94129.0,2,3183.0,1381.0,1132.0,1086.0,,143320.0
Sunday,Central,18,94102.0,1,31176.0,46472.0,18758.0,16844.0,574100.0,22517.0
Sunday,Central,18,94104.0,32,406.0,5232.0,368.0,207.0,1000001.0,48750.0
Sunday,Central,18,94105.0,8,5846.0,15826.0,4601.0,3586.0,740900.0,163949.0
Sunday,Central,18,94108.0,52,13768.0,50983.0,8843.0,7628.0,856900.0,35427.0
Sunday,Central,18,94109.0,25,55984.0,47129.0,37182.0,33342.0,723200.0,60722.0
Sunday,Central,18,94111.0,77,3713.0,10791.0,2811.0,2365.0,882000.0,89722.0
Sunday,Central,18,94123.0,1,23088.0,22622.0,15083.0,13717.0,1000001.0,112650.0
Sunday,Central,19,94104.0,35,406.0,5232.0,368.0,207.0,1000001.0,48750.0
Sunday,Central,19,94108.0,63,13768.0,50983.0,8843.0,7628.0,856900.0,35427.0
Sunday,Central,19,94109.0,10,55984.0,47129.0,37182.0,33342.0,723200.0,60722.0
Sunday,Central,19,94111.0,65,3713.0,10791.0,2811.0,2365.0,882000.0,89722.0
Sunday,Central,19,94123.0,1,23088.0,22622.0,15083.0,13717.0,1000001.0,112650.0
Sunday,Central,19,94129.0,2,3183.0,1381.0,1132.0,1086.0,,143320.0
Sunday,Central,20,94104.0,36,406.0,5232.0,368.0,207.0,1000001.0,48750.0
Sunday,Central,20,94105.0,3,5846.0,15826.0,4601.0,3586.0,740900.0,163949.0
Sunday,Central,20,94108.0,66,13768.0,50983.0,8843.0,7628.0,856900.0,35427.0
Sunday,Central,20,94109.0,16,55984.0,47129.0,37182.0,33342.0,723200.0,60722.0
Sunday,Central,20,94111.0,48,3713.0,10791.0,2811.0,2365.0,882000.0,89722.0
Sunday,Central,20,94114.0,1,31124.0,21837.0,17634.0,16281.0,1000001.0,114689.0
Sunday,Central,20,94115.0,2,33021.0,29596.0,18884.0,17289.0,965800.0,76952.0
Sunday,Central,21,94104.0,22,406.0,5232.0,368.0,207.0,1000001.0,48750.0
Sunday,Central,21,94108.0,61,13768.0,50983.0,8843.0,7628.0,856900.0,35427.0
Sunday,Central,21,94109.0,13,55984.0,47129.0,37182.0,33342.0,723200.0,60722.0
Sunday,Central,21,94111.0,63,3713.0,10791.0,2811.0,2365.0,882000.0,89722.0
Sunday,Central,21,94115.0,1,33021.0,29596.0,18884.0,17289.0,965800.0,76952.0
Sunday,Central,21,94123.0,2,23088.0,22622.0,15083.0,13717.0,1000001.0,112650.0
Sunday,Central,21,94129.0,1,3183.0,1381.0,1132.0,1086.0,,143320.0
Sunday,Central,22,94104.0,25,406.0,5232.0,368.0,207.0,1000001.0,48750.0
Sunday,Central,22,94105.0,5,5846.0,15826.0,4601.0,3586.0,740900.0,163949.0
Sunday,Central,22,94108.0,46,13768.0,50983.0,8843.0,7628.0,856900.0,35427.0
Sunday,Central,22,94109.0,28,55984.0,47129.0,37182.0,33342.0,723200.0,60722.0
Sunday,Central,22,94111.0,28,3713.0,10791.0,2811.0,2365.0,882000.0,89722.0
Sunday,Central,23,94104.0,26,406.0,5232.0,368.0,207.0,1000001.0,48750.0
Sunday,Central,23,94108.0,29,13768.0,50983.0,8843.0,7628.0,856900.0,35427.0
Sunday,Central,23,94109.0,25,55984.0,47129.0,37182.0,33342.0,723200.0,60722.0
Sunday,Central,23,94111.0,14,3713.0,10791.0,2811.0,2365.0,882000.0,89722.0
Sunday,Central,23,94129.0,2,3183.0,1381.0,1132.0,1086.0,,143320.0
Sunday,Ingleside,0,94110.0,22,69333.0,29816.0,28913.0,27128.0,768200.0,82111.0
Sunday,Ingleside,0,94112.0,29,79407.0,23606.0,23081.0,21975.0,602400.0,71625.0
Sunday,Ingleside,0,94127.0,5,19289.0,10895.0,7801.0,7511.0,916900.0,131351.0
Sunday,Ingleside,0,94131.0,2,26881.0,12926.0,13427.0,12618.0,859700.0,96889.0
Sunday,Ingleside,0,94134.0,22,40798.0,17001.0,11867.0,11244.0,547800.0,56716.0
Sunday,Ingleside,1,94110.0,19,69333.0,29816.0,28913.0,27128.0,768200.0,82111.0
Sunday,Ingleside,1,94112.0,22,79407.0,23606.0,23081.0,21975.0,602400.0,71625.0
Sunday,Ingleside,1,94122.0,1,56023.0,23699.0,23633.0,22162.0,774500.0,81768.0
Sunday,Ingleside,1,94127.0,1,19289.0,10895.0,7801.0,7511.0,916900.0,131351.0
Sunday,Ingleside,1,94132.0,2,28129.0,9045.0,10769.0,9993.0,733100.0,69223.0
Sunday,Ingleside,1,94134.0,10,40798.0,17001.0,11867.0,11244.0,547800.0,56716.0
Sunday,Ingleside,2,94103.0,1,27170.0,20036.0,14778.0,13098.0,628000.0,43364.0
Sunday,Ingleside,2,94110.0,9,69333.0,29816.0,28913.0,27128.0,768200.0,82111.0
Sunday,Ingleside,2,94112.0,9,79407.0,23606.0,23081.0,21975.0,602400.0,71625.0
Sunday,Ingleside,2,94131.0,4,26881.0,12926.0,13427.0,12618.0,859700.0,96889.0
Sunday,Ingleside,2,94134.0,7,40798.0,17001.0,11867.0,11244.0,547800.0,56716.0
Sunday,Ingleside,3,94110.0,2,69333.0,29816.0,28913.0,27128.0,768200.0,82111.0
Sunday,Ingleside,3,94112.0,13,79407.0,23606.0,23081.0,21975.0,602400.0,71625.0
Sunday,Ingleside,3,94131.0,1,26881.0,12926.0,13427.0,12618.0,859700.0,96889.0
Sunday,Ingleside,3,94134.0,8,40798.0,17001.0,11867.0,11244.0,547800.0,56716.0
Sunday,Ingleside,4,94110.0,8,69333.0,29816.0,28913.0,27128.0,768200.0,82111.0
Sunday,Ingleside,4,94112.0,7,79407.0,23606.0,23081.0,21975.0,602400.0,71625.0
Sunday,Ingleside,4,94127.0,2,19289.0,10895.0,7801.0,7511.0,916900.0,131351.0
Sunday,Ingleside,4,94134.0,7,40798.0,17001.0,11867.0,11244.0,547800.0,56716.0
Sunday,Ingleside,5,94110.0,8,69333.0,29816.0,28913.0,27128.0,768200.0,82111.0
Sunday,Ingleside,5,94112.0,8,79407.0,23606.0,23081.0,21975.0,602400.0,71625.0
Sunday,Ingleside,5,94127.0,1,19289.0,10895.0,7801.0,7511.0,916900.0,131351.0
Sunday,Ingleside,5,94131.0,1,26881.0,12926.0,13427.0,12618.0,859700.0,96889.0
Sunday,Ingleside,5,94134.0,10,40798.0,17001.0,11867.0,11244.0,547800.0,56716.0
Sunday,Ingleside,6,94110.0,3,69333.0,29816.0,28913.0,27128.0,768200.0,82111.0
Sunday,Ingleside,6,94112.0,11,79407.0,23606.0,23081.0,21975.0,602400.0,71625.0
Sunday,Ingleside,6,94134.0,4,40798.0,17001.0,11867.0,11244.0,547800.0,56716.0
Sunday,Ingleside,7,94110.0,5,69333.0,29816.0,28913.0,27128.0,768200.0,82111.0
Sunday,Ingleside,7,94112.0,10,79407.0,23606.0,23081.0,21975.0,602400.0,71625.0
Sunday,Ingleside,7,94127.0,1,19289.0,10895.0,7801.0,7511.0,916900.0,131351.0
Sunday,Ingleside,7,94134.0,12,40798.0,17001.0,11867.0,11244.0,547800.0,56716.0
Sunday,Ingleside,8,94110.0,6,69333.0,29816.0,28913.0,27128.0,768200.0,82111.0
Sunday,Ingleside,8,94112.0,12,79407.0,23606.0,23081.0,21975.0,602400.0,71625.0
Sunday,Ingleside,8,94127.0,3,19289.0,10895.0,7801.0,7511.0,916900.0,131351.0
Sunday,Ingleside,8,94131.0,2,26881.0,12926.0,13427.0,12618.0,859700.0,96889.0
Sunday,Ingleside,8,94134.0,10,40798.0,17001.0,11867.0,11244.0,547800.0,56716.0
Sunday,Ingleside,9,94110.0,14,69333.0,29816.0,28913.0,27128.0,768200.0,82111.0
Sunday,Ingleside,9,94112.0,20,79407.0,23606.0,23081.0,21975.0,602400.0,71625.0
Sunday,Ingleside,9,94124.0,1,33996.0,6901.0,10812.0,9717.0,470400.0,50146.0
Sunday,Ingleside,9,94127.0,1,19289.0,10895.0,7801.0,7511.0,916900.0,131351.0
Sunday,Ingleside,9,94131.0,3,26881.0,12926.0,13427.0,12618.0,859700.0,96889.0
Sunday,Ingleside,9,94134.0,10,40798.0,17001.0,11867.0,11244.0,547800.0,56716.0
Sunday,Ingleside,10,94110.0,8,69333.0,29816.0,28913.0,27128.0,768200.0,82111.0
Sunday,Ingleside,10,94112.0,27,79407.0,23606.0,23081.0,21975.0,602400.0,71625.0
Sunday,Ingleside,10,94127.0,4,19289.0,10895.0,7801.0,7511.0,916900.0,131351.0
Sunday,Ingleside,10,94131.0,1,26881.0,12926.0,13427.0,12618.0,859700.0,96889.0
Sunday,Ingleside,10,94134.0,9,40798.0,17001.0,11867.0,11244.0,547800.0,56716.0
Sunday,Ingleside,11,94103.0,1,27170.0,20036.0,14778.0,13098.0,628000.0,43364.0
Sunday,Ingleside,11,94104.0,1,406.0,5232.0,368.0,207.0,1000001.0,48750.0
Sunday,Ingleside,11,94110.0,8,69333.0,29816.0,28913.0,27128.0,768200.0,82111.0
Sunday,Ingleside,11,94112.0,30,79407.0,23606.0,23081.0,21975.0,602400.0,71625.0
Sunday,Ingleside,11,94127.0,3,19289.0,10895.0,7801.0,7511.0,916900.0,131351.0
Sunday,Ingleside,11,94131.0,3,26881.0,12926.0,13427.0,12618.0,859700.0,96889.0
Sunday,Ingleside,11,94134.0,16,40798.0,17001.0,11867.0,11244.0,547800.0,56716.0
Sunday,Ingleside,12,94110.0,27,69333.0,29816.0,28913.0,27128.0,768200.0,82111.0
Sunday,Ingleside,12,94112.0,30,79407.0,23606.0,23081.0,21975.0,602400.0,71625.0
Sunday,Ingleside,12,94127.0,4,19289.0,10895.0,7801.0,7511.0,916900.0,131351.0
Sunday,Ingleside,12,94131.0,7,26881.0,12926.0,13427.0,12618.0,859700.0,96889.0
Sunday,Ingleside,12,94134.0,14,40798.0,17001.0,11867.0,11244.0,547800.0,56716.0
Sunday,Ingleside,13,94110.0,16,69333.0,29816.0,28913.0,27128.0,768200.0,82111.0
Sunday,Ingleside,13,94112.0,25,79407.0,23606.0,23081.0,21975.0,602400.0,71625.0
Sunday,Ingleside,13,94124.0,1,33996.0,6901.0,10812.0,9717.0,470400.0,50146.0
Sunday,Ingleside,13,94127.0,2,19289.0,10895.0,7801.0,7511.0,916900.0,131351.0
Sunday,Ingleside,13,94131.0,4,26881.0,12926.0,13427.0,12618.0,859700.0,96889.0
Sunday,Ingleside,13,94134.0,15,40798.0,17001.0,11867.0,11244.0,547800.0,56716.0
Sunday,Ingleside,14,94110.0,7,69333.0,29816.0,28913.0,27128.0,768200.0,82111.0
Sunday,Ingleside,14,94112.0,35,79407.0,23606.0,23081.0,21975.0,602400.0,71625.0
Sunday,Ingleside,14,94118.0,3,38319.0,19663.0,18633.0,17171.0,1000001.0,82857.0
Sunday,Ingleside,14,94124.0,1,33996.0,6901.0,10812.0,9717.0,470400.0,50146.0
Sunday,Ingleside,14,94127.0,5,19289.0,10895.0,7801.0,7511.0,916900.0,131351.0
Sunday,Ingleside,14,94131.0,2,26881.0,12926.0,13427.0,12618.0,859700.0,96889.0
Sunday,Ingleside,14,94134.0,9,40798.0,17001.0,11867.0,11244.0,547800.0,56716.0
Sunday,Ingleside,15,94110.0,12,69333.0,29816.0,28913.0,27128.0,768200.0,82111.0
Sunday,Ingleside,15,94112.0,35,79407.0,23606.0,23081.0,21975.0,602400.0,71625.0
Sunday,Ingleside,15,94127.0,1,19289.0,10895.0,7801.0,7511.0,916900.0,131351.0
Sunday,Ingleside,15,94131.0,3,26881.0,12926.0,13427.0,12618.0,859700.0,96889.0
Sunday,Ingleside,15,94132.0,1,28129.0,9045.0,10769.0,9993.0,733100.0,69223.0
Sunday,Ingleside,15,94134.0,38,40798.0,17001.0,11867.0,11244.0,547800.0,56716.0
Sunday,Ingleside,16,94110.0,17,69333.0,29816.0,28913.0,27128.0,768200.0,82111.0
Sunday,Ingleside,16,94112.0,29,79407.0,23606.0,23081.0,21975.0,602400.0,71625.0
Sunday,Ingleside,16,94127.0,3,19289.0,10895.0,7801.0,7511.0,916900.0,131351.0
Sunday,Ingleside,16,94131.0,8,26881.0,12926.0,13427.0,12618.0,859700.0,96889.0
Sunday,Ingleside,16,94134.0,12,40798.0,17001.0,11867.0,11244.0,547800.0,56716.0
Sunday,Ingleside,17,94110.0,22,69333.0,29816.0,28913.0,27128.0,768200.0,82111.0
Sunday,Ingleside,17,94112.0,27,79407.0,23606.0,23081.0,21975.0,602400.0,71625.0
Sunday,Ingleside,17,94127.0,4,19289.0,10895.0,7801.0,7511.0,916900.0,131351.0
Sunday,Ingleside,17,94131.0,1,26881.0,12926.0,13427.0,12618.0,859700.0,96889.0
Sunday,Ingleside,17,94132.0,1,28129.0,9045.0,10769.0,9993.0,733100.0,69223.0
Sunday,Ingleside,17,94134.0,16,40798.0,17001.0,11867.0,11244.0,547800.0,56716.0
Sunday,Ingleside,18,94110.0,15,69333.0,29816.0,28913.0,27128.0,768200.0,82111.0
Sunday,Ingleside,18,94112.0,44,79407.0,23606.0,23081.0,21975.0,602400.0,71625.0
Sunday,Ingleside,18,94118.0,1,38319.0,19663.0,18633.0,17171.0,1000001.0,82857.0
Sunday,Ingleside,18,94127.0,9,19289.0,10895.0,7801.0,7511.0,916900.0,131351.0
Sunday,Ingleside,18,94131.0,4,26881.0,12926.0,13427.0,12618.0,859700.0,96889.0
Sunday,Ingleside,18,94134.0,15,40798.0,17001.0,11867.0,11244.0,547800.0,56716.0
Sunday,Ingleside,19,94110.0,30,69333.0,29816.0,28913.0,27128.0,768200.0,82111.0
Sunday,Ingleside,19,94112.0,26,79407.0,23606.0,23081.0,21975.0,602400.0,71625.0
Sunday,Ingleside,19,94131.0,3,26881.0,12926.0,13427.0,12618.0,859700.0,96889.0
Sunday,Ingleside,19,94134.0,13,40798.0,17001.0,11867.0,11244.0,547800.0,56716.0
Sunday,Ingleside,20,94104.0,1,406.0,5232.0,368.0,207.0,1000001.0,48750.0
Sunday,Ingleside,20,94110.0,15,69333.0,29816.0,28913.0,27128.0,768200.0,82111.0
Sunday,Ingleside,20,94112.0,33,79407.0,23606.0,23081.0,21975.0,602400.0,71625.0
Sunday,Ingleside,20,94127.0,3,19289.0,10895.0,7801.0,7511.0,916900.0,131351.0
Sunday,Ingleside,20,94131.0,2,26881.0,12926.0,13427.0,12618.0,859700.0,96889.0
Sunday,Ingleside,20,94134.0,18,40798.0,17001.0,11867.0,11244.0,547800.0,56716.0
Sunday,Ingleside,21,94110.0,25,69333.0,29816.0,28913.0,27128.0,768200.0,82111.0
Sunday,Ingleside,21,94112.0,26,79407.0,23606.0,23081.0,21975.0,602400.0,71625.0
Sunday,Ingleside,21,94127.0,5,19289.0,10895.0,7801.0,7511.0,916900.0,131351.0
Sunday,Ingleside,21,94131.0,8,26881.0,12926.0,13427.0,12618.0,859700.0,96889.0
Sunday,Ingleside,21,94134.0,19,40798.0,17001.0,11867.0,11244.0,547800.0,56716.0
Sunday,Ingleside,22,94110.0,9,69333.0,29816.0,28913.0,27128.0,768200.0,82111.0
Sunday,Ingleside,22,94112.0,20,79407.0,23606.0,23081.0,21975.0,602400.0,71625.0
Sunday,Ingleside,22,94127.0,4,19289.0,10895.0,7801.0,7511.0,916900.0,131351.0
Sunday,Ingleside,22,94131.0,9,26881.0,12926.0,13427.0,12618.0,859700.0,96889.0
Sunday,Ingleside,22,94134.0,18,40798.0,17001.0,11867.0,11244.0,547800.0,56716.0
Sunday,Ingleside,23,94110.0,8,69333.0,29816.0,28913.0,27128.0,768200.0,82111.0
Sunday,Ingleside,23,94112.0,22,79407.0,23606.0,23081.0,21975.0,602400.0,71625.0
Sunday,Ingleside,23,94127.0,2,19289.0,10895.0,7801.0,7511.0,916900.0,131351.0
Sunday,Ingleside,23,94131.0,4,26881.0,12926.0,13427.0,12618.0,859700.0,96889.0
Sunday,Ingleside,23,94134.0,15,40798.0,17001.0,11867.0,11244.0,547800.0,56716.0
Sunday,Mission,0,94102.0,21,31176.0,46472.0,18758.0,16844.0,574100.0,22517.0
Sunday,Mission,0,94103.0,6,27170.0,20036.0,14778.0,13098.0,628000.0,43364.0
Sunday,Mission,0,94110.0,131,69333.0,29816.0,28913.0,27128.0,768200.0,82111.0
Sunday,Mission,0,94114.0,48,31124.0,21837.0,17634.0,16281.0,1000001.0,114689.0
Sunday,Mission,0,94131.0,3,26881.0,12926.0,13427.0,12618.0,859700.0,96889.0
Sunday,Mission,0,94158.0,5,4792.0,7288.0,2482.0,2271.0,643900.0,82195.0
Sunday,Mission,1,94102.0,9,31176.0,46472.0,18758.0,16844.0,574100.0,22517.0
Sunday,Mission,1,94103.0,4,27170.0,20036.0,14778.0,13098.0,628000.0,43364.0
Sunday,Mission,1,94110.0,88,69333.0,29816.0,28913.0,27128.0,768200.0,82111.0
Sunday,Mission,1,94114.0,43,31124.0,21837.0,17634.0,16281.0,1000001.0,114689.0
Sunday,Mission,1,94117.0,3,39169.0,23211.0,19255.0,17939.0,911500.0,94479.0
Sunday,Mission,1,94131.0,1,26881.0,12926.0,13427.0,12618.0,859700.0,96889.0
Sunday,Mission,1,94158.0,3,4792.0,7288.0,2482.0,2271.0,643900.0,82195.0
Sunday,Mission,2,94102.0,14,31176.0,46472.0,18758.0,16844.0,574100.0,22517.0
Sunday,Mission,2,94103.0,1,27170.0,20036.0,14778.0,13098.0,628000.0,43364.0
Sunday,Mission,2,94110.0,91,69333.0,29816.0,28913.0,27128.0,768200.0,82111.0
Sunday,Mission,2,94112.0,2,79407.0,23606.0,23081.0,21975.0,602400.0,71625.0
Sunday,Mission,2,94114.0,31,31124.0,21837.0,17634.0,16281.0,1000001.0,114689.0
Sunday,Mission,2,94117.0,1,39169.0,23211.0,19255.0,17939.0,911500.0,94479.0
Sunday,Mission,2,94131.0,3,26881.0,12926.0,13427.0,12618.0,859700.0,96889.0
Sunday,Mission,2,94158.0,7,4792.0,7288.0,2482.0,2271.0,643900.0,82195.0
Sunday,Mission,3,94102.0,6,31176.0,46472.0,18758.0,16844.0,574100.0,22517.0
Sunday,Mission,3,94103.0,4,27170.0,20036.0,14778.0,13098.0,628000.0,43364.0
Sunday,Mission,3,94110.0,30,69333.0,29816.0,28913.0,27128.0,768200.0,82111.0
Sunday,Mission,3,94114.0,16,31124.0,21837.0,17634.0,16281.0,1000001.0,114689.0
Sunday,Mission,3,94158.0,3,4792.0,7288.0,2482.0,2271.0,643900.0,82195.0
Sunday,Mission,4,94102.0,5,31176.0,46472.0,18758.0,16844.0,574100.0,22517.0
Sunday,Mission,4,94103.0,1,27170.0,20036.0,14778.0,13098.0,628000.0,43364.0
Sunday,Mission,4,94110.0,35,69333.0,29816.0,28913.0,27128.0,768200.0,82111.0
Sunday,Mission,4,94114.0,4,31124.0,21837.0,17634.0,16281.0,1000001.0,114689.0
Sunday,Mission,4,94117.0,2,39169.0,23211.0,19255.0,17939.0,911500.0,94479.0
Sunday,Mission,4,94158.0,2,4792.0,7288.0,2482.0,2271.0,643900.0,82195.0
Sunday,Mission,5,94102.0,6,31176.0,46472.0,18758.0,16844.0,574100.0,22517.0
Sunday,Mission,5,94103.0,1,27170.0,20036.0,14778.0,13098.0,628000.0,43364.0
Sunday,Mission,5,94110.0,20,69333.0,29816.0,28913.0,27128.0,768200.0,82111.0
Sunday,Mission,5,94114.0,7,31124.0,21837.0,17634.0,16281.0,1000001.0,114689.0
Sunday,Mission,5,94117.0,1,39169.0,23211.0,19255.0,17939.0,911500.0,94479.0
Sunday,Mission,5,94131.0,2,26881.0,12926.0,13427.0,12618.0,859700.0,96889.0
Sunday,Mission,5,94158.0,5,4792.0,7288.0,2482.0,2271.0,643900.0,82195.0
Sunday,Mission,6,94102.0,11,31176.0,46472.0,18758.0,16844.0,574100.0,22517.0
Sunday,Mission,6,94110.0,30,69333.0,29816.0,28913.0,27128.0,768200.0,82111.0
Sunday,Mission,6,94114.0,4,31124.0,21837.0,17634.0,16281.0,1000001.0,114689.0
Sunday,Mission,6,94117.0,4,39169.0,23211.0,19255.0,17939.0,911500.0,94479.0
Sunday,Mission,6,94158.0,1,4792.0,7288.0,2482.0,2271.0,643900.0,82195.0
Sunday,Mission,7,94102.0,6,31176.0,46472.0,18758.0,16844.0,574100.0,22517.0
Sunday,Mission,7,94103.0,5,27170.0,20036.0,14778.0,13098.0,628000.0,43364.0
Sunday,Mission,7,94110.0,23,69333.0,29816.0,28913.0,27128.0,768200.0,82111.0
Sunday,Mission,7,94114.0,9,31124.0,21837.0,17634.0,16281.0,1000001.0,114689.0
Sunday,Mission,7,94117.0,5,39169.0,23211.0,19255.0,17939.0,911500.0,94479.0
Sunday,Mission,8,94102.0,9,31176.0,46472.0,18758.0,16844.0,574100.0,22517.0
Sunday,Mission,8,94103.0,1,27170.0,20036.0,14778.0,13098.0,628000.0,43364.0
Sunday,Mission,8,94110.0,31,69333.0,29816.0,28913.0,27128.0,768200.0,82111.0
Sunday,Mission,8,94114.0,10,31124.0,21837.0,17634.0,16281.0,1000001.0,114689.0
Sunday,Mission,8,94117.0,2,39169.0,23211.0,19255.0,17939.0,911500.0,94479.0
Sunday,Mission,8,94131.0,3,26881.0,12926.0,13427.0,12618.0,859700.0,96889.0
Sunday,Mission,8,94158.0,1,4792.0,7288.0,2482.0,2271.0,643900.0,82195.0
Sunday,Mission,9,94102.0,22,31176.0,46472.0,18758.0,16844.0,574100.0,22517.0
Sunday,Mission,9,94103.0,3,27170.0,20036.0,14778.0,13098.0,628000.0,43364.0
Sunday,Mission,9,94110.0,54,69333.0,29816.0,28913.0,27128.0,768200.0,82111.0
Sunday,Mission,9,94112.0,4,79407.0,23606.0,23081.0,21975.0,602400.0,71625.0
Sunday,Mission,9,94114.0,12,31124.0,21837.0,17634.0,16281.0,1000001.0,114689.0
Sunday,Mission,9,94117.0,4,39169.0,23211.0,19255.0,17939.0,911500.0,94479.0
Sunday,Mission,9,94131.0,3,26881.0,12926.0,13427.0,12618.0,859700.0,96889.0
Sunday,Mission,9,94158.0,3,4792.0,7288.0,2482.0,2271.0,643900.0,82195.0
Sunday,Mission,10,94102.0,15,31176.0,46472.0,18758.0,16844.0,574100.0,22517.0
Sunday,Mission,10,94103.0,6,27170.0,20036.0,14778.0,13098.0,628000.0,43364.0
Sunday,Mission,10,94110.0,36,69333.0,29816.0,28913.0,27128.0,768200.0,82111.0
Sunday,Mission,10,94114.0,14,31124.0,21837.0,17634.0,16281.0,1000001.0,114689.0
Sunday,Mission,10,94117.0,7,39169.0,23211.0,19255.0,17939.0,911500.0,94479.0
Sunday,Mission,10,94131.0,1,26881.0,12926.0,13427.0,12618.0,859700.0,96889.0
Sunday,Mission,10,94158.0,1,4792.0,7288.0,2482.0,2271.0,643900.0,82195.0
Sunday,Mission,11,94102.0,24,31176.0,46472.0,18758.0,16844.0,574100.0,22517.0
Sunday,Mission,11,94103.0,5,27170.0,20036.0,14778.0,13098.0,628000.0,43364.0
Sunday,Mission,11,94110.0,82,69333.0,29816.0,28913.0,27128.0,768200.0,82111.0
Sunday,Mission,11,94114.0,19,31124.0,21837.0,17634.0,16281.0,1000001.0,114689.0
Sunday,Mission,11,94117.0,7,39169.0,23211.0,19255.0,17939.0,911500.0,94479.0
Sunday,Mission,11,94131.0,2,26881.0,12926.0,13427.0,12618.0,859700.0,96889.0
Sunday,Mission,12,94102.0,25,31176.0,46472.0,18758.0,16844.0,574100.0,22517.0
Sunday,Mission,12,94103.0,8,27170.0,20036.0,14778.0,13098.0,628000.0,43364.0
Sunday,Mission,12,94110.0,84,69333.0,29816.0,28913.0,27128.0,768200.0,82111.0
Sunday,Mission,12,94114.0,27,31124.0,21837.0,17634.0,16281.0,1000001.0,114689.0
Sunday,Mission,12,94117.0,10,39169.0,23211.0,19255.0,17939.0,911500.0,94479.0
Sunday,Mission,12,94158.0,7,4792.0,7288.0,2482.0,2271.0,643900.0,82195.0
Sunday,Mission,13,94102.0,38,31176.0,46472.0,18758.0,16844.0,574100.0,22517.0
Sunday,Mission,13,94103.0,8,27170.0,20036.0,14778.0,13098.0,628000.0,43364.0
Sunday,Mission,13,94110.0,71,69333.0,29816.0,28913.0,27128.0,768200.0,82111.0
Sunday,Mission,13,94114.0,34,31124.0,21837.0,17634.0,16281.0,1000001.0,114689.0
Sunday,Mission,13,94117.0,4,39169.0,23211.0,19255.0,17939.0,911500.0,94479.0
Sunday,Mission,13,94131.0,3,26881.0,12926.0,13427.0,12618.0,859700.0,96889.0
Sunday,Mission,13,94158.0,1,4792.0,7288.0,2482.0,2271.0,643900.0,82195.0
Sunday,Mission,14,94102.0,15,31176.0,46472.0,18758.0,16844.0,574100.0,22517.0
Sunday,Mission,14,94103.0,9,27170.0,20036.0,14778.0,13098.0,628000.0,43364.0
Sunday,Mission,14,94110.0,78,69333.0,29816.0,28913.0,27128.0,768200.0,82111.0
Sunday,Mission,14,94111.0,1,3713.0,10791.0,2811.0,2365.0,882000.0,89722.0
Sunday,Mission,14,94114.0,16,31124.0,21837.0,17634.0,16281.0,1000001.0,114689.0
Sunday,Mission,14,94117.0,3,39169.0,23211.0,19255.0,17939.0,911500.0,94479.0
Sunday,Mission,14,94158.0,2,4792.0,7288.0,2482.0,2271.0,643900.0,82195.0
Sunday,Mission,15,94102.0,25,31176.0,46472.0,18758.0,16844.0,574100.0,22517.0
Sunday,Mission,15,94103.0,1,27170.0,20036.0,14778.0,13098.0,628000.0,43364.0
Sunday,Mission,15,94108.0,1,13768.0,50983.0,8843.0,7628.0,856900.0,35427.0
Sunday,Mission,15,94110.0,59,69333.0,29816.0,28913.0,27128.0,768200.0,82111.0
Sunday,Mission,15,94114.0,19,31124.0,21837.0,17634.0,16281.0,1000001.0,114689.0
Sunday,Mission,15,94117.0,12,39169.0,23211.0,19255.0,17939.0,911500.0,94479.0
Sunday,Mission,15,94158.0,3,4792.0,7288.0,2482.0,2271.0,643900.0,82195.0
Sunday,Mission,16,94102.0,32,31176.0,46472.0,18758.0,16844.0,574100.0,22517.0
Sunday,Mission,16,94103.0,7,27170.0,20036.0,14778.0,13098.0,628000.0,43364.0
Sunday,Mission,16,94110.0,68,69333.0,29816.0,28913.0,27128.0,768200.0,82111.0
Sunday,Mission,16,94114.0,28,31124.0,21837.0,17634.0,16281.0,1000001.0,114689.0
Sunday,Mission,16,94117.0,11,39169.0,23211.0,19255.0,17939.0,911500.0,94479.0
Sunday,Mission,16,94131.0,2,26881.0,12926.0,13427.0,12618.0,859700.0,96889.0
Sunday,Mission,17,94102.0,36,31176.0,46472.0,18758.0,16844.0,574100.0,22517.0
Sunday,Mission,17,94103.0,7,27170.0,20036.0,14778.0,13098.0,628000.0,43364.0
Sunday,Mission,17,94110.0,91,69333.0,29816.0,28913.0,27128.0,768200.0,82111.0
Sunday,Mission,17,94114.0,23,31124.0,21837.0,17634.0,16281.0,1000001.0,114689.0
Sunday,Mission,17,94117.0,14,39169.0,23211.0,19255.0,17939.0,911500.0,94479.0
Sunday,Mission,17,94131.0,1,26881.0,12926.0,13427.0,12618.0,859700.0,96889.0
Sunday,Mission,17,94158.0,2,4792.0,7288.0,2482.0,2271.0,643900.0,82195.0
Sunday,Mission,18,94102.0,32,31176.0,46472.0,18758.0,16844.0,574100.0,22517.0
Sunday,Mission,18,94103.0,8,27170.0,20036.0,14778.0,13098.0,628000.0,43364.0
Sunday,Mission,18,94110.0,70,69333.0,29816.0,28913.0,27128.0,768200.0,82111.0
Sunday,Mission,18,94114.0,30,31124.0,21837.0,17634.0,16281.0,1000001.0,114689.0
Sunday,Mission,18,94117.0,10,39169.0,23211.0,19255.0,17939.0,911500.0,94479.0
Sunday,Mission,18,94131.0,5,26881.0,12926.0,13427.0,12618.0,859700.0,96889.0
Sunday,Mission,18,94158.0,4,4792.0,7288.0,2482.0,2271.0,643900.0,82195.0
Sunday,Mission,19,94102.0,30,31176.0,46472.0,18758.0,16844.0,574100.0,22517.0
Sunday,Mission,19,94103.0,7,27170.0,20036.0,14778.0,13098.0,628000.0,43364.0
Sunday,Mission,19,94110.0,61,69333.0,29816.0,28913.0,27128.0,768200.0,82111.0
Sunday,Mission,19,94114.0,22,31124.0,21837.0,17634.0,16281.0,1000001.0,114689.0
Sunday,Mission,19,94117.0,9,39169.0,23211.0,19255.0,17939.0,911500.0,94479.0
Sunday,Mission,19,94127.0,1,19289.0,10895.0,7801.0,7511.0,916900.0,131351.0
Sunday,Mission,19,94131.0,1,26881.0,12926.0,13427.0,12618.0,859700.0,96889.0
Sunday,Mission,19,94158.0,3,4792.0,7288.0,2482.0,2271.0,643900.0,82195.0
Sunday,Mission,20,94102.0,32,31176.0,46472.0,18758.0,16844.0,574100.0,22517.0
Sunday,Mission,20,94103.0,7,27170.0,20036.0,14778.0,13098.0,628000.0,43364.0
Sunday,Mission,20,94109.0,1,55984.0,47129.0,37182.0,33342.0,723200.0,60722.0
Sunday,Mission,20,94110.0,77,69333.0,29816.0,28913.0,27128.0,768200.0,82111.0
Sunday,Mission,20,94114.0,40,31124.0,21837.0,17634.0,16281.0,1000001.0,114689.0
Sunday,Mission,20,94117.0,10,39169.0,23211.0,19255.0,17939.0,911500.0,94479.0
Sunday,Mission,20,94131.0,3,26881.0,12926.0,13427.0,12618.0,859700.0,96889.0
Sunday,Mission,20,94158.0,1,4792.0,7288.0,2482.0,2271.0,643900.0,82195.0
Sunday,Mission,21,94102.0,21,31176.0,46472.0,18758.0,16844.0,574100.0,22517.0
Sunday,Mission,21,94103.0,2,27170.0,20036.0,14778.0,13098.0,628000.0,43364.0
Sunday,Mission,21,94110.0,90,69333.0,29816.0,28913.0,27128.0,768200.0,82111.0
Sunday,Mission,21,94114.0,27,31124.0,21837.0,17634.0,16281.0,1000001.0,114689.0
Sunday,Mission,21,94117.0,7,39169.0,23211.0,19255.0,17939.0,911500.0,94479.0
Sunday,Mission,21,94131.0,5,26881.0,12926.0,13427.0,12618.0,859700.0,96889.0
Sunday,Mission,21,94158.0,1,4792.0,7288.0,2482.0,2271.0,643900.0,82195.0
Sunday,Mission,22,94102.0,24,31176.0,46472.0,18758.0,16844.0,574100.0,22517.0
Sunday,Mission,22,94103.0,1,27170.0,20036.0,14778.0,13098.0,628000.0,43364.0
Sunday,Mission,22,94105.0,2,5846.0,15826.0,4601.0,3586.0,740900.0,163949.0
Sunday,Mission,22,94110.0,82,69333.0,29816.0,28913.0,27128.0,768200.0,82111.0
Sunday,Mission,22,94114.0,30,31124.0,21837.0,17634.0,16281.0,1000001.0,114689.0
Sunday,Mission,22,94117.0,5,39169.0,23211.0,19255.0,17939.0,911500.0,94479.0
Sunday,Mission,22,94131.0,9,26881.0,12926.0,13427.0,12618.0,859700.0,96889.0
Sunday,Mission,22,94158.0,1,4792.0,7288.0,2482.0,2271.0,643900.0,82195.0
Sunday,Mission,23,94102.0,15,31176.0,46472.0,18758.0,16844.0,574100.0,22517.0
Sunday,Mission,23,94103.0,4,27170.0,20036.0,14778.0,13098.0,628000.0,43364.0
Sunday,Mission,23,94110.0,84,69333.0,29816.0,28913.0,27128.0,768200.0,82111.0
Sunday,Mission,23,94114.0,23,31124.0,21837.0,17634.0,16281.0,1000001.0,114689.0
Sunday,Mission,23,94117.0,4,39169.0,23211.0,19255.0,17939.0,911500.0,94479.0
Sunday,Mission,23,94131.0,2,26881.0,12926.0,13427.0,12618.0,859700.0,96889.0
Sunday,Mission,23,94158.0,6,4792.0,7288.0,2482.0,2271.0,643900.0,82195.0
Sunday,Northern,0,94102.0,38,31176.0,46472.0,18758.0,16844.0,574100.0,22517.0
Sunday,Northern,0,94109.0,71,55984.0,47129.0,37182.0,33342.0,723200.0,60722.0
Sunday,Northern,0,94115.0,19,33021.0,29596.0,18884.0,17289.0,965800.0,76952.0
Sunday,Northern,0,94117.0,13,39169.0,23211.0,19255.0,17939.0,911500.0,94479.0
Sunday,Northern,0,94123.0,31,23088.0,22622.0,15083.0,13717.0,1000001.0,112650.0
Sunday,Northern,0,94158.0,1,4792.0,7288.0,2482.0,2271.0,643900.0,82195.0
Sunday,Northern,1,94102.0,26,31176.0,46472.0,18758.0,16844.0,574100.0,22517.0
Sunday,Northern,1,94109.0,57,55984.0,47129.0,37182.0,33342.0,723200.0,60722.0
Sunday,Northern,1,94115.0,5,33021.0,29596.0,18884.0,17289.0,965800.0,76952.0
Sunday,Northern,1,94117.0,11,39169.0,23211.0,19255.0,17939.0,911500.0,94479.0
Sunday,Northern,1,94123.0,17,23088.0,22622.0,15083.0,13717.0,1000001.0,112650.0
Sunday,Northern,2,94102.0,16,31176.0,46472.0,18758.0,16844.0,574100.0,22517.0
Sunday,Northern,2,94109.0,43,55984.0,47129.0,37182.0,33342.0,723200.0,60722.0
Sunday,Northern,2,94115.0,6,33021.0,29596.0,18884.0,17289.0,965800.0,76952.0
Sunday,Northern,2,94117.0,6,39169.0,23211.0,19255.0,17939.0,911500.0,94479.0
Sunday,Northern,2,94123.0,24,23088.0,22622.0,15083.0,13717.0,1000001.0,112650.0
Sunday,Northern,3,94102.0,13,31176.0,46472.0,18758.0,16844.0,574100.0,22517.0
Sunday,Northern,3,94109.0,23,55984.0,47129.0,37182.0,33342.0,723200.0,60722.0
Sunday,Northern,3,94115.0,2,33021.0,29596.0,18884.0,17289.0,965800.0,76952.0
Sunday,Northern,3,94117.0,2,39169.0,23211.0,19255.0,17939.0,911500.0,94479.0
Sunday,Northern,3,94123.0,6,23088.0,22622.0,15083.0,13717.0,1000001.0,112650.0
Sunday,Northern,4,94102.0,12,31176.0,46472.0,18758.0,16844.0,574100.0,22517.0
Sunday,Northern,4,94109.0,7,55984.0,47129.0,37182.0,33342.0,723200.0,60722.0
Sunday,Northern,4,94111.0,1,3713.0,10791.0,2811.0,2365.0,882000.0,89722.0
Sunday,Northern,4,94123.0,1,23088.0,22622.0,15083.0,13717.0,1000001.0,112650.0
Sunday,Northern,5,94102.0,5,31176.0,46472.0,18758.0,16844.0,574100.0,22517.0
Sunday,Northern,5,94109.0,16,55984.0,47129.0,37182.0,33342.0,723200.0,60722.0
Sunday,Northern,5,94115.0,1,33021.0,29596.0,18884.0,17289.0,965800.0,76952.0
Sunday,Northern,5,94117.0,4,39169.0,23211.0,19255.0,17939.0,911500.0,94479.0
Sunday,Northern,5,94123.0,3,23088.0,22622.0,15083.0,13717.0,1000001.0,112650.0
Sunday,Northern,6,94102.0,15,31176.0,46472.0,18758.0,16844.0,574100.0,22517.0
Sunday,Northern,6,94109.0,10,55984.0,47129.0,37182.0,33342.0,723200.0,60722.0
Sunday,Northern,6,94110.0,1,69333.0,29816.0,28913.0,27128.0,768200.0,82111.0
Sunday,Northern,6,94117.0,2,39169.0,23211.0,19255.0,17939.0,911500.0,94479.0
Sunday,Northern,6,94118.0,1,38319.0,19663.0,18633.0,17171.0,1000001.0,82857.0
Sunday,Northern,6,94123.0,14,23088.0,22622.0,15083.0,13717.0,1000001.0,112650.0
Sunday,Northern,7,94102.0,15,31176.0,46472.0,18758.0,16844.0,574100.0,22517.0
Sunday,Northern,7,94109.0,13,55984.0,47129.0,37182.0,33342.0,723200.0,60722.0
Sunday,Northern,7,94114.0,2,31124.0,21837.0,17634.0,16281.0,1000001.0,114689.0
Sunday,Northern,7,94115.0,6,33021.0,29596.0,18884.0,17289.0,965800.0,76952.0
Sunday,Northern,7,94117.0,1,39169.0,23211.0,19255.0,17939.0,911500.0,94479.0
Sunday,Northern,7,94123.0,9,23088.0,22622.0,15083.0,13717.0,1000001.0,112650.0
Sunday,Northern,8,94102.0,29,31176.0,46472.0,18758.0,16844.0,574100.0,22517.0
Sunday,Northern,8,94103.0,3,27170.0,20036.0,14778.0,13098.0,628000.0,43364.0
Sunday,Northern,8,94109.0,13,55984.0,47129.0,37182.0,33342.0,723200.0,60722.0
Sunday,Northern,8,94115.0,13,33021.0,29596.0,18884.0,17289.0,965800.0,76952.0
Sunday,Northern,8,94117.0,6,39169.0,23211.0,19255.0,17939.0,911500.0,94479.0
Sunday,Northern,8,94123.0,7,23088.0,22622.0,15083.0,13717.0,1000001.0,112650.0
Sunday,Northern,9,94102.0,28,31176.0,46472.0,18758.0,16844.0,574100.0,22517.0
Sunday,Northern,9,94109.0,26,55984.0,47129.0,37182.0,33342.0,723200.0,60722.0
Sunday,Northern,9,94110.0,1,69333.0,29816.0,28913.0,27128.0,768200.0,82111.0
Sunday,Northern,9,94115.0,19,33021.0,29596.0,18884.0,17289.0,965800.0,76952.0
Sunday,Northern,9,94117.0,10,39169.0,23211.0,19255.0,17939.0,911500.0,94479.0
Sunday,Northern,9,94123.0,18,23088.0,22622.0,15083.0,13717.0,1000001.0,112650.0
Sunday,Northern,10,94102.0,30,31176.0,46472.0,18758.0,16844.0,574100.0,22517.0
Sunday,Northern,10,94109.0,17,55984.0,47129.0,37182.0,33342.0,723200.0,60722.0
Sunday,Northern,10,94111.0,2,3713.0,10791.0,2811.0,2365.0,882000.0,89722.0
Sunday,Northern,10,94115.0,17,33021.0,29596.0,18884.0,17289.0,965800.0,76952.0
Sunday,Northern,10,94117.0,12,39169.0,23211.0,19255.0,17939.0,911500.0,94479.0
Sunday,Northern,10,94123.0,17,23088.0,22622.0,15083.0,13717.0,1000001.0,112650.0
Sunday,Northern,11,94102.0,42,31176.0,46472.0,18758.0,16844.0,574100.0,22517.0
Sunday,Northern,11,94103.0,1,27170.0,20036.0,14778.0,13098.0,628000.0,43364.0
Sunday,Northern,11,94109.0,28,55984.0,47129.0,37182.0,33342.0,723200.0,60722.0
Sunday,Northern,11,94111.0,1,3713.0,10791.0,2811.0,2365.0,882000.0,89722.0
Sunday,Northern,11,94115.0,25,33021.0,29596.0,18884.0,17289.0,965800.0,76952.0
Sunday,Northern,11,94117.0,23,39169.0,23211.0,19255.0,17939.0,911500.0,94479.0
Sunday,Northern,11,94123.0,21,23088.0,22622.0,15083.0,13717.0,1000001.0,112650.0
Sunday,Northern,12,94102.0,51,31176.0,46472.0,18758.0,16844.0,574100.0,22517.0
Sunday,Northern,12,94109.0,31,55984.0,47129.0,37182.0,33342.0,723200.0,60722.0
Sunday,Northern,12,94115.0,22,33021.0,29596.0,18884.0,17289.0,965800.0,76952.0
Sunday,Northern,12,94117.0,22,39169.0,23211.0,19255.0,17939.0,911500.0,94479.0
Sunday,Northern,12,94123.0,34,23088.0,22622.0,15083.0,13717.0,1000001.0,112650.0
Sunday,Northern,13,94102.0,63,31176.0,46472.0,18758.0,16844.0,574100.0,22517.0
Sunday,Northern,13,94109.0,26,55984.0,47129.0,37182.0,33342.0,723200.0,60722.0
Sunday,Northern,13,94115.0,19,33021.0,29596.0,18884.0,17289.0,965800.0,76952.0
Sunday,Northern,13,94117.0,17,39169.0,23211.0,19255.0,17939.0,911500.0,94479.0
Sunday,Northern,13,94123.0,27,23088.0,22622.0,15083.0,13717.0,1000001.0,112650.0
Sunday,Northern,14,94102.0,40,31176.0,46472.0,18758.0,16844.0,574100.0,22517.0
Sunday,Northern,14,94109.0,20,55984.0,47129.0,37182.0,33342.0,723200.0,60722.0
Sunday,Northern,14,94115.0,26,33021.0,29596.0,18884.0,17289.0,965800.0,76952.0
Sunday,Northern,14,94117.0,13,39169.0,23211.0,19255.0,17939.0,911500.0,94479.0
Sunday,Northern,14,94123.0,26,23088.0,22622.0,15083.0,13717.0,1000001.0,112650.0
Sunday,Northern,15,94102.0,57,31176.0,46472.0,18758.0,16844.0,574100.0,22517.0
Sunday,Northern,15,94109.0,28,55984.0,47129.0,37182.0,33342.0,723200.0,60722.0
Sunday,Northern,15,94115.0,15,33021.0,29596.0,18884.0,17289.0,965800.0,76952.0
Sunday,Northern,15,94117.0,8,39169.0,23211.0,19255.0,17939.0,911500.0,94479.0
Sunday,Northern,15,94123.0,20,23088.0,22622.0,15083.0,13717.0,1000001.0,112650.0
Sunday,Northern,16,94102.0,50,31176.0,46472.0,18758.0,16844.0,574100.0,22517.0
Sunday,Northern,16,94103.0,2,27170.0,20036.0,14778.0,13098.0,628000.0,43364.0
Sunday,Northern,16,94109.0,36,55984.0,47129.0,37182.0,33342.0,723200.0,60722.0
Sunday,Northern,16,94110.0,1,69333.0,29816.0,28913.0,27128.0,768200.0,82111.0
Sunday,Northern,16,94115.0,22,33021.0,29596.0,18884.0,17289.0,965800.0,76952.0
Sunday,Northern,16,94117.0,19,39169.0,23211.0,19255.0,17939.0,911500.0,94479.0
Sunday,Northern,16,94123.0,30,23088.0,22622.0,15083.0,13717.0,1000001.0,112650.0
Sunday,Northern,17,94102.0,49,31176.0,46472.0,18758.0,16844.0,574100.0,22517.0
Sunday,Northern,17,94109.0,31,55984.0,47129.0,37182.0,33342.0,723200.0,60722.0
Sunday,Northern,17,94115.0,31,33021.0,29596.0,18884.0,17289.0,965800.0,76952.0
Sunday,Northern,17,94117.0,16,39169.0,23211.0,19255.0,17939.0,911500.0,94479.0
Sunday,Northern,17,94123.0,25,23088.0,22622.0,15083.0,13717.0,1000001.0,112650.0
Sunday,Northern,18,94102.0,58,31176.0,46472.0,18758.0,16844.0,574100.0,22517.0
Sunday,Northern,18,94109.0,38,55984.0,47129.0,37182.0,33342.0,723200.0,60722.0
Sunday,Northern,18,94115.0,28,33021.0,29596.0,18884.0,17289.0,965800.0,76952.0
Sunday,Northern,18,94117.0,15,39169.0,23211.0,19255.0,17939.0,911500.0,94479.0
Sunday,Northern,18,94123.0,21,23088.0,22622.0,15083.0,13717.0,1000001.0,112650.0
Sunday,Northern,18,94134.0,1,40798.0,17001.0,11867.0,11244.0,547800.0,56716.0
Sunday,Northern,19,94102.0,60,31176.0,46472.0,18758.0,16844.0,574100.0,22517.0
Sunday,Northern,19,94109.0,32,55984.0,47129.0,37182.0,33342.0,723200.0,60722.0
Sunday,Northern,19,94115.0,20,33021.0,29596.0,18884.0,17289.0,965800.0,76952.0
Sunday,Northern,19,94117.0,9,39169.0,23211.0,19255.0,17939.0,911500.0,94479.0
Sunday,Northern,19,94123.0,23,23088.0,22622.0,15083.0,13717.0,1000001.0,112650.0
Sunday,Northern,20,94102.0,36,31176.0,46472.0,18758.0,16844.0,574100.0,22517.0
Sunday,Northern,20,94109.0,40,55984.0,47129.0,37182.0,33342.0,723200.0,60722.0
Sunday,Northern,20,94111.0,1,3713.0,10791.0,2811.0,2365.0,882000.0,89722.0
Sunday,Northern,20,94115.0,27,33021.0,29596.0,18884.0,17289.0,965800.0,76952.0
Sunday,Northern,20,94117.0,13,39169.0,23211.0,19255.0,17939.0,911500.0,94479.0
Sunday,Northern,20,94123.0,25,23088.0,22622.0,15083.0,13717.0,1000001.0,112650.0
Sunday,Northern,21,94102.0,52,31176.0,46472.0,18758.0,16844.0,574100.0,22517.0
Sunday,Northern,21,94109.0,26,55984.0,47129.0,37182.0,33342.0,723200.0,60722.0
Sunday,Northern,21,94115.0,15,33021.0,29596.0,18884.0,17289.0,965800.0,76952.0
Sunday,Northern,21,94117.0,17,39169.0,23211.0,19255.0,17939.0,911500.0,94479.0
Sunday,Northern,21,94123.0,14,23088.0,22622.0,15083.0,13717.0,1000001.0,112650.0
Sunday,Northern,22,94102.0,27,31176.0,46472.0,18758.0,16844.0,574100.0,22517.0
Sunday,Northern,22,94109.0,14,55984.0,47129.0,37182.0,33342.0,723200.0,60722.0
Sunday,Northern,22,94111.0,1,3713.0,10791.0,2811.0,2365.0,882000.0,89722.0
Sunday,Northern,22,94115.0,11,33021.0,29596.0,18884.0,17289.0,965800.0,76952.0
Sunday,Northern,22,94117.0,6,39169.0,23211.0,19255.0,17939.0,911500.0,94479.0
Sunday,Northern,22,94123.0,12,23088.0,22622.0,15083.0,13717.0,1000001.0,112650.0
Sunday,Northern,23,94102.0,38,31176.0,46472.0,18758.0,16844.0,574100.0,22517.0
Sunday,Northern,23,94109.0,26,55984.0,47129.0,37182.0,33342.0,723200.0,60722.0
Sunday,Northern,23,94115.0,8,33021.0,29596.0,18884.0,17289.0,965800.0,76952.0
Sunday,Northern,23,94117.0,5,39169.0,23211.0,19255.0,17939.0,911500.0,94479.0
Sunday,Northern,23,94118.0,1,38319.0,19663.0,18633.0,17171.0,1000001.0,82857.0
Sunday,Northern,23,94123.0,9,23088.0,22622.0,15083.0,13717.0,1000001.0,112650.0
Sunday,Out of SF,0,94103.0,1,27170.0,20036.0,14778.0,13098.0,628000.0,43364.0
Sunday,Out of SF,0,94108.0,8,13768.0,50983.0,8843.0,7628.0,856900.0,35427.0
Sunday,Out of SF,0,94109.0,2,55984.0,47129.0,37182.0,33342.0,723200.0,60722.0
Sunday,Out of SF,0,94110.0,1,69333.0,29816.0,28913.0,27128.0,768200.0,82111.0
Sunday,Out of SF,0,94111.0,1,3713.0,10791.0,2811.0,2365.0,882000.0,89722.0
Sunday,Out of SF,0,94112.0,1,79407.0,23606.0,23081.0,21975.0,602400.0,71625.0
Sunday,Out of SF,0,94116.0,2,43698.0,16901.0,16283.0,15445.0,734400.0,83407.0
Sunday,Out of SF,0,94118.0,1,38319.0,19663.0,18633.0,17171.0,1000001.0,82857.0
Sunday,Out of SF,0,94124.0,2,33996.0,6901.0,10812.0,9717.0,470400.0,50146.0
Sunday,Out of SF,0,94134.0,2,40798.0,17001.0,11867.0,11244.0,547800.0,56716.0
Sunday,Out of SF,0,94158.0,8,4792.0,7288.0,2482.0,2271.0,643900.0,82195.0
Sunday,Out of SF,1,94102.0,4,31176.0,46472.0,18758.0,16844.0,574100.0,22517.0
Sunday,Out of SF,1,94103.0,3,27170.0,20036.0,14778.0,13098.0,628000.0,43364.0
Sunday,Out of SF,1,94110.0,4,69333.0,29816.0,28913.0,27128.0,768200.0,82111.0
Sunday,Out of SF,1,94118.0,1,38319.0,19663.0,18633.0,17171.0,1000001.0,82857.0
Sunday,Out of SF,2,94103.0,1,27170.0,20036.0,14778.0,13098.0,628000.0,43364.0
Sunday,Out of SF,2,94110.0,1,69333.0,29816.0,28913.0,27128.0,768200.0,82111.0
Sunday,Out of SF,2,94112.0,1,79407.0,23606.0,23081.0,21975.0,602400.0,71625.0
Sunday,Out of SF,2,94117.0,2,39169.0,23211.0,19255.0,17939.0,911500.0,94479.0
Sunday,Out of SF,2,94158.0,2,4792.0,7288.0,2482.0,2271.0,643900.0,82195.0
Sunday,Out of SF,3,94158.0,1,4792.0,7288.0,2482.0,2271.0,643900.0,82195.0
Sunday,Out of SF,4,94108.0,2,13768.0,50983.0,8843.0,7628.0,856900.0,35427.0
Sunday,Out of SF,5,94103.0,2,27170.0,20036.0,14778.0,13098.0,628000.0,43364.0
Sunday,Out of SF,6,94127.0,1,19289.0,10895.0,7801.0,7511.0,916900.0,131351.0
Sunday,Out of SF,6,94158.0,2,4792.0,7288.0,2482.0,2271.0,643900.0,82195.0
Sunday,Out of SF,7,94103.0,4,27170.0,20036.0,14778.0,13098.0,628000.0,43364.0
Sunday,Out of SF,8,94103.0,7,27170.0,20036.0,14778.0,13098.0,628000.0,43364.0
Sunday,Out of SF,8,94108.0,1,13768.0,50983.0,8843.0,7628.0,856900.0,35427.0
Sunday,Out of SF,8,94111.0,1,3713.0,10791.0,2811.0,2365.0,882000.0,89722.0
Sunday,Out of SF,8,94112.0,1,79407.0,23606.0,23081.0,21975.0,602400.0,71625.0
Sunday,Out of SF,8,94158.0,1,4792.0,7288.0,2482.0,2271.0,643900.0,82195.0
Sunday,Out of SF,9,94103.0,2,27170.0,20036.0,14778.0,13098.0,628000.0,43364.0
Sunday,Out of SF,9,94122.0,1,56023.0,23699.0,23633.0,22162.0,774500.0,81768.0
Sunday,Out of SF,10,94103.0,1,27170.0,20036.0,14778.0,13098.0,628000.0,43364.0
Sunday,Out of SF,10,94108.0,2,13768.0,50983.0,8843.0,7628.0,856900.0,35427.0
Sunday,Out of SF,10,94118.0,1,38319.0,19663.0,18633.0,17171.0,1000001.0,82857.0
Sunday,Out of SF,10,94124.0,1,33996.0,6901.0,10812.0,9717.0,470400.0,50146.0
Sunday,Out of SF,10,94134.0,3,40798.0,17001.0,11867.0,11244.0,547800.0,56716.0
Sunday,Out of SF,10,94158.0,1,4792.0,7288.0,2482.0,2271.0,643900.0,82195.0
Sunday,Out of SF,11,94102.0,1,31176.0,46472.0,18758.0,16844.0,574100.0,22517.0
Sunday,Out of SF,11,94108.0,3,13768.0,50983.0,8843.0,7628.0,856900.0,35427.0
Sunday,Out of SF,11,94110.0,2,69333.0,29816.0,28913.0,27128.0,768200.0,82111.0
Sunday,Out of SF,11,94116.0,2,43698.0,16901.0,16283.0,15445.0,734400.0,83407.0
Sunday,Out of SF,11,94118.0,1,38319.0,19663.0,18633.0,17171.0,1000001.0,82857.0
Sunday,Out of SF,11,94132.0,1,28129.0,9045.0,10769.0,9993.0,733100.0,69223.0
Sunday,Out of SF,12,94103.0,4,27170.0,20036.0,14778.0,13098.0,628000.0,43364.0
Sunday,Out of SF,12,94108.0,1,13768.0,50983.0,8843.0,7628.0,856900.0,35427.0
Sunday,Out of SF,12,94112.0,1,79407.0,23606.0,23081.0,21975.0,602400.0,71625.0
Sunday,Out of SF,12,94116.0,1,43698.0,16901.0,16283.0,15445.0,734400.0,83407.0
Sunday,Out of SF,12,94117.0,1,39169.0,23211.0,19255.0,17939.0,911500.0,94479.0
Sunday,Out of SF,12,94118.0,2,38319.0,19663.0,18633.0,17171.0,1000001.0,82857.0
Sunday,Out of SF,12,94158.0,1,4792.0,7288.0,2482.0,2271.0,643900.0,82195.0
Sunday,Out of SF,13,94102.0,1,31176.0,46472.0,18758.0,16844.0,574100.0,22517.0
Sunday,Out of SF,13,94103.0,5,27170.0,20036.0,14778.0,13098.0,628000.0,43364.0
Sunday,Out of SF,13,94108.0,2,13768.0,50983.0,8843.0,7628.0,856900.0,35427.0
Sunday,Out of SF,13,94110.0,2,69333.0,29816.0,28913.0,27128.0,768200.0,82111.0
Sunday,Out of SF,13,94112.0,3,79407.0,23606.0,23081.0,21975.0,602400.0,71625.0
Sunday,Out of SF,13,94158.0,1,4792.0,7288.0,2482.0,2271.0,643900.0,82195.0
Sunday,Out of SF,14,94102.0,6,31176.0,46472.0,18758.0,16844.0,574100.0,22517.0
Sunday,Out of SF,14,94103.0,1,27170.0,20036.0,14778.0,13098.0,628000.0,43364.0
Sunday,Out of SF,14,94108.0,2,13768.0,50983.0,8843.0,7628.0,856900.0,35427.0
Sunday,Out of SF,14,94124.0,1,33996.0,6901.0,10812.0,9717.0,470400.0,50146.0
Sunday,Out of SF,14,94132.0,1,28129.0,9045.0,10769.0,9993.0,733100.0,69223.0
Sunday,Out of SF,14,94158.0,1,4792.0,7288.0,2482.0,2271.0,643900.0,82195.0
Sunday,Out of SF,15,94103.0,1,27170.0,20036.0,14778.0,13098.0,628000.0,43364.0
Sunday,Out of SF,15,94108.0,1,13768.0,50983.0,8843.0,7628.0,856900.0,35427.0
Sunday,Out of SF,15,94110.0,2,69333.0,29816.0,28913.0,27128.0,768200.0,82111.0
Sunday,Out of SF,15,94112.0,7,79407.0,23606.0,23081.0,21975.0,602400.0,71625.0
Sunday,Out of SF,15,94158.0,1,4792.0,7288.0,2482.0,2271.0,643900.0,82195.0
Sunday,Out of SF,16,94108.0,2,13768.0,50983.0,8843.0,7628.0,856900.0,35427.0
Sunday,Out of SF,16,94110.0,1,69333.0,29816.0,28913.0,27128.0,768200.0,82111.0
Sunday,Out of SF,16,94112.0,1,79407.0,23606.0,23081.0,21975.0,602400.0,71625.0
Sunday,Out of SF,16,94118.0,2,38319.0,19663.0,18633.0,17171.0,1000001.0,82857.0
Sunday,Out of SF,16,94124.0,2,33996.0,6901.0,10812.0,9717.0,470400.0,50146.0
Sunday,Out of SF,16,94127.0,1,19289.0,10895.0,7801.0,7511.0,916900.0,131351.0
Sunday,Out of SF,16,94158.0,3,4792.0,7288.0,2482.0,2271.0,643900.0,82195.0
Sunday,Out of SF,17,94103.0,3,27170.0,20036.0,14778.0,13098.0,628000.0,43364.0
Sunday,Out of SF,17,94104.0,1,406.0,5232.0,368.0,207.0,1000001.0,48750.0
Sunday,Out of SF,17,94108.0,1,13768.0,50983.0,8843.0,7628.0,856900.0,35427.0
Sunday,Out of SF,17,94110.0,2,69333.0,29816.0,28913.0,27128.0,768200.0,82111.0
Sunday,Out of SF,17,94118.0,2,38319.0,19663.0,18633.0,17171.0,1000001.0,82857.0
Sunday,Out of SF,18,94103.0,5,27170.0,20036.0,14778.0,13098.0,628000.0,43364.0
Sunday,Out of SF,18,94108.0,2,13768.0,50983.0,8843.0,7628.0,856900.0,35427.0
Sunday,Out of SF,18,94116.0,2,43698.0,16901.0,16283.0,15445.0,734400.0,83407.0
Sunday,Out of SF,18,94134.0,1,40798.0,17001.0,11867.0,11244.0,547800.0,56716.0
Sunday,Out of SF,19,94108.0,1,13768.0,50983.0,8843.0,7628.0,856900.0,35427.0
Sunday,Out of SF,19,94110.0,1,69333.0,29816.0,28913.0,27128.0,768200.0,82111.0
Sunday,Out of SF,19,94112.0,3,79407.0,23606.0,23081.0,21975.0,602400.0,71625.0
Sunday,Out of SF,20,94102.0,2,31176.0,46472.0,18758.0,16844.0,574100.0,22517.0
Sunday,Out of SF,20,94110.0,1,69333.0,29816.0,28913.0,27128.0,768200.0,82111.0
Sunday,Out of SF,20,94117.0,2,39169.0,23211.0,19255.0,17939.0,911500.0,94479.0
Sunday,Out of SF,21,94103.0,4,27170.0,20036.0,14778.0,13098.0,628000.0,43364.0
Sunday,Out of SF,21,94110.0,2,69333.0,29816.0,28913.0,27128.0,768200.0,82111.0
Sunday,Out of SF,21,94124.0,1,33996.0,6901.0,10812.0,9717.0,470400.0,50146.0
Sunday,Out of SF,21,94158.0,2,4792.0,7288.0,2482.0,2271.0,643900.0,82195.0
Sunday,Out of SF,22,94102.0,1,31176.0,46472.0,18758.0,16844.0,574100.0,22517.0
Sunday,Out of SF,22,94110.0,1,69333.0,29816.0,28913.0,27128.0,768200.0,82111.0
Sunday,Out of SF,22,94124.0,1,33996.0,6901.0,10812.0,9717.0,470400.0,50146.0
Sunday,Out of SF,22,94158.0,2,4792.0,7288.0,2482.0,2271.0,643900.0,82195.0
Sunday,Out of SF,23,94102.0,3,31176.0,46472.0,18758.0,16844.0,574100.0,22517.0
Sunday,Out of SF,23,94103.0,2,27170.0,20036.0,14778.0,13098.0,628000.0,43364.0
Sunday,Out of SF,23,94108.0,1,13768.0,50983.0,8843.0,7628.0,856900.0,35427.0
Sunday,Out of SF,23,94110.0,2,69333.0,29816.0,28913.0,27128.0,768200.0,82111.0
Sunday,Out of SF,23,94116.0,1,43698.0,16901.0,16283.0,15445.0,734400.0,83407.0
Sunday,Out of SF,23,94124.0,1,33996.0,6901.0,10812.0,9717.0,470400.0,50146.0
Sunday,Out of SF,23,94132.0,2,28129.0,9045.0,10769.0,9993.0,733100.0,69223.0
Sunday,Park,0,94102.0,2,31176.0,46472.0,18758.0,16844.0,574100.0,22517.0
Sunday,Park,0,94114.0,7,31124.0,21837.0,17634.0,16281.0,1000001.0,114689.0
Sunday,Park,0,94117.0,23,39169.0,23211.0,19255.0,17939.0,911500.0,94479.0
Sunday,Park,0,94118.0,6,38319.0,19663.0,18633.0,17171.0,1000001.0,82857.0
Sunday,Park,0,94122.0,4,56023.0,23699.0,23633.0,22162.0,774500.0,81768.0
Sunday,Park,0,94131.0,2,26881.0,12926.0,13427.0,12618.0,859700.0,96889.0
Sunday,Park,1,94102.0,1,31176.0,46472.0,18758.0,16844.0,574100.0,22517.0
Sunday,Park,1,94114.0,2,31124.0,21837.0,17634.0,16281.0,1000001.0,114689.0
Sunday,Park,1,94115.0,1,33021.0,29596.0,18884.0,17289.0,965800.0,76952.0
Sunday,Park,1,94117.0,18,39169.0,23211.0,19255.0,17939.0,911500.0,94479.0
Sunday,Park,1,94118.0,2,38319.0,19663.0,18633.0,17171.0,1000001.0,82857.0
Sunday,Park,1,94122.0,1,56023.0,23699.0,23633.0,22162.0,774500.0,81768.0
Sunday,Park,2,94114.0,1,31124.0,21837.0,17634.0,16281.0,1000001.0,114689.0
Sunday,Park,2,94117.0,10,39169.0,23211.0,19255.0,17939.0,911500.0,94479.0
Sunday,Park,2,94118.0,5,38319.0,19663.0,18633.0,17171.0,1000001.0,82857.0
Sunday,Park,2,94123.0,1,23088.0,22622.0,15083.0,13717.0,1000001.0,112650.0
Sunday,Park,3,94102.0,1,31176.0,46472.0,18758.0,16844.0,574100.0,22517.0
Sunday,Park,3,94114.0,3,31124.0,21837.0,17634.0,16281.0,1000001.0,114689.0
Sunday,Park,3,94117.0,4,39169.0,23211.0,19255.0,17939.0,911500.0,94479.0
Sunday,Park,3,94118.0,5,38319.0,19663.0,18633.0,17171.0,1000001.0,82857.0
Sunday,Park,3,94122.0,1,56023.0,23699.0,23633.0,22162.0,774500.0,81768.0
Sunday,Park,3,94131.0,1,26881.0,12926.0,13427.0,12618.0,859700.0,96889.0
Sunday,Park,4,94102.0,1,31176.0,46472.0,18758.0,16844.0,574100.0,22517.0
Sunday,Park,4,94114.0,2,31124.0,21837.0,17634.0,16281.0,1000001.0,114689.0
Sunday,Park,4,94117.0,10,39169.0,23211.0,19255.0,17939.0,911500.0,94479.0
Sunday,Park,4,94118.0,1,38319.0,19663.0,18633.0,17171.0,1000001.0,82857.0
Sunday,Park,5,94122.0,1,56023.0,23699.0,23633.0,22162.0,774500.0,81768.0
Sunday,Park,5,94131.0,1,26881.0,12926.0,13427.0,12618.0,859700.0,96889.0
Sunday,Park,6,94102.0,2,31176.0,46472.0,18758.0,16844.0,574100.0,22517.0
Sunday,Park,6,94114.0,3,31124.0,21837.0,17634.0,16281.0,1000001.0,114689.0
Sunday,Park,6,94117.0,4,39169.0,23211.0,19255.0,17939.0,911500.0,94479.0
Sunday,Park,6,94118.0,1,38319.0,19663.0,18633.0,17171.0,1000001.0,82857.0
Sunday,Park,6,94124.0,1,33996.0,6901.0,10812.0,9717.0,470400.0,50146.0
Sunday,Park,7,94114.0,2,31124.0,21837.0,17634.0,16281.0,1000001.0,114689.0
Sunday,Park,7,94117.0,17,39169.0,23211.0,19255.0,17939.0,911500.0,94479.0
Sunday,Park,7,94118.0,1,38319.0,19663.0,18633.0,17171.0,1000001.0,82857.0
Sunday,Park,7,94122.0,2,56023.0,23699.0,23633.0,22162.0,774500.0,81768.0
Sunday,Park,7,94131.0,5,26881.0,12926.0,13427.0,12618.0,859700.0,96889.0
Sunday,Park,8,94102.0,1,31176.0,46472.0,18758.0,16844.0,574100.0,22517.0
Sunday,Park,8,94114.0,5,31124.0,21837.0,17634.0,16281.0,1000001.0,114689.0
Sunday,Park,8,94117.0,36,39169.0,23211.0,19255.0,17939.0,911500.0,94479.0
Sunday,Park,8,94122.0,1,56023.0,23699.0,23633.0,22162.0,774500.0,81768.0
Sunday,Park,8,94131.0,2,26881.0,12926.0,13427.0,12618.0,859700.0,96889.0
Sunday,Park,9,94114.0,1,31124.0,21837.0,17634.0,16281.0,1000001.0,114689.0
Sunday,Park,9,94117.0,25,39169.0,23211.0,19255.0,17939.0,911500.0,94479.0
Sunday,Park,9,94118.0,4,38319.0,19663.0,18633.0,17171.0,1000001.0,82857.0
Sunday,Park,9,94122.0,1,56023.0,23699.0,23633.0,22162.0,774500.0,81768.0
Sunday,Park,9,94131.0,5,26881.0,12926.0,13427.0,12618.0,859700.0,96889.0
Sunday,Park,10,94102.0,1,31176.0,46472.0,18758.0,16844.0,574100.0,22517.0
Sunday,Park,10,94114.0,4,31124.0,21837.0,17634.0,16281.0,1000001.0,114689.0
Sunday,Park,10,94117.0,23,39169.0,23211.0,19255.0,17939.0,911500.0,94479.0
Sunday,Park,10,94118.0,7,38319.0,19663.0,18633.0,17171.0,1000001.0,82857.0
Sunday,Park,10,94127.0,1,19289.0,10895.0,7801.0,7511.0,916900.0,131351.0
Sunday,Park,10,94131.0,4,26881.0,12926.0,13427.0,12618.0,859700.0,96889.0
Sunday,Park,11,94114.0,11,31124.0,21837.0,17634.0,16281.0,1000001.0,114689.0
Sunday,Park,11,94117.0,29,39169.0,23211.0,19255.0,17939.0,911500.0,94479.0
Sunday,Park,11,94118.0,9,38319.0,19663.0,18633.0,17171.0,1000001.0,82857.0
Sunday,Park,11,94122.0,2,56023.0,23699.0,23633.0,22162.0,774500.0,81768.0
Sunday,Park,11,94130.0,3,2880.0,3196.0,786.0,656.0,,37500.0
Sunday,Park,11,94131.0,5,26881.0,12926.0,13427.0,12618.0,859700.0,96889.0
Sunday,Park,12,94114.0,5,31124.0,21837.0,17634.0,16281.0,1000001.0,114689.0
Sunday,Park,12,94117.0,36,39169.0,23211.0,19255.0,17939.0,911500.0,94479.0
Sunday,Park,12,94118.0,8,38319.0,19663.0,18633.0,17171.0,1000001.0,82857.0
Sunday,Park,12,94130.0,1,2880.0,3196.0,786.0,656.0,,37500.0
Sunday,Park,12,94131.0,9,26881.0,12926.0,13427.0,12618.0,859700.0,96889.0
Sunday,Park,13,94102.0,1,31176.0,46472.0,18758.0,16844.0,574100.0,22517.0
Sunday,Park,13,94114.0,2,31124.0,21837.0,17634.0,16281.0,1000001.0,114689.0
Sunday,Park,13,94117.0,48,39169.0,23211.0,19255.0,17939.0,911500.0,94479.0
Sunday,Park,13,94118.0,4,38319.0,19663.0,18633.0,17171.0,1000001.0,82857.0
Sunday,Park,13,94122.0,2,56023.0,23699.0,23633.0,22162.0,774500.0,81768.0
Sunday,Park,13,94131.0,3,26881.0,12926.0,13427.0,12618.0,859700.0,96889.0
Sunday,Park,14,94114.0,1,31124.0,21837.0,17634.0,16281.0,1000001.0,114689.0
Sunday,Park,14,94117.0,28,39169.0,23211.0,19255.0,17939.0,911500.0,94479.0
Sunday,Park,14,94118.0,3,38319.0,19663.0,18633.0,17171.0,1000001.0,82857.0
Sunday,Park,14,94131.0,3,26881.0,12926.0,13427.0,12618.0,859700.0,96889.0
Sunday,Park,15,94114.0,1,31124.0,21837.0,17634.0,16281.0,1000001.0,114689.0
Sunday,Park,15,94117.0,34,39169.0,23211.0,19255.0,17939.0,911500.0,94479.0
Sunday,Park,15,94118.0,6,38319.0,19663.0,18633.0,17171.0,1000001.0,82857.0
Sunday,Park,15,94122.0,1,56023.0,23699.0,23633.0,22162.0,774500.0,81768.0
Sunday,Park,15,94131.0,8,26881.0,12926.0,13427.0,12618.0,859700.0,96889.0
Sunday,Park,16,94114.0,1,31124.0,21837.0,17634.0,16281.0,1000001.0,114689.0
Sunday,Park,16,94115.0,1,33021.0,29596.0,18884.0,17289.0,965800.0,76952.0
Sunday,Park,16,94117.0,58,39169.0,23211.0,19255.0,17939.0,911500.0,94479.0
Sunday,Park,16,94118.0,6,38319.0,19663.0,18633.0,17171.0,1000001.0,82857.0
Sunday,Park,16,94122.0,1,56023.0,23699.0,23633.0,22162.0,774500.0,81768.0
Sunday,Park,16,94131.0,6,26881.0,12926.0,13427.0,12618.0,859700.0,96889.0
Sunday,Park,17,94114.0,2,31124.0,21837.0,17634.0,16281.0,1000001.0,114689.0
Sunday,Park,17,94115.0,1,33021.0,29596.0,18884.0,17289.0,965800.0,76952.0
Sunday,Park,17,94117.0,44,39169.0,23211.0,19255.0,17939.0,911500.0,94479.0
Sunday,Park,17,94118.0,11,38319.0,19663.0,18633.0,17171.0,1000001.0,82857.0
Sunday,Park,17,94122.0,3,56023.0,23699.0,23633.0,22162.0,774500.0,81768.0
Sunday,Park,17,94131.0,5,26881.0,12926.0,13427.0,12618.0,859700.0,96889.0
Sunday,Park,18,94114.0,12,31124.0,21837.0,17634.0,16281.0,1000001.0,114689.0
Sunday,Park,18,94117.0,22,39169.0,23211.0,19255.0,17939.0,911500.0,94479.0
Sunday,Park,18,94118.0,8,38319.0,19663.0,18633.0,17171.0,1000001.0,82857.0
Sunday,Park,18,94122.0,3,56023.0,23699.0,23633.0,22162.0,774500.0,81768.0
Sunday,Park,18,94131.0,5,26881.0,12926.0,13427.0,12618.0,859700.0,96889.0
Sunday,Park,19,94114.0,9,31124.0,21837.0,17634.0,16281.0,1000001.0,114689.0
Sunday,Park,19,94117.0,23,39169.0,23211.0,19255.0,17939.0,911500.0,94479.0
Sunday,Park,19,94118.0,3,38319.0,19663.0,18633.0,17171.0,1000001.0,82857.0
Sunday,Park,19,94122.0,3,56023.0,23699.0,23633.0,22162.0,774500.0,81768.0
Sunday,Park,19,94131.0,5,26881.0,12926.0,13427.0,12618.0,859700.0,96889.0
Sunday,Park,20,94102.0,1,31176.0,46472.0,18758.0,16844.0,574100.0,22517.0
Sunday,Park,20,94114.0,5,31124.0,21837.0,17634.0,16281.0,1000001.0,114689.0
Sunday,Park,20,94115.0,2,33021.0,29596.0,18884.0,17289.0,965800.0,76952.0
Sunday,Park,20,94117.0,22,39169.0,23211.0,19255.0,17939.0,911500.0,94479.0
Sunday,Park,20,94118.0,3,38319.0,19663.0,18633.0,17171.0,1000001.0,82857.0
Sunday,Park,20,94131.0,2,26881.0,12926.0,13427.0,12618.0,859700.0,96889.0
Sunday,Park,21,94114.0,5,31124.0,21837.0,17634.0,16281.0,1000001.0,114689.0
Sunday,Park,21,94115.0,1,33021.0,29596.0,18884.0,17289.0,965800.0,76952.0
Sunday,Park,21,94117.0,28,39169.0,23211.0,19255.0,17939.0,911500.0,94479.0
Sunday,Park,21,94118.0,2,38319.0,19663.0,18633.0,17171.0,1000001.0,82857.0
Sunday,Park,21,94122.0,1,56023.0,23699.0,23633.0,22162.0,774500.0,81768.0
Sunday,Park,21,94131.0,8,26881.0,12926.0,13427.0,12618.0,859700.0,96889.0
Sunday,Park,22,94114.0,6,31124.0,21837.0,17634.0,16281.0,1000001.0,114689.0
Sunday,Park,22,94117.0,18,39169.0,23211.0,19255.0,17939.0,911500.0,94479.0
Sunday,Park,22,94118.0,2,38319.0,19663.0,18633.0,17171.0,1000001.0,82857.0
Sunday,Park,22,94131.0,5,26881.0,12926.0,13427.0,12618.0,859700.0,96889.0
Sunday,Park,23,94114.0,4,31124.0,21837.0,17634.0,16281.0,1000001.0,114689.0
Sunday,Park,23,94117.0,13,39169.0,23211.0,19255.0,17939.0,911500.0,94479.0
Sunday,Park,23,94118.0,3,38319.0,19663.0,18633.0,17171.0,1000001.0,82857.0
Sunday,Park,23,94122.0,1,56023.0,23699.0,23633.0,22162.0,774500.0,81768.0
Sunday,Richmond,0,94115.0,9,33021.0,29596.0,18884.0,17289.0,965800.0,76952.0
Sunday,Richmond,0,94118.0,34,38319.0,19663.0,18633.0,17171.0,1000001.0,82857.0
Sunday,Richmond,0,94122.0,10,56023.0,23699.0,23633.0,22162.0,774500.0,81768.0
Sunday,Richmond,1,94115.0,3,33021.0,29596.0,18884.0,17289.0,965800.0,76952.0
Sunday,Richmond,1,94118.0,13,38319.0,19663.0,18633.0,17171.0,1000001.0,82857.0
Sunday,Richmond,1,94122.0,4,56023.0,23699.0,23633.0,22162.0,774500.0,81768.0
Sunday,Richmond,2,94110.0,1,69333.0,29816.0,28913.0,27128.0,768200.0,82111.0
Sunday,Richmond,2,94115.0,3,33021.0,29596.0,18884.0,17289.0,965800.0,76952.0
Sunday,Richmond,2,94118.0,12,38319.0,19663.0,18633.0,17171.0,1000001.0,82857.0
Sunday,Richmond,2,94122.0,3,56023.0,23699.0,23633.0,22162.0,774500.0,81768.0
Sunday,Richmond,3,94118.0,8,38319.0,19663.0,18633.0,17171.0,1000001.0,82857.0
Sunday,Richmond,3,94122.0,1,56023.0,23699.0,23633.0,22162.0,774500.0,81768.0
Sunday,Richmond,4,94110.0,1,69333.0,29816.0,28913.0,27128.0,768200.0,82111.0
Sunday,Richmond,4,94115.0,1,33021.0,29596.0,18884.0,17289.0,965800.0,76952.0
Sunday,Richmond,4,94118.0,2,38319.0,19663.0,18633.0,17171.0,1000001.0,82857.0
Sunday,Richmond,5,94115.0,7,33021.0,29596.0,18884.0,17289.0,965800.0,76952.0
Sunday,Richmond,5,94118.0,7,38319.0,19663.0,18633.0,17171.0,1000001.0,82857.0
Sunday,Richmond,5,94122.0,1,56023.0,23699.0,23633.0,22162.0,774500.0,81768.0
Sunday,Richmond,5,94124.0,1,33996.0,6901.0,10812.0,9717.0,470400.0,50146.0
Sunday,Richmond,6,94115.0,1,33021.0,29596.0,18884.0,17289.0,965800.0,76952.0
Sunday,Richmond,6,94118.0,1,38319.0,19663.0,18633.0,17171.0,1000001.0,82857.0
Sunday,Richmond,6,94122.0,3,56023.0,23699.0,23633.0,22162.0,774500.0,81768.0
Sunday,Richmond,7,94115.0,1,33021.0,29596.0,18884.0,17289.0,965800.0,76952.0
Sunday,Richmond,7,94118.0,7,38319.0,19663.0,18633.0,17171.0,1000001.0,82857.0
Sunday,Richmond,7,94122.0,8,56023.0,23699.0,23633.0,22162.0,774500.0,81768.0
Sunday,Richmond,8,94115.0,6,33021.0,29596.0,18884.0,17289.0,965800.0,76952.0
Sunday,Richmond,8,94118.0,18,38319.0,19663.0,18633.0,17171.0,1000001.0,82857.0
Sunday,Richmond,8,94122.0,7,56023.0,23699.0,23633.0,22162.0,774500.0,81768.0
Sunday,Richmond,9,94118.0,18,38319.0,19663.0,18633.0,17171.0,1000001.0,82857.0
Sunday,Richmond,9,94122.0,17,56023.0,23699.0,23633.0,22162.0,774500.0,81768.0
Sunday,Richmond,9,94129.0,2,3183.0,1381.0,1132.0,1086.0,,143320.0
Sunday,Richmond,10,94115.0,5,33021.0,29596.0,18884.0,17289.0,965800.0,76952.0
Sunday,Richmond,10,94118.0,28,38319.0,19663.0,18633.0,17171.0,1000001.0,82857.0
Sunday,Richmond,10,94122.0,15,56023.0,23699.0,23633.0,22162.0,774500.0,81768.0
Sunday,Richmond,10,94129.0,1,3183.0,1381.0,1132.0,1086.0,,143320.0
Sunday,Richmond,11,94115.0,3,33021.0,29596.0,18884.0,17289.0,965800.0,76952.0
Sunday,Richmond,11,94118.0,21,38319.0,19663.0,18633.0,17171.0,1000001.0,82857.0
Sunday,Richmond,11,94122.0,18,56023.0,23699.0,23633.0,22162.0,774500.0,81768.0
Sunday,Richmond,12,94115.0,4,33021.0,29596.0,18884.0,17289.0,965800.0,76952.0
Sunday,Richmond,12,94118.0,23,38319.0,19663.0,18633.0,17171.0,1000001.0,82857.0
Sunday,Richmond,12,94122.0,17,56023.0,23699.0,23633.0,22162.0,774500.0,81768.0
Sunday,Richmond,13,94115.0,8,33021.0,29596.0,18884.0,17289.0,965800.0,76952.0
Sunday,Richmond,13,94118.0,21,38319.0,19663.0,18633.0,17171.0,1000001.0,82857.0
Sunday,Richmond,13,94122.0,24,56023.0,23699.0,23633.0,22162.0,774500.0,81768.0
Sunday,Richmond,14,94115.0,7,33021.0,29596.0,18884.0,17289.0,965800.0,76952.0
Sunday,Richmond,14,94118.0,26,38319.0,19663.0,18633.0,17171.0,1000001.0,82857.0
Sunday,Richmond,14,94122.0,18,56023.0,23699.0,23633.0,22162.0,774500.0,81768.0
Sunday,Richmond,15,94115.0,7,33021.0,29596.0,18884.0,17289.0,965800.0,76952.0
Sunday,Richmond,15,94118.0,38,38319.0,19663.0,18633.0,17171.0,1000001.0,82857.0
Sunday,Richmond,15,94122.0,26,56023.0,23699.0,23633.0,22162.0,774500.0,81768.0
Sunday,Richmond,16,94111.0,1,3713.0,10791.0,2811.0,2365.0,882000.0,89722.0
Sunday,Richmond,16,94115.0,12,33021.0,29596.0,18884.0,17289.0,965800.0,76952.0
Sunday,Richmond,16,94118.0,37,38319.0,19663.0,18633.0,17171.0,1000001.0,82857.0
Sunday,Richmond,16,94122.0,31,56023.0,23699.0,23633.0,22162.0,774500.0,81768.0
Sunday,Richmond,17,94114.0,1,31124.0,21837.0,17634.0,16281.0,1000001.0,114689.0
Sunday,Richmond,17,94115.0,6,33021.0,29596.0,18884.0,17289.0,965800.0,76952.0
Sunday,Richmond,17,94118.0,32,38319.0,19663.0,18633.0,17171.0,1000001.0,82857.0
Sunday,Richmond,17,94122.0,28,56023.0,23699.0,23633.0,22162.0,774500.0,81768.0
Sunday,Richmond,18,94115.0,12,33021.0,29596.0,18884.0,17289.0,965800.0,76952.0
Sunday,Richmond,18,94118.0,39,38319.0,19663.0,18633.0,17171.0,1000001.0,82857.0
Sunday,Richmond,18,94122.0,20,56023.0,23699.0,23633.0,22162.0,774500.0,81768.0
Sunday,Richmond,18,94129.0,6,3183.0,1381.0,1132.0,1086.0,,143320.0
Sunday,Richmond,19,94115.0,5,33021.0,29596.0,18884.0,17289.0,965800.0,76952.0
Sunday,Richmond,19,94118.0,46,38319.0,19663.0,18633.0,17171.0,1000001.0,82857.0
Sunday,Richmond,19,94122.0,17,56023.0,23699.0,23633.0,22162.0,774500.0,81768.0
Sunday,Richmond,20,94115.0,13,33021.0,29596.0,18884.0,17289.0,965800.0,76952.0
Sunday,Richmond,20,94116.0,1,43698.0,16901.0,16283.0,15445.0,734400.0,83407.0
Sunday,Richmond,20,94118.0,35,38319.0,19663.0,18633.0,17171.0,1000001.0,82857.0
Sunday,Richmond,20,94122.0,10,56023.0,23699.0,23633.0,22162.0,774500.0,81768.0
Sunday,Richmond,21,94115.0,10,33021.0,29596.0,18884.0,17289.0,965800.0,76952.0
Sunday,Richmond,21,94118.0,23,38319.0,19663.0,18633.0,17171.0,1000001.0,82857.0
Sunday,Richmond,21,94122.0,14,56023.0,23699.0,23633.0,22162.0,774500.0,81768.0
Sunday,Richmond,22,94115.0,3,33021.0,29596.0,18884.0,17289.0,965800.0,76952.0
Sunday,Richmond,22,94118.0,29,38319.0,19663.0,18633.0,17171.0,1000001.0,82857.0
Sunday,Richmond,22,94122.0,13,56023.0,23699.0,23633.0,22162.0,774500.0,81768.0
Sunday,Richmond,23,94115.0,5,33021.0,29596.0,18884.0,17289.0,965800.0,76952.0
Sunday,Richmond,23,94118.0,14,38319.0,19663.0,18633.0,17171.0,1000001.0,82857.0
Sunday,Richmond,23,94122.0,8,56023.0,23699.0,23633.0,22162.0,774500.0,81768.0
Sunday,Southern,0,94102.0,7,31176.0,46472.0,18758.0,16844.0,574100.0,22517.0
Sunday,Southern,0,94103.0,119,27170.0,20036.0,14778.0,13098.0,628000.0,43364.0
Sunday,Southern,0,94104.0,7,406.0,5232.0,368.0,207.0,1000001.0,48750.0
Sunday,Southern,0,94105.0,33,5846.0,15826.0,4601.0,3586.0,740900.0,163949.0
Sunday,Southern,0,94107.0,1,26599.0,14845.0,15141.0,13736.0,719700.0,114439.0
Sunday,Southern,0,94108.0,1,13768.0,50983.0,8843.0,7628.0,856900.0,35427.0
Sunday,Southern,0,94117.0,1,39169.0,23211.0,19255.0,17939.0,911500.0,94479.0
Sunday,Southern,0,94130.0,1,2880.0,3196.0,786.0,656.0,,37500.0
Sunday,Southern,0,94158.0,25,4792.0,7288.0,2482.0,2271.0,643900.0,82195.0
Sunday,Southern,1,94102.0,5,31176.0,46472.0,18758.0,16844.0,574100.0,22517.0
Sunday,Southern,1,94103.0,92,27170.0,20036.0,14778.0,13098.0,628000.0,43364.0
Sunday,Southern,1,94105.0,31,5846.0,15826.0,4601.0,3586.0,740900.0,163949.0
Sunday,Southern,1,94130.0,2,2880.0,3196.0,786.0,656.0,,37500.0
Sunday,Southern,1,94158.0,4,4792.0,7288.0,2482.0,2271.0,643900.0,82195.0
Sunday,Southern,2,94102.0,6,31176.0,46472.0,18758.0,16844.0,574100.0,22517.0
Sunday,Southern,2,94103.0,77,27170.0,20036.0,14778.0,13098.0,628000.0,43364.0
Sunday,Southern,2,94104.0,2,406.0,5232.0,368.0,207.0,1000001.0,48750.0
Sunday,Southern,2,94105.0,27,5846.0,15826.0,4601.0,3586.0,740900.0,163949.0
Sunday,Southern,2,94158.0,11,4792.0,7288.0,2482.0,2271.0,643900.0,82195.0
Sunday,Southern,3,94102.0,7,31176.0,46472.0,18758.0,16844.0,574100.0,22517.0
Sunday,Southern,3,94103.0,34,27170.0,20036.0,14778.0,13098.0,628000.0,43364.0
Sunday,Southern,3,94104.0,2,406.0,5232.0,368.0,207.0,1000001.0,48750.0
Sunday,Southern,3,94105.0,26,5846.0,15826.0,4601.0,3586.0,740900.0,163949.0
Sunday,Southern,3,94158.0,5,4792.0,7288.0,2482.0,2271.0,643900.0,82195.0
Sunday,Southern,4,94102.0,3,31176.0,46472.0,18758.0,16844.0,574100.0,22517.0
Sunday,Southern,4,94103.0,27,27170.0,20036.0,14778.0,13098.0,628000.0,43364.0
Sunday,Southern,4,94105.0,9,5846.0,15826.0,4601.0,3586.0,740900.0,163949.0
Sunday,Southern,4,94158.0,2,4792.0,7288.0,2482.0,2271.0,643900.0,82195.0
Sunday,Southern,5,94102.0,4,31176.0,46472.0,18758.0,16844.0,574100.0,22517.0
Sunday,Southern,5,94103.0,13,27170.0,20036.0,14778.0,13098.0,628000.0,43364.0
Sunday,Southern,5,94105.0,18,5846.0,15826.0,4601.0,3586.0,740900.0,163949.0
Sunday,Southern,5,94130.0,1,2880.0,3196.0,786.0,656.0,,37500.0
Sunday,Southern,5,94158.0,5,4792.0,7288.0,2482.0,2271.0,643900.0,82195.0
Sunday,Southern,6,94103.0,24,27170.0,20036.0,14778.0,13098.0,628000.0,43364.0
Sunday,Southern,6,94104.0,2,406.0,5232.0,368.0,207.0,1000001.0,48750.0
Sunday,Southern,6,94105.0,9,5846.0,15826.0,4601.0,3586.0,740900.0,163949.0
Sunday,Southern,6,94130.0,2,2880.0,3196.0,786.0,656.0,,37500.0
Sunday,Southern,6,94158.0,19,4792.0,7288.0,2482.0,2271.0,643900.0,82195.0
Sunday,Southern,7,94102.0,2,31176.0,46472.0,18758.0,16844.0,574100.0,22517.0
Sunday,Southern,7,94103.0,32,27170.0,20036.0,14778.0,13098.0,628000.0,43364.0
Sunday,Southern,7,94104.0,2,406.0,5232.0,368.0,207.0,1000001.0,48750.0
Sunday,Southern,7,94105.0,7,5846.0,15826.0,4601.0,3586.0,740900.0,163949.0
Sunday,Southern,7,94130.0,1,2880.0,3196.0,786.0,656.0,,37500.0
Sunday,Southern,7,94158.0,8,4792.0,7288.0,2482.0,2271.0,643900.0,82195.0
Sunday,Southern,8,94102.0,6,31176.0,46472.0,18758.0,16844.0,574100.0,22517.0
Sunday,Southern,8,94103.0,26,27170.0,20036.0,14778.0,13098.0,628000.0,43364.0
Sunday,Southern,8,94104.0,2,406.0,5232.0,368.0,207.0,1000001.0,48750.0
Sunday,Southern,8,94105.0,9,5846.0,15826.0,4601.0,3586.0,740900.0,163949.0
Sunday,Southern,8,94107.0,1,26599.0,14845.0,15141.0,13736.0,719700.0,114439.0
Sunday,Southern,8,94130.0,5,2880.0,3196.0,786.0,656.0,,37500.0
Sunday,Southern,8,94158.0,4,4792.0,7288.0,2482.0,2271.0,643900.0,82195.0
Sunday,Southern,9,94102.0,8,31176.0,46472.0,18758.0,16844.0,574100.0,22517.0
Sunday,Southern,9,94103.0,48,27170.0,20036.0,14778.0,13098.0,628000.0,43364.0
Sunday,Southern,9,94104.0,4,406.0,5232.0,368.0,207.0,1000001.0,48750.0
Sunday,Southern,9,94105.0,20,5846.0,15826.0,4601.0,3586.0,740900.0,163949.0
Sunday,Southern,9,94107.0,2,26599.0,14845.0,15141.0,13736.0,719700.0,114439.0
Sunday,Southern,9,94130.0,4,2880.0,3196.0,786.0,656.0,,37500.0
Sunday,Southern,9,94158.0,14,4792.0,7288.0,2482.0,2271.0,643900.0,82195.0
Sunday,Southern,10,94102.0,8,31176.0,46472.0,18758.0,16844.0,574100.0,22517.0
Sunday,Southern,10,94103.0,53,27170.0,20036.0,14778.0,13098.0,628000.0,43364.0
Sunday,Southern,10,94104.0,1,406.0,5232.0,368.0,207.0,1000001.0,48750.0
Sunday,Southern,10,94105.0,11,5846.0,15826.0,4601.0,3586.0,740900.0,163949.0
Sunday,Southern,10,94110.0,1,69333.0,29816.0,28913.0,27128.0,768200.0,82111.0
Sunday,Southern,10,94130.0,2,2880.0,3196.0,786.0,656.0,,37500.0
Sunday,Southern,10,94158.0,17,4792.0,7288.0,2482.0,2271.0,643900.0,82195.0
Sunday,Southern,11,94102.0,6,31176.0,46472.0,18758.0,16844.0,574100.0,22517.0
Sunday,Southern,11,94103.0,73,27170.0,20036.0,14778.0,13098.0,628000.0,43364.0
Sunday,Southern,11,94104.0,1,406.0,5232.0,368.0,207.0,1000001.0,48750.0
Sunday,Southern,11,94105.0,35,5846.0,15826.0,4601.0,3586.0,740900.0,163949.0
Sunday,Southern,11,94107.0,2,26599.0,14845.0,15141.0,13736.0,719700.0,114439.0
Sunday,Southern,11,94130.0,4,2880.0,3196.0,786.0,656.0,,37500.0
Sunday,Southern,11,94158.0,16,4792.0,7288.0,2482.0,2271.0,643900.0,82195.0
Sunday,Southern,12,94102.0,15,31176.0,46472.0,18758.0,16844.0,574100.0,22517.0
Sunday,Southern,12,94103.0,56,27170.0,20036.0,14778.0,13098.0,628000.0,43364.0
Sunday,Southern,12,94104.0,5,406.0,5232.0,368.0,207.0,1000001.0,48750.0
Sunday,Southern,12,94105.0,34,5846.0,15826.0,4601.0,3586.0,740900.0,163949.0
Sunday,Southern,12,94130.0,2,2880.0,3196.0,786.0,656.0,,37500.0
Sunday,Southern,12,94134.0,1,40798.0,17001.0,11867.0,11244.0,547800.0,56716.0
Sunday,Southern,12,94158.0,16,4792.0,7288.0,2482.0,2271.0,643900.0,82195.0
Sunday,Southern,13,94102.0,9,31176.0,46472.0,18758.0,16844.0,574100.0,22517.0
Sunday,Southern,13,94103.0,53,27170.0,20036.0,14778.0,13098.0,628000.0,43364.0
Sunday,Southern,13,94104.0,4,406.0,5232.0,368.0,207.0,1000001.0,48750.0
Sunday,Southern,13,94105.0,25,5846.0,15826.0,4601.0,3586.0,740900.0,163949.0
Sunday,Southern,13,94108.0,1,13768.0,50983.0,8843.0,7628.0,856900.0,35427.0
Sunday,Southern,13,94130.0,3,2880.0,3196.0,786.0,656.0,,37500.0
Sunday,Southern,13,94158.0,11,4792.0,7288.0,2482.0,2271.0,643900.0,82195.0
Sunday,Southern,14,94102.0,14,31176.0,46472.0,18758.0,16844.0,574100.0,22517.0
Sunday,Southern,14,94103.0,54,27170.0,20036.0,14778.0,13098.0,628000.0,43364.0
Sunday,Southern,14,94104.0,6,406.0,5232.0,368.0,207.0,1000001.0,48750.0
Sunday,Southern,14,94105.0,33,5846.0,15826.0,4601.0,3586.0,740900.0,163949.0
Sunday,Southern,14,94117.0,1,39169.0,23211.0,19255.0,17939.0,911500.0,94479.0
Sunday,Southern,14,94130.0,5,2880.0,3196.0,786.0,656.0,,37500.0
Sunday,Southern,14,94158.0,13,4792.0,7288.0,2482.0,2271.0,643900.0,82195.0
Sunday,Southern,15,94102.0,17,31176.0,46472.0,18758.0,16844.0,574100.0,22517.0
Sunday,Southern,15,94103.0,44,27170.0,20036.0,14778.0,13098.0,628000.0,43364.0
Sunday,Southern,15,94104.0,3,406.0,5232.0,368.0,207.0,1000001.0,48750.0
Sunday,Southern,15,94105.0,29,5846.0,15826.0,4601.0,3586.0,740900.0,163949.0
Sunday,Southern,15,94107.0,1,26599.0,14845.0,15141.0,13736.0,719700.0,114439.0
Sunday,Southern,15,94115.0,1,33021.0,29596.0,18884.0,17289.0,965800.0,76952.0
Sunday,Southern,15,94130.0,2,2880.0,3196.0,786.0,656.0,,37500.0
Sunday,Southern,15,94158.0,15,4792.0,7288.0,2482.0,2271.0,643900.0,82195.0
Sunday,Southern,16,94102.0,15,31176.0,46472.0,18758.0,16844.0,574100.0,22517.0
Sunday,Southern,16,94103.0,86,27170.0,20036.0,14778.0,13098.0,628000.0,43364.0
Sunday,Southern,16,94104.0,6,406.0,5232.0,368.0,207.0,1000001.0,48750.0
Sunday,Southern,16,94105.0,27,5846.0,15826.0,4601.0,3586.0,740900.0,163949.0
Sunday,Southern,16,94107.0,1,26599.0,14845.0,15141.0,13736.0,719700.0,114439.0
Sunday,Southern,16,94130.0,1,2880.0,3196.0,786.0,656.0,,37500.0
Sunday,Southern,16,94158.0,18,4792.0,7288.0,2482.0,2271.0,643900.0,82195.0
Sunday,Southern,17,94102.0,13,31176.0,46472.0,18758.0,16844.0,574100.0,22517.0
Sunday,Southern,17,94103.0,70,27170.0,20036.0,14778.0,13098.0,628000.0,43364.0
Sunday,Southern,17,94104.0,11,406.0,5232.0,368.0,207.0,1000001.0,48750.0
Sunday,Southern,17,94105.0,20,5846.0,15826.0,4601.0,3586.0,740900.0,163949.0
Sunday,Southern,17,94107.0,1,26599.0,14845.0,15141.0,13736.0,719700.0,114439.0
Sunday,Southern,17,94127.0,1,19289.0,10895.0,7801.0,7511.0,916900.0,131351.0
Sunday,Southern,17,94130.0,1,2880.0,3196.0,786.0,656.0,,37500.0
Sunday,Southern,17,94158.0,23,4792.0,7288.0,2482.0,2271.0,643900.0,82195.0
Sunday,Southern,18,94102.0,5,31176.0,46472.0,18758.0,16844.0,574100.0,22517.0
Sunday,Southern,18,94103.0,73,27170.0,20036.0,14778.0,13098.0,628000.0,43364.0
Sunday,Southern,18,94104.0,3,406.0,5232.0,368.0,207.0,1000001.0,48750.0
Sunday,Southern,18,94105.0,25,5846.0,15826.0,4601.0,3586.0,740900.0,163949.0
Sunday,Southern,18,94107.0,2,26599.0,14845.0,15141.0,13736.0,719700.0,114439.0
Sunday,Southern,18,94130.0,1,2880.0,3196.0,786.0,656.0,,37500.0
Sunday,Southern,18,94158.0,12,4792.0,7288.0,2482.0,2271.0,643900.0,82195.0
Sunday,Southern,19,94102.0,11,31176.0,46472.0,18758.0,16844.0,574100.0,22517.0
Sunday,Southern,19,94103.0,41,27170.0,20036.0,14778.0,13098.0,628000.0,43364.0
Sunday,Southern,19,94104.0,2,406.0,5232.0,368.0,207.0,1000001.0,48750.0
Sunday,Southern,19,94105.0,41,5846.0,15826.0,4601.0,3586.0,740900.0,163949.0
Sunday,Southern,19,94107.0,2,26599.0,14845.0,15141.0,13736.0,719700.0,114439.0
Sunday,Southern,19,94109.0,1,55984.0,47129.0,37182.0,33342.0,723200.0,60722.0
Sunday,Southern,19,94114.0,1,31124.0,21837.0,17634.0,16281.0,1000001.0,114689.0
Sunday,Southern,19,94130.0,2,2880.0,3196.0,786.0,656.0,,37500.0
Sunday,Southern,19,94158.0,20,4792.0,7288.0,2482.0,2271.0,643900.0,82195.0
Sunday,Southern,20,94102.0,10,31176.0,46472.0,18758.0,16844.0,574100.0,22517.0
Sunday,Southern,20,94103.0,45,27170.0,20036.0,14778.0,13098.0,628000.0,43364.0
Sunday,Southern,20,94104.0,3,406.0,5232.0,368.0,207.0,1000001.0,48750.0
Sunday,Southern,20,94105.0,13,5846.0,15826.0,4601.0,3586.0,740900.0,163949.0
Sunday,Southern,20,94111.0,1,3713.0,10791.0,2811.0,2365.0,882000.0,89722.0
Sunday,Southern,20,94130.0,3,2880.0,3196.0,786.0,656.0,,37500.0
Sunday,Southern,20,94134.0,1,40798.0,17001.0,11867.0,11244.0,547800.0,56716.0
Sunday,Southern,20,94158.0,18,4792.0,7288.0,2482.0,2271.0,643900.0,82195.0
Sunday,Southern,21,94102.0,6,31176.0,46472.0,18758.0,16844.0,574100.0,22517.0
Sunday,Southern,21,94103.0,49,27170.0,20036.0,14778.0,13098.0,628000.0,43364.0
Sunday,Southern,21,94104.0,2,406.0,5232.0,368.0,207.0,1000001.0,48750.0
Sunday,Southern,21,94105.0,32,5846.0,15826.0,4601.0,3586.0,740900.0,163949.0
Sunday,Southern,21,94107.0,2,26599.0,14845.0,15141.0,13736.0,719700.0,114439.0
Sunday,Southern,21,94130.0,1,2880.0,3196.0,786.0,656.0,,37500.0
Sunday,Southern,21,94158.0,16,4792.0,7288.0,2482.0,2271.0,643900.0,82195.0
Sunday,Southern,22,94102.0,14,31176.0,46472.0,18758.0,16844.0,574100.0,22517.0
Sunday,Southern,22,94103.0,67,27170.0,20036.0,14778.0,13098.0,628000.0,43364.0
Sunday,Southern,22,94104.0,5,406.0,5232.0,368.0,207.0,1000001.0,48750.0
Sunday,Southern,22,94105.0,19,5846.0,15826.0,4601.0,3586.0,740900.0,163949.0
Sunday,Southern,22,94107.0,2,26599.0,14845.0,15141.0,13736.0,719700.0,114439.0
Sunday,Southern,22,94130.0,4,2880.0,3196.0,786.0,656.0,,37500.0
Sunday,Southern,22,94158.0,14,4792.0,7288.0,2482.0,2271.0,643900.0,82195.0
Sunday,Southern,23,94102.0,5,31176.0,46472.0,18758.0,16844.0,574100.0,22517.0
Sunday,Southern,23,94103.0,51,27170.0,20036.0,14778.0,13098.0,628000.0,43364.0
Sunday,Southern,23,94105.0,6,5846.0,15826.0,4601.0,3586.0,740900.0,163949.0
Sunday,Southern,23,94107.0,1,26599.0,14845.0,15141.0,13736.0,719700.0,114439.0
Sunday,Southern,23,94130.0,2,2880.0,3196.0,786.0,656.0,,37500.0
Sunday,Southern,23,94158.0,10,4792.0,7288.0,2482.0,2271.0,643900.0,82195.0
Sunday,Taraval,0,94112.0,1,79407.0,23606.0,23081.0,21975.0,602400.0,71625.0
Sunday,Taraval,0,94116.0,25,43698.0,16901.0,16283.0,15445.0,734400.0,83407.0
Sunday,Taraval,0,94122.0,16,56023.0,23699.0,23633.0,22162.0,774500.0,81768.0
Sunday,Taraval,0,94127.0,6,19289.0,10895.0,7801.0,7511.0,916900.0,131351.0
Sunday,Taraval,0,94132.0,17,28129.0,9045.0,10769.0,9993.0,733100.0,69223.0
Sunday,Taraval,1,94112.0,3,79407.0,23606.0,23081.0,21975.0,602400.0,71625.0
Sunday,Taraval,1,94116.0,9,43698.0,16901.0,16283.0,15445.0,734400.0,83407.0
Sunday,Taraval,1,94122.0,12,56023.0,23699.0,23633.0,22162.0,774500.0,81768.0
Sunday,Taraval,1,94127.0,1,19289.0,10895.0,7801.0,7511.0,916900.0,131351.0
Sunday,Taraval,1,94132.0,11,28129.0,9045.0,10769.0,9993.0,733100.0,69223.0
Sunday,Taraval,2,94112.0,1,79407.0,23606.0,23081.0,21975.0,602400.0,71625.0
Sunday,Taraval,2,94116.0,6,43698.0,16901.0,16283.0,15445.0,734400.0,83407.0
Sunday,Taraval,2,94122.0,17,56023.0,23699.0,23633.0,22162.0,774500.0,81768.0
Sunday,Taraval,2,94127.0,1,19289.0,10895.0,7801.0,7511.0,916900.0,131351.0
Sunday,Taraval,2,94132.0,10,28129.0,9045.0,10769.0,9993.0,733100.0,69223.0
Sunday,Taraval,3,94116.0,4,43698.0,16901.0,16283.0,15445.0,734400.0,83407.0
Sunday,Taraval,3,94122.0,8,56023.0,23699.0,23633.0,22162.0,774500.0,81768.0
Sunday,Taraval,3,94127.0,4,19289.0,10895.0,7801.0,7511.0,916900.0,131351.0
Sunday,Taraval,3,94132.0,3,28129.0,9045.0,10769.0,9993.0,733100.0,69223.0
Sunday,Taraval,4,94112.0,1,79407.0,23606.0,23081.0,21975.0,602400.0,71625.0
Sunday,Taraval,4,94116.0,3,43698.0,16901.0,16283.0,15445.0,734400.0,83407.0
Sunday,Taraval,4,94122.0,3,56023.0,23699.0,23633.0,22162.0,774500.0,81768.0
Sunday,Taraval,4,94127.0,3,19289.0,10895.0,7801.0,7511.0,916900.0,131351.0
Sunday,Taraval,4,94132.0,3,28129.0,9045.0,10769.0,9993.0,733100.0,69223.0
Sunday,Taraval,5,94116.0,1,43698.0,16901.0,16283.0,15445.0,734400.0,83407.0
Sunday,Taraval,5,94122.0,2,56023.0,23699.0,23633.0,22162.0,774500.0,81768.0
Sunday,Taraval,5,94127.0,1,19289.0,10895.0,7801.0,7511.0,916900.0,131351.0
Sunday,Taraval,5,94132.0,5,28129.0,9045.0,10769.0,9993.0,733100.0,69223.0
Sunday,Taraval,6,94116.0,4,43698.0,16901.0,16283.0,15445.0,734400.0,83407.0
Sunday,Taraval,6,94122.0,5,56023.0,23699.0,23633.0,22162.0,774500.0,81768.0
Sunday,Taraval,6,94127.0,1,19289.0,10895.0,7801.0,7511.0,916900.0,131351.0
Sunday,Taraval,6,94132.0,4,28129.0,9045.0,10769.0,9993.0,733100.0,69223.0
Sunday,Taraval,7,94112.0,1,79407.0,23606.0,23081.0,21975.0,602400.0,71625.0
Sunday,Taraval,7,94116.0,5,43698.0,16901.0,16283.0,15445.0,734400.0,83407.0
Sunday,Taraval,7,94122.0,10,56023.0,23699.0,23633.0,22162.0,774500.0,81768.0
Sunday,Taraval,7,94132.0,9,28129.0,9045.0,10769.0,9993.0,733100.0,69223.0
Sunday,Taraval,8,94112.0,2,79407.0,23606.0,23081.0,21975.0,602400.0,71625.0
Sunday,Taraval,8,94116.0,9,43698.0,16901.0,16283.0,15445.0,734400.0,83407.0
Sunday,Taraval,8,94122.0,9,56023.0,23699.0,23633.0,22162.0,774500.0,81768.0
Sunday,Taraval,8,94127.0,1,19289.0,10895.0,7801.0,7511.0,916900.0,131351.0
Sunday,Taraval,8,94132.0,8,28129.0,9045.0,10769.0,9993.0,733100.0,69223.0
Sunday,Taraval,9,94112.0,1,79407.0,23606.0,23081.0,21975.0,602400.0,71625.0
Sunday,Taraval,9,94116.0,7,43698.0,16901.0,16283.0,15445.0,734400.0,83407.0
Sunday,Taraval,9,94122.0,14,56023.0,23699.0,23633.0,22162.0,774500.0,81768.0
Sunday,Taraval,9,94127.0,10,19289.0,10895.0,7801.0,7511.0,916900.0,131351.0
Sunday,Taraval,9,94132.0,12,28129.0,9045.0,10769.0,9993.0,733100.0,69223.0
Sunday,Taraval,10,94112.0,4,79407.0,23606.0,23081.0,21975.0,602400.0,71625.0
Sunday,Taraval,10,94116.0,20,43698.0,16901.0,16283.0,15445.0,734400.0,83407.0
Sunday,Taraval,10,94122.0,23,56023.0,23699.0,23633.0,22162.0,774500.0,81768.0
Sunday,Taraval,10,94127.0,6,19289.0,10895.0,7801.0,7511.0,916900.0,131351.0
Sunday,Taraval,10,94132.0,11,28129.0,9045.0,10769.0,9993.0,733100.0,69223.0
Sunday,Taraval,11,94112.0,2,79407.0,23606.0,23081.0,21975.0,602400.0,71625.0
Sunday,Taraval,11,94116.0,16,43698.0,16901.0,16283.0,15445.0,734400.0,83407.0
Sunday,Taraval,11,94122.0,12,56023.0,23699.0,23633.0,22162.0,774500.0,81768.0
Sunday,Taraval,11,94127.0,6,19289.0,10895.0,7801.0,7511.0,916900.0,131351.0
Sunday,Taraval,11,94132.0,16,28129.0,9045.0,10769.0,9993.0,733100.0,69223.0
Sunday,Taraval,12,94112.0,3,79407.0,23606.0,23081.0,21975.0,602400.0,71625.0
Sunday,Taraval,12,94116.0,28,43698.0,16901.0,16283.0,15445.0,734400.0,83407.0
Sunday,Taraval,12,94122.0,23,56023.0,23699.0,23633.0,22162.0,774500.0,81768.0
Sunday,Taraval,12,94127.0,8,19289.0,10895.0,7801.0,7511.0,916900.0,131351.0
Sunday,Taraval,12,94132.0,14,28129.0,9045.0,10769.0,9993.0,733100.0,69223.0
Sunday,Taraval,13,94112.0,3,79407.0,23606.0,23081.0,21975.0,602400.0,71625.0
Sunday,Taraval,13,94116.0,14,43698.0,16901.0,16283.0,15445.0,734400.0,83407.0
Sunday,Taraval,13,94122.0,22,56023.0,23699.0,23633.0,22162.0,774500.0,81768.0
Sunday,Taraval,13,94127.0,7,19289.0,10895.0,7801.0,7511.0,916900.0,131351.0
Sunday,Taraval,13,94132.0,17,28129.0,9045.0,10769.0,9993.0,733100.0,69223.0
Sunday,Taraval,14,94112.0,3,79407.0,23606.0,23081.0,21975.0,602400.0,71625.0
Sunday,Taraval,14,94116.0,17,43698.0,16901.0,16283.0,15445.0,734400.0,83407.0
Sunday,Taraval,14,94122.0,21,56023.0,23699.0,23633.0,22162.0,774500.0,81768.0
Sunday,Taraval,14,94127.0,8,19289.0,10895.0,7801.0,7511.0,916900.0,131351.0
Sunday,Taraval,14,94132.0,21,28129.0,9045.0,10769.0,9993.0,733100.0,69223.0
Sunday,Taraval,15,94112.0,2,79407.0,23606.0,23081.0,21975.0,602400.0,71625.0
Sunday,Taraval,15,94116.0,26,43698.0,16901.0,16283.0,15445.0,734400.0,83407.0
Sunday,Taraval,15,94122.0,25,56023.0,23699.0,23633.0,22162.0,774500.0,81768.0
Sunday,Taraval,15,94127.0,4,19289.0,10895.0,7801.0,7511.0,916900.0,131351.0
Sunday,Taraval,15,94132.0,21,28129.0,9045.0,10769.0,9993.0,733100.0,69223.0
Sunday,Taraval,16,94112.0,1,79407.0,23606.0,23081.0,21975.0,602400.0,71625.0
Sunday,Taraval,16,94114.0,1,31124.0,21837.0,17634.0,16281.0,1000001.0,114689.0
Sunday,Taraval,16,94116.0,22,43698.0,16901.0,16283.0,15445.0,734400.0,83407.0
Sunday,Taraval,16,94122.0,18,56023.0,23699.0,23633.0,22162.0,774500.0,81768.0
Sunday,Taraval,16,94127.0,16,19289.0,10895.0,7801.0,7511.0,916900.0,131351.0
Sunday,Taraval,16,94132.0,12,28129.0,9045.0,10769.0,9993.0,733100.0,69223.0
Sunday,Taraval,17,94112.0,2,79407.0,23606.0,23081.0,21975.0,602400.0,71625.0
Sunday,Taraval,17,94116.0,29,43698.0,16901.0,16283.0,15445.0,734400.0,83407.0
Sunday,Taraval,17,94122.0,25,56023.0,23699.0,23633.0,22162.0,774500.0,81768.0
Sunday,Taraval,17,94127.0,6,19289.0,10895.0,7801.0,7511.0,916900.0,131351.0
Sunday,Taraval,17,94132.0,13,28129.0,9045.0,10769.0,9993.0,733100.0,69223.0
Sunday,Taraval,18,94116.0,18,43698.0,16901.0,16283.0,15445.0,734400.0,83407.0
Sunday,Taraval,18,94122.0,17,56023.0,23699.0,23633.0,22162.0,774500.0,81768.0
Sunday,Taraval,18,94127.0,11,19289.0,10895.0,7801.0,7511.0,916900.0,131351.0
Sunday,Taraval,18,94132.0,20,28129.0,9045.0,10769.0,9993.0,733100.0,69223.0
Sunday,Taraval,19,94104.0,1,406.0,5232.0,368.0,207.0,1000001.0,48750.0
Sunday,Taraval,19,94112.0,8,79407.0,23606.0,23081.0,21975.0,602400.0,71625.0
Sunday,Taraval,19,94116.0,17,43698.0,16901.0,16283.0,15445.0,734400.0,83407.0
Sunday,Taraval,19,94122.0,15,56023.0,23699.0,23633.0,22162.0,774500.0,81768.0
Sunday,Taraval,19,94127.0,10,19289.0,10895.0,7801.0,7511.0,916900.0,131351.0
Sunday,Taraval,19,94132.0,8,28129.0,9045.0,10769.0,9993.0,733100.0,69223.0
Sunday,Taraval,20,94103.0,3,27170.0,20036.0,14778.0,13098.0,628000.0,43364.0
Sunday,Taraval,20,94112.0,5,79407.0,23606.0,23081.0,21975.0,602400.0,71625.0
Sunday,Taraval,20,94116.0,19,43698.0,16901.0,16283.0,15445.0,734400.0,83407.0
Sunday,Taraval,20,94122.0,32,56023.0,23699.0,23633.0,22162.0,774500.0,81768.0
Sunday,Taraval,20,94127.0,12,19289.0,10895.0,7801.0,7511.0,916900.0,131351.0
Sunday,Taraval,20,94132.0,4,28129.0,9045.0,10769.0,9993.0,733100.0,69223.0
Sunday,Taraval,21,94112.0,1,79407.0,23606.0,23081.0,21975.0,602400.0,71625.0
Sunday,Taraval,21,94116.0,27,43698.0,16901.0,16283.0,15445.0,734400.0,83407.0
Sunday,Taraval,21,94122.0,27,56023.0,23699.0,23633.0,22162.0,774500.0,81768.0
Sunday,Taraval,21,94127.0,13,19289.0,10895.0,7801.0,7511.0,916900.0,131351.0
Sunday,Taraval,21,94132.0,14,28129.0,9045.0,10769.0,9993.0,733100.0,69223.0
Sunday,Taraval,22,94112.0,6,79407.0,23606.0,23081.0,21975.0,602400.0,71625.0
Sunday,Taraval,22,94116.0,23,43698.0,16901.0,16283.0,15445.0,734400.0,83407.0
Sunday,Taraval,22,94122.0,22,56023.0,23699.0,23633.0,22162.0,774500.0,81768.0
Sunday,Taraval,22,94127.0,10,19289.0,10895.0,7801.0,7511.0,916900.0,131351.0
Sunday,Taraval,22,94132.0,6,28129.0,9045.0,10769.0,9993.0,733100.0,69223.0
Sunday,Taraval,22,94134.0,1,40798.0,17001.0,11867.0,11244.0,547800.0,56716.0
Sunday,Taraval,23,94112.0,3,79407.0,23606.0,23081.0,21975.0,602400.0,71625.0
Sunday,Taraval,23,94116.0,12,43698.0,16901.0,16283.0,15445.0,734400.0,83407.0
Sunday,Taraval,23,94122.0,2,56023.0,23699.0,23633.0,22162.0,774500.0,81768.0
Sunday,Taraval,23,94127.0,8,19289.0,10895.0,7801.0,7511.0,916900.0,131351.0
Sunday,Taraval,23,94132.0,10,28129.0,9045.0,10769.0,9993.0,733100.0,69223.0
Sunday,Tenderloin,0,94102.0,22,31176.0,46472.0,18758.0,16844.0,574100.0,22517.0
Sunday,Tenderloin,0,94103.0,48,27170.0,20036.0,14778.0,13098.0,628000.0,43364.0
Sunday,Tenderloin,0,94104.0,1,406.0,5232.0,368.0,207.0,1000001.0,48750.0
Sunday,Tenderloin,0,94108.0,5,13768.0,50983.0,8843.0,7628.0,856900.0,35427.0
Sunday,Tenderloin,0,94109.0,2,55984.0,47129.0,37182.0,33342.0,723200.0,60722.0
Sunday,Tenderloin,0,94117.0,1,39169.0,23211.0,19255.0,17939.0,911500.0,94479.0
Sunday,Tenderloin,1,94102.0,12,31176.0,46472.0,18758.0,16844.0,574100.0,22517.0
Sunday,Tenderloin,1,94103.0,23,27170.0,20036.0,14778.0,13098.0,628000.0,43364.0
Sunday,Tenderloin,1,94108.0,4,13768.0,50983.0,8843.0,7628.0,856900.0,35427.0
Sunday,Tenderloin,1,94109.0,8,55984.0,47129.0,37182.0,33342.0,723200.0,60722.0
Sunday,Tenderloin,2,94102.0,8,31176.0,46472.0,18758.0,16844.0,574100.0,22517.0
Sunday,Tenderloin,2,94103.0,20,27170.0,20036.0,14778.0,13098.0,628000.0,43364.0
Sunday,Tenderloin,2,94104.0,1,406.0,5232.0,368.0,207.0,1000001.0,48750.0
Sunday,Tenderloin,2,94108.0,4,13768.0,50983.0,8843.0,7628.0,856900.0,35427.0
Sunday,Tenderloin,2,94109.0,4,55984.0,47129.0,37182.0,33342.0,723200.0,60722.0
Sunday,Tenderloin,3,94102.0,4,31176.0,46472.0,18758.0,16844.0,574100.0,22517.0
Sunday,Tenderloin,3,94103.0,15,27170.0,20036.0,14778.0,13098.0,628000.0,43364.0
Sunday,Tenderloin,3,94104.0,1,406.0,5232.0,368.0,207.0,1000001.0,48750.0
Sunday,Tenderloin,3,94108.0,2,13768.0,50983.0,8843.0,7628.0,856900.0,35427.0
Sunday,Tenderloin,3,94109.0,2,55984.0,47129.0,37182.0,33342.0,723200.0,60722.0
Sunday,Tenderloin,4,94102.0,6,31176.0,46472.0,18758.0,16844.0,574100.0,22517.0
Sunday,Tenderloin,4,94103.0,10,27170.0,20036.0,14778.0,13098.0,628000.0,43364.0
Sunday,Tenderloin,4,94108.0,2,13768.0,50983.0,8843.0,7628.0,856900.0,35427.0
Sunday,Tenderloin,5,94102.0,6,31176.0,46472.0,18758.0,16844.0,574100.0,22517.0
Sunday,Tenderloin,5,94103.0,12,27170.0,20036.0,14778.0,13098.0,628000.0,43364.0
Sunday,Tenderloin,5,94108.0,2,13768.0,50983.0,8843.0,7628.0,856900.0,35427.0
Sunday,Tenderloin,5,94109.0,1,55984.0,47129.0,37182.0,33342.0,723200.0,60722.0
Sunday,Tenderloin,6,94102.0,17,31176.0,46472.0,18758.0,16844.0,574100.0,22517.0
Sunday,Tenderloin,6,94103.0,21,27170.0,20036.0,14778.0,13098.0,628000.0,43364.0
Sunday,Tenderloin,6,94117.0,1,39169.0,23211.0,19255.0,17939.0,911500.0,94479.0
Sunday,Tenderloin,7,94102.0,12,31176.0,46472.0,18758.0,16844.0,574100.0,22517.0
Sunday,Tenderloin,7,94103.0,31,27170.0,20036.0,14778.0,13098.0,628000.0,43364.0
Sunday,Tenderloin,7,94104.0,1,406.0,5232.0,368.0,207.0,1000001.0,48750.0
Sunday,Tenderloin,7,94109.0,5,55984.0,47129.0,37182.0,33342.0,723200.0,60722.0
Sunday,Tenderloin,8,94102.0,11,31176.0,46472.0,18758.0,16844.0,574100.0,22517.0
Sunday,Tenderloin,8,94103.0,33,27170.0,20036.0,14778.0,13098.0,628000.0,43364.0
Sunday,Tenderloin,8,94104.0,2,406.0,5232.0,368.0,207.0,1000001.0,48750.0
Sunday,Tenderloin,8,94108.0,6,13768.0,50983.0,8843.0,7628.0,856900.0,35427.0
Sunday,Tenderloin,8,94109.0,8,55984.0,47129.0,37182.0,33342.0,723200.0,60722.0
Sunday,Tenderloin,9,94102.0,16,31176.0,46472.0,18758.0,16844.0,574100.0,22517.0
Sunday,Tenderloin,9,94103.0,58,27170.0,20036.0,14778.0,13098.0,628000.0,43364.0
Sunday,Tenderloin,9,94108.0,7,13768.0,50983.0,8843.0,7628.0,856900.0,35427.0
Sunday,Tenderloin,9,94109.0,3,55984.0,47129.0,37182.0,33342.0,723200.0,60722.0
Sunday,Tenderloin,10,94102.0,28,31176.0,46472.0,18758.0,16844.0,574100.0,22517.0
Sunday,Tenderloin,10,94103.0,61,27170.0,20036.0,14778.0,13098.0,628000.0,43364.0
Sunday,Tenderloin,10,94108.0,12,13768.0,50983.0,8843.0,7628.0,856900.0,35427.0
Sunday,Tenderloin,10,94109.0,6,55984.0,47129.0,37182.0,33342.0,723200.0,60722.0
Sunday,Tenderloin,11,94102.0,39,31176.0,46472.0,18758.0,16844.0,574100.0,22517.0
Sunday,Tenderloin,11,94103.0,63,27170.0,20036.0,14778.0,13098.0,628000.0,43364.0
Sunday,Tenderloin,11,94104.0,2,406.0,5232.0,368.0,207.0,1000001.0,48750.0
Sunday,Tenderloin,11,94108.0,8,13768.0,50983.0,8843.0,7628.0,856900.0,35427.0
Sunday,Tenderloin,11,94109.0,1,55984.0,47129.0,37182.0,33342.0,723200.0,60722.0
Sunday,Tenderloin,11,94111.0,1,3713.0,10791.0,2811.0,2365.0,882000.0,89722.0
Sunday,Tenderloin,11,94115.0,1,33021.0,29596.0,18884.0,17289.0,965800.0,76952.0
Sunday,Tenderloin,12,94102.0,22,31176.0,46472.0,18758.0,16844.0,574100.0,22517.0
Sunday,Tenderloin,12,94103.0,75,27170.0,20036.0,14778.0,13098.0,628000.0,43364.0
Sunday,Tenderloin,12,94104.0,3,406.0,5232.0,368.0,207.0,1000001.0,48750.0
Sunday,Tenderloin,12,94108.0,4,13768.0,50983.0,8843.0,7628.0,856900.0,35427.0
Sunday,Tenderloin,12,94109.0,4,55984.0,47129.0,37182.0,33342.0,723200.0,60722.0
Sunday,Tenderloin,12,94127.0,1,19289.0,10895.0,7801.0,7511.0,916900.0,131351.0
Sunday,Tenderloin,13,94102.0,29,31176.0,46472.0,18758.0,16844.0,574100.0,22517.0
Sunday,Tenderloin,13,94103.0,74,27170.0,20036.0,14778.0,13098.0,628000.0,43364.0
Sunday,Tenderloin,13,94104.0,2,406.0,5232.0,368.0,207.0,1000001.0,48750.0
Sunday,Tenderloin,13,94108.0,15,13768.0,50983.0,8843.0,7628.0,856900.0,35427.0
Sunday,Tenderloin,13,94109.0,4,55984.0,47129.0,37182.0,33342.0,723200.0,60722.0
Sunday,Tenderloin,14,94102.0,38,31176.0,46472.0,18758.0,16844.0,574100.0,22517.0
Sunday,Tenderloin,14,94103.0,74,27170.0,20036.0,14778.0,13098.0,628000.0,43364.0
Sunday,Tenderloin,14,94104.0,1,406.0,5232.0,368.0,207.0,1000001.0,48750.0
Sunday,Tenderloin,14,94108.0,5,13768.0,50983.0,8843.0,7628.0,856900.0,35427.0
Sunday,Tenderloin,14,94109.0,3,55984.0,47129.0,37182.0,33342.0,723200.0,60722.0
Sunday,Tenderloin,15,94102.0,35,31176.0,46472.0,18758.0,16844.0,574100.0,22517.0
Sunday,Tenderloin,15,94103.0,63,27170.0,20036.0,14778.0,13098.0,628000.0,43364.0
Sunday,Tenderloin,15,94104.0,2,406.0,5232.0,368.0,207.0,1000001.0,48750.0
Sunday,Tenderloin,15,94108.0,9,13768.0,50983.0,8843.0,7628.0,856900.0,35427.0
Sunday,Tenderloin,15,94109.0,5,55984.0,47129.0,37182.0,33342.0,723200.0,60722.0
Sunday,Tenderloin,16,94102.0,29,31176.0,46472.0,18758.0,16844.0,574100.0,22517.0
Sunday,Tenderloin,16,94103.0,70,27170.0,20036.0,14778.0,13098.0,628000.0,43364.0
Sunday,Tenderloin,16,94104.0,8,406.0,5232.0,368.0,207.0,1000001.0,48750.0
Sunday,Tenderloin,16,94108.0,7,13768.0,50983.0,8843.0,7628.0,856900.0,35427.0
Sunday,Tenderloin,16,94109.0,3,55984.0,47129.0,37182.0,33342.0,723200.0,60722.0
Sunday,Tenderloin,16,94112.0,1,79407.0,23606.0,23081.0,21975.0,602400.0,71625.0
Sunday,Tenderloin,17,94102.0,23,31176.0,46472.0,18758.0,16844.0,574100.0,22517.0
Sunday,Tenderloin,17,94103.0,72,27170.0,20036.0,14778.0,13098.0,628000.0,43364.0
Sunday,Tenderloin,17,94104.0,2,406.0,5232.0,368.0,207.0,1000001.0,48750.0
Sunday,Tenderloin,17,94108.0,2,13768.0,50983.0,8843.0,7628.0,856900.0,35427.0
Sunday,Tenderloin,17,94109.0,3,55984.0,47129.0,37182.0,33342.0,723200.0,60722.0
Sunday,Tenderloin,18,94102.0,26,31176.0,46472.0,18758.0,16844.0,574100.0,22517.0
Sunday,Tenderloin,18,94103.0,71,27170.0,20036.0,14778.0,13098.0,628000.0,43364.0
Sunday,Tenderloin,18,94108.0,11,13768.0,50983.0,8843.0,7628.0,856900.0,35427.0
Sunday,Tenderloin,18,94109.0,5,55984.0,47129.0,37182.0,33342.0,723200.0,60722.0
Sunday,Tenderloin,19,94102.0,21,31176.0,46472.0,18758.0,16844.0,574100.0,22517.0
Sunday,Tenderloin,19,94103.0,44,27170.0,20036.0,14778.0,13098.0,628000.0,43364.0
Sunday,Tenderloin,19,94104.0,4,406.0,5232.0,368.0,207.0,1000001.0,48750.0
Sunday,Tenderloin,19,94105.0,2,5846.0,15826.0,4601.0,3586.0,740900.0,163949.0
Sunday,Tenderloin,19,94108.0,6,13768.0,50983.0,8843.0,7628.0,856900.0,35427.0
Sunday,Tenderloin,19,94109.0,4,55984.0,47129.0,37182.0,33342.0,723200.0,60722.0
Sunday,Tenderloin,20,94102.0,18,31176.0,46472.0,18758.0,16844.0,574100.0,22517.0
Sunday,Tenderloin,20,94103.0,35,27170.0,20036.0,14778.0,13098.0,628000.0,43364.0
Sunday,Tenderloin,20,94104.0,2,406.0,5232.0,368.0,207.0,1000001.0,48750.0
Sunday,Tenderloin,20,94108.0,5,13768.0,50983.0,8843.0,7628.0,856900.0,35427.0
Sunday,Tenderloin,20,94109.0,8,55984.0,47129.0,37182.0,33342.0,723200.0,60722.0
Sunday,Tenderloin,20,94132.0,1,28129.0,9045.0,10769.0,9993.0,733100.0,69223.0
Sunday,Tenderloin,21,94102.0,22,31176.0,46472.0,18758.0,16844.0,574100.0,22517.0
Sunday,Tenderloin,21,94103.0,39,27170.0,20036.0,14778.0,13098.0,628000.0,43364.0
Sunday,Tenderloin,21,94104.0,1,406.0,5232.0,368.0,207.0,1000001.0,48750.0
Sunday,Tenderloin,21,94108.0,1,13768.0,50983.0,8843.0,7628.0,856900.0,35427.0
Sunday,Tenderloin,21,94109.0,5,55984.0,47129.0,37182.0,33342.0,723200.0,60722.0
Sunday,Tenderloin,22,94102.0,20,31176.0,46472.0,18758.0,16844.0,574100.0,22517.0
Sunday,Tenderloin,22,94103.0,26,27170.0,20036.0,14778.0,13098.0,628000.0,43364.0
Sunday,Tenderloin,22,94104.0,4,406.0,5232.0,368.0,207.0,1000001.0,48750.0
Sunday,Tenderloin,22,94105.0,1,5846.0,15826.0,4601.0,3586.0,740900.0,163949.0
Sunday,Tenderloin,22,94108.0,7,13768.0,50983.0,8843.0,7628.0,856900.0,35427.0
Sunday,Tenderloin,22,94109.0,4,55984.0,47129.0,37182.0,33342.0,723200.0,60722.0
Sunday,Tenderloin,23,94102.0,15,31176.0,46472.0,18758.0,16844.0,574100.0,22517.0
Sunday,Tenderloin,23,94103.0,29,27170.0,20036.0,14778.0,13098.0,628000.0,43364.0
Sunday,Tenderloin,23,94108.0,3,13768.0,50983.0,8843.0,7628.0,856900.0,35427.0
Thursday,Bayview,0,94107.0,5,26599.0,14845.0,15141.0,13736.0,719700.0,114439.0
Thursday,Bayview,0,94110.0,5,69333.0,29816.0,28913.0,27128.0,768200.0,82111.0
Thursday,Bayview,0,94124.0,40,33996.0,6901.0,10812.0,9717.0,470400.0,50146.0
Thursday,Bayview,0,94134.0,27,40798.0,17001.0,11867.0,11244.0,547800.0,56716.0
Thursday,Bayview,0,94158.0,13,4792.0,7288.0,2482.0,2271.0,643900.0,82195.0
Thursday,Bayview,1,94107.0,1,26599.0,14845.0,15141.0,13736.0,719700.0,114439.0
Thursday,Bayview,1,94110.0,2,69333.0,29816.0,28913.0,27128.0,768200.0,82111.0
Thursday,Bayview,1,94124.0,13,33996.0,6901.0,10812.0,9717.0,470400.0,50146.0
Thursday,Bayview,1,94134.0,6,40798.0,17001.0,11867.0,11244.0,547800.0,56716.0
Thursday,Bayview,1,94158.0,7,4792.0,7288.0,2482.0,2271.0,643900.0,82195.0
Thursday,Bayview,2,94107.0,2,26599.0,14845.0,15141.0,13736.0,719700.0,114439.0
Thursday,Bayview,2,94110.0,10,69333.0,29816.0,28913.0,27128.0,768200.0,82111.0
Thursday,Bayview,2,94124.0,18,33996.0,6901.0,10812.0,9717.0,470400.0,50146.0
Thursday,Bayview,2,94134.0,4,40798.0,17001.0,11867.0,11244.0,547800.0,56716.0
Thursday,Bayview,2,94158.0,3,4792.0,7288.0,2482.0,2271.0,643900.0,82195.0
Thursday,Bayview,3,94107.0,2,26599.0,14845.0,15141.0,13736.0,719700.0,114439.0
Thursday,Bayview,3,94110.0,6,69333.0,29816.0,28913.0,27128.0,768200.0,82111.0
Thursday,Bayview,3,94124.0,17,33996.0,6901.0,10812.0,9717.0,470400.0,50146.0
Thursday,Bayview,3,94134.0,15,40798.0,17001.0,11867.0,11244.0,547800.0,56716.0
Thursday,Bayview,3,94158.0,2,4792.0,7288.0,2482.0,2271.0,643900.0,82195.0
Thursday,Bayview,4,94107.0,3,26599.0,14845.0,15141.0,13736.0,719700.0,114439.0
Thursday,Bayview,4,94110.0,2,69333.0,29816.0,28913.0,27128.0,768200.0,82111.0
Thursday,Bayview,4,94124.0,5,33996.0,6901.0,10812.0,9717.0,470400.0,50146.0
Thursday,Bayview,4,94134.0,6,40798.0,17001.0,11867.0,11244.0,547800.0,56716.0
Thursday,Bayview,4,94158.0,3,4792.0,7288.0,2482.0,2271.0,643900.0,82195.0
Thursday,Bayview,5,94107.0,1,26599.0,14845.0,15141.0,13736.0,719700.0,114439.0
Thursday,Bayview,5,94110.0,2,69333.0,29816.0,28913.0,27128.0,768200.0,82111.0
Thursday,Bayview,5,94124.0,28,33996.0,6901.0,10812.0,9717.0,470400.0,50146.0
Thursday,Bayview,5,94134.0,5,40798.0,17001.0,11867.0,11244.0,547800.0,56716.0
Thursday,Bayview,5,94158.0,6,4792.0,7288.0,2482.0,2271.0,643900.0,82195.0
Thursday,Bayview,6,94107.0,1,26599.0,14845.0,15141.0,13736.0,719700.0,114439.0
Thursday,Bayview,6,94110.0,5,69333.0,29816.0,28913.0,27128.0,768200.0,82111.0
Thursday,Bayview,6,94124.0,13,33996.0,6901.0,10812.0,9717.0,470400.0,50146.0
Thursday,Bayview,6,94134.0,4,40798.0,17001.0,11867.0,11244.0,547800.0,56716.0
Thursday,Bayview,6,94158.0,3,4792.0,7288.0,2482.0,2271.0,643900.0,82195.0
Thursday,Bayview,7,94103.0,1,27170.0,20036.0,14778.0,13098.0,628000.0,43364.0
Thursday,Bayview,7,94107.0,3,26599.0,14845.0,15141.0,13736.0,719700.0,114439.0
Thursday,Bayview,7,94110.0,2,69333.0,29816.0,28913.0,27128.0,768200.0,82111.0
Thursday,Bayview,7,94124.0,27,33996.0,6901.0,10812.0,9717.0,470400.0,50146.0
Thursday,Bayview,7,94134.0,11,40798.0,17001.0,11867.0,11244.0,547800.0,56716.0
Thursday,Bayview,7,94158.0,5,4792.0,7288.0,2482.0,2271.0,643900.0,82195.0
Thursday,Bayview,8,94103.0,2,27170.0,20036.0,14778.0,13098.0,628000.0,43364.0
Thursday,Bayview,8,94107.0,7,26599.0,14845.0,15141.0,13736.0,719700.0,114439.0
Thursday,Bayview,8,94110.0,7,69333.0,29816.0,28913.0,27128.0,768200.0,82111.0
Thursday,Bayview,8,94124.0,42,33996.0,6901.0,10812.0,9717.0,470400.0,50146.0
Thursday,Bayview,8,94134.0,19,40798.0,17001.0,11867.0,11244.0,547800.0,56716.0
Thursday,Bayview,8,94158.0,5,4792.0,7288.0,2482.0,2271.0,643900.0,82195.0
Thursday,Bayview,9,94107.0,4,26599.0,14845.0,15141.0,13736.0,719700.0,114439.0
Thursday,Bayview,9,94110.0,14,69333.0,29816.0,28913.0,27128.0,768200.0,82111.0
Thursday,Bayview,9,94124.0,36,33996.0,6901.0,10812.0,9717.0,470400.0,50146.0
Thursday,Bayview,9,94134.0,24,40798.0,17001.0,11867.0,11244.0,547800.0,56716.0
Thursday,Bayview,9,94158.0,16,4792.0,7288.0,2482.0,2271.0,643900.0,82195.0
Thursday,Bayview,10,94103.0,1,27170.0,20036.0,14778.0,13098.0,628000.0,43364.0
Thursday,Bayview,10,94107.0,2,26599.0,14845.0,15141.0,13736.0,719700.0,114439.0
Thursday,Bayview,10,94110.0,17,69333.0,29816.0,28913.0,27128.0,768200.0,82111.0
Thursday,Bayview,10,94124.0,32,33996.0,6901.0,10812.0,9717.0,470400.0,50146.0
Thursday,Bayview,10,94134.0,16,40798.0,17001.0,11867.0,11244.0,547800.0,56716.0
Thursday,Bayview,10,94158.0,8,4792.0,7288.0,2482.0,2271.0,643900.0,82195.0
Thursday,Bayview,11,94103.0,2,27170.0,20036.0,14778.0,13098.0,628000.0,43364.0
Thursday,Bayview,11,94107.0,3,26599.0,14845.0,15141.0,13736.0,719700.0,114439.0
Thursday,Bayview,11,94110.0,6,69333.0,29816.0,28913.0,27128.0,768200.0,82111.0
Thursday,Bayview,11,94124.0,32,33996.0,6901.0,10812.0,9717.0,470400.0,50146.0
Thursday,Bayview,11,94134.0,20,40798.0,17001.0,11867.0,11244.0,547800.0,56716.0
Thursday,Bayview,11,94158.0,10,4792.0,7288.0,2482.0,2271.0,643900.0,82195.0
Thursday,Bayview,12,94103.0,1,27170.0,20036.0,14778.0,13098.0,628000.0,43364.0
Thursday,Bayview,12,94107.0,10,26599.0,14845.0,15141.0,13736.0,719700.0,114439.0
Thursday,Bayview,12,94110.0,16,69333.0,29816.0,28913.0,27128.0,768200.0,82111.0
Thursday,Bayview,12,94124.0,54,33996.0,6901.0,10812.0,9717.0,470400.0,50146.0
Thursday,Bayview,12,94134.0,23,40798.0,17001.0,11867.0,11244.0,547800.0,56716.0
Thursday,Bayview,12,94158.0,9,4792.0,7288.0,2482.0,2271.0,643900.0,82195.0
Thursday,Bayview,13,94107.0,9,26599.0,14845.0,15141.0,13736.0,719700.0,114439.0
Thursday,Bayview,13,94110.0,9,69333.0,29816.0,28913.0,27128.0,768200.0,82111.0
Thursday,Bayview,13,94124.0,35,33996.0,6901.0,10812.0,9717.0,470400.0,50146.0
Thursday,Bayview,13,94134.0,29,40798.0,17001.0,11867.0,11244.0,547800.0,56716.0
Thursday,Bayview,13,94158.0,7,4792.0,7288.0,2482.0,2271.0,643900.0,82195.0
Thursday,Bayview,14,94107.0,5,26599.0,14845.0,15141.0,13736.0,719700.0,114439.0
Thursday,Bayview,14,94110.0,15,69333.0,29816.0,28913.0,27128.0,768200.0,82111.0
Thursday,Bayview,14,94124.0,30,33996.0,6901.0,10812.0,9717.0,470400.0,50146.0
Thursday,Bayview,14,94134.0,30,40798.0,17001.0,11867.0,11244.0,547800.0,56716.0
Thursday,Bayview,14,94158.0,7,4792.0,7288.0,2482.0,2271.0,643900.0,82195.0
Thursday,Bayview,15,94103.0,1,27170.0,20036.0,14778.0,13098.0,628000.0,43364.0
Thursday,Bayview,15,94107.0,6,26599.0,14845.0,15141.0,13736.0,719700.0,114439.0
Thursday,Bayview,15,94110.0,14,69333.0,29816.0,28913.0,27128.0,768200.0,82111.0
Thursday,Bayview,15,94124.0,27,33996.0,6901.0,10812.0,9717.0,470400.0,50146.0
Thursday,Bayview,15,94134.0,20,40798.0,17001.0,11867.0,11244.0,547800.0,56716.0
Thursday,Bayview,15,94158.0,5,4792.0,7288.0,2482.0,2271.0,643900.0,82195.0
Thursday,Bayview,16,94105.0,2,5846.0,15826.0,4601.0,3586.0,740900.0,163949.0
Thursday,Bayview,16,94107.0,4,26599.0,14845.0,15141.0,13736.0,719700.0,114439.0
Thursday,Bayview,16,94110.0,12,69333.0,29816.0,28913.0,27128.0,768200.0,82111.0
Thursday,Bayview,16,94112.0,1,79407.0,23606.0,23081.0,21975.0,602400.0,71625.0
Thursday,Bayview,16,94118.0,1,38319.0,19663.0,18633.0,17171.0,1000001.0,82857.0
Thursday,Bayview,16,94124.0,34,33996.0,6901.0,10812.0,9717.0,470400.0,50146.0
Thursday,Bayview,16,94134.0,20,40798.0,17001.0,11867.0,11244.0,547800.0,56716.0
Thursday,Bayview,16,94158.0,6,4792.0,7288.0,2482.0,2271.0,643900.0,82195.0
Thursday,Bayview,17,94105.0,1,5846.0,15826.0,4601.0,3586.0,740900.0,163949.0
Thursday,Bayview,17,94107.0,6,26599.0,14845.0,15141.0,13736.0,719700.0,114439.0
Thursday,Bayview,17,94110.0,8,69333.0,29816.0,28913.0,27128.0,768200.0,82111.0
Thursday,Bayview,17,94124.0,70,33996.0,6901.0,10812.0,9717.0,470400.0,50146.0
Thursday,Bayview,17,94134.0,18,40798.0,17001.0,11867.0,11244.0,547800.0,56716.0
Thursday,Bayview,17,94158.0,17,4792.0,7288.0,2482.0,2271.0,643900.0,82195.0
Thursday,Bayview,18,94107.0,23,26599.0,14845.0,15141.0,13736.0,719700.0,114439.0
Thursday,Bayview,18,94110.0,15,69333.0,29816.0,28913.0,27128.0,768200.0,82111.0
Thursday,Bayview,18,94124.0,45,33996.0,6901.0,10812.0,9717.0,470400.0,50146.0
Thursday,Bayview,18,94134.0,19,40798.0,17001.0,11867.0,11244.0,547800.0,56716.0
Thursday,Bayview,18,94158.0,14,4792.0,7288.0,2482.0,2271.0,643900.0,82195.0
Thursday,Bayview,19,94107.0,30,26599.0,14845.0,15141.0,13736.0,719700.0,114439.0
Thursday,Bayview,19,94110.0,7,69333.0,29816.0,28913.0,27128.0,768200.0,82111.0
Thursday,Bayview,19,94124.0,43,33996.0,6901.0,10812.0,9717.0,470400.0,50146.0
Thursday,Bayview,19,94134.0,22,40798.0,17001.0,11867.0,11244.0,547800.0,56716.0
Thursday,Bayview,19,94158.0,10,4792.0,7288.0,2482.0,2271.0,643900.0,82195.0
Thursday,Bayview,20,94107.0,10,26599.0,14845.0,15141.0,13736.0,719700.0,114439.0
Thursday,Bayview,20,94110.0,12,69333.0,29816.0,28913.0,27128.0,768200.0,82111.0
Thursday,Bayview,20,94124.0,52,33996.0,6901.0,10812.0,9717.0,470400.0,50146.0
Thursday,Bayview,20,94134.0,16,40798.0,17001.0,11867.0,11244.0,547800.0,56716.0
Thursday,Bayview,20,94158.0,7,4792.0,7288.0,2482.0,2271.0,643900.0,82195.0
Thursday,Bayview,21,94104.0,1,406.0,5232.0,368.0,207.0,1000001.0,48750.0
Thursday,Bayview,21,94107.0,3,26599.0,14845.0,15141.0,13736.0,719700.0,114439.0
Thursday,Bayview,21,94110.0,11,69333.0,29816.0,28913.0,27128.0,768200.0,82111.0
Thursday,Bayview,21,94116.0,1,43698.0,16901.0,16283.0,15445.0,734400.0,83407.0
Thursday,Bayview,21,94124.0,33,33996.0,6901.0,10812.0,9717.0,470400.0,50146.0
Thursday,Bayview,21,94134.0,17,40798.0,17001.0,11867.0,11244.0,547800.0,56716.0
Thursday,Bayview,21,94158.0,15,4792.0,7288.0,2482.0,2271.0,643900.0,82195.0
Thursday,Bayview,22,94107.0,9,26599.0,14845.0,15141.0,13736.0,719700.0,114439.0
Thursday,Bayview,22,94110.0,6,69333.0,29816.0,28913.0,27128.0,768200.0,82111.0
Thursday,Bayview,22,94124.0,39,33996.0,6901.0,10812.0,9717.0,470400.0,50146.0
Thursday,Bayview,22,94134.0,26,40798.0,17001.0,11867.0,11244.0,547800.0,56716.0
Thursday,Bayview,22,94158.0,4,4792.0,7288.0,2482.0,2271.0,643900.0,82195.0
Thursday,Bayview,23,94107.0,5,26599.0,14845.0,15141.0,13736.0,719700.0,114439.0
Thursday,Bayview,23,94110.0,11,69333.0,29816.0,28913.0,27128.0,768200.0,82111.0
Thursday,Bayview,23,94124.0,21,33996.0,6901.0,10812.0,9717.0,470400.0,50146.0
Thursday,Bayview,23,94134.0,15,40798.0,17001.0,11867.0,11244.0,547800.0,56716.0
Thursday,Bayview,23,94158.0,6,4792.0,7288.0,2482.0,2271.0,643900.0,82195.0
Thursday,Central,0,94104.0,41,406.0,5232.0,368.0,207.0,1000001.0,48750.0
Thursday,Central,0,94105.0,3,5846.0,15826.0,4601.0,3586.0,740900.0,163949.0
Thursday,Central,0,94108.0,50,13768.0,50983.0,8843.0,7628.0,856900.0,35427.0
Thursday,Central,0,94109.0,13,55984.0,47129.0,37182.0,33342.0,723200.0,60722.0
Thursday,Central,0,94111.0,9,3713.0,10791.0,2811.0,2365.0,882000.0,89722.0
Thursday,Central,0,94123.0,2,23088.0,22622.0,15083.0,13717.0,1000001.0,112650.0
Thursday,Central,1,94102.0,1,31176.0,46472.0,18758.0,16844.0,574100.0,22517.0
Thursday,Central,1,94104.0,7,406.0,5232.0,368.0,207.0,1000001.0,48750.0
Thursday,Central,1,94108.0,54,13768.0,50983.0,8843.0,7628.0,856900.0,35427.0
Thursday,Central,1,94109.0,12,55984.0,47129.0,37182.0,33342.0,723200.0,60722.0
Thursday,Central,1,94111.0,7,3713.0,10791.0,2811.0,2365.0,882000.0,89722.0
Thursday,Central,2,94104.0,17,406.0,5232.0,368.0,207.0,1000001.0,48750.0
Thursday,Central,2,94108.0,18,13768.0,50983.0,8843.0,7628.0,856900.0,35427.0
Thursday,Central,2,94109.0,5,55984.0,47129.0,37182.0,33342.0,723200.0,60722.0
Thursday,Central,2,94111.0,4,3713.0,10791.0,2811.0,2365.0,882000.0,89722.0
Thursday,Central,2,94129.0,1,3183.0,1381.0,1132.0,1086.0,,143320.0
Thursday,Central,3,94104.0,17,406.0,5232.0,368.0,207.0,1000001.0,48750.0
Thursday,Central,3,94105.0,1,5846.0,15826.0,4601.0,3586.0,740900.0,163949.0
Thursday,Central,3,94108.0,13,13768.0,50983.0,8843.0,7628.0,856900.0,35427.0
Thursday,Central,3,94109.0,6,55984.0,47129.0,37182.0,33342.0,723200.0,60722.0
Thursday,Central,3,94111.0,5,3713.0,10791.0,2811.0,2365.0,882000.0,89722.0
Thursday,Central,4,94104.0,9,406.0,5232.0,368.0,207.0,1000001.0,48750.0
Thursday,Central,4,94105.0,1,5846.0,15826.0,4601.0,3586.0,740900.0,163949.0
Thursday,Central,4,94108.0,13,13768.0,50983.0,8843.0,7628.0,856900.0,35427.0
Thursday,Central,4,94109.0,6,55984.0,47129.0,37182.0,33342.0,723200.0,60722.0
Thursday,Central,4,94111.0,11,3713.0,10791.0,2811.0,2365.0,882000.0,89722.0
Thursday,Central,4,94117.0,1,39169.0,23211.0,19255.0,17939.0,911500.0,94479.0
Thursday,Central,4,94158.0,1,4792.0,7288.0,2482.0,2271.0,643900.0,82195.0
Thursday,Central,5,94103.0,4,27170.0,20036.0,14778.0,13098.0,628000.0,43364.0
Thursday,Central,5,94104.0,15,406.0,5232.0,368.0,207.0,1000001.0,48750.0
Thursday,Central,5,94108.0,11,13768.0,50983.0,8843.0,7628.0,856900.0,35427.0
Thursday,Central,5,94109.0,4,55984.0,47129.0,37182.0,33342.0,723200.0,60722.0
Thursday,Central,5,94111.0,6,3713.0,10791.0,2811.0,2365.0,882000.0,89722.0
Thursday,Central,5,94129.0,3,3183.0,1381.0,1132.0,1086.0,,143320.0
Thursday,Central,6,94104.0,19,406.0,5232.0,368.0,207.0,1000001.0,48750.0
Thursday,Central,6,94108.0,13,13768.0,50983.0,8843.0,7628.0,856900.0,35427.0
Thursday,Central,6,94109.0,6,55984.0,47129.0,37182.0,33342.0,723200.0,60722.0
Thursday,Central,6,94111.0,4,3713.0,10791.0,2811.0,2365.0,882000.0,89722.0
Thursday,Central,6,94123.0,1,23088.0,22622.0,15083.0,13717.0,1000001.0,112650.0
Thursday,Central,7,94104.0,20,406.0,5232.0,368.0,207.0,1000001.0,48750.0
Thursday,Central,7,94105.0,4,5846.0,15826.0,4601.0,3586.0,740900.0,163949.0
Thursday,Central,7,94108.0,19,13768.0,50983.0,8843.0,7628.0,856900.0,35427.0
Thursday,Central,7,94109.0,9,55984.0,47129.0,37182.0,33342.0,723200.0,60722.0
Thursday,Central,7,94111.0,13,3713.0,10791.0,2811.0,2365.0,882000.0,89722.0
Thursday,Central,8,94104.0,23,406.0,5232.0,368.0,207.0,1000001.0,48750.0
Thursday,Central,8,94105.0,2,5846.0,15826.0,4601.0,3586.0,740900.0,163949.0
Thursday,Central,8,94108.0,29,13768.0,50983.0,8843.0,7628.0,856900.0,35427.0
Thursday,Central,8,94109.0,9,55984.0,47129.0,37182.0,33342.0,723200.0,60722.0
Thursday,Central,8,94111.0,25,3713.0,10791.0,2811.0,2365.0,882000.0,89722.0
Thursday,Central,8,94114.0,2,31124.0,21837.0,17634.0,16281.0,1000001.0,114689.0
Thursday,Central,8,94129.0,1,3183.0,1381.0,1132.0,1086.0,,143320.0
Thursday,Central,9,94103.0,3,27170.0,20036.0,14778.0,13098.0,628000.0,43364.0
Thursday,Central,9,94104.0,49,406.0,5232.0,368.0,207.0,1000001.0,48750.0
Thursday,Central,9,94105.0,3,5846.0,15826.0,4601.0,3586.0,740900.0,163949.0
Thursday,Central,9,94108.0,26,13768.0,50983.0,8843.0,7628.0,856900.0,35427.0
Thursday,Central,9,94109.0,15,55984.0,47129.0,37182.0,33342.0,723200.0,60722.0
Thursday,Central,9,94110.0,1,69333.0,29816.0,28913.0,27128.0,768200.0,82111.0
Thursday,Central,9,94111.0,41,3713.0,10791.0,2811.0,2365.0,882000.0,89722.0
Thursday,Central,9,94115.0,3,33021.0,29596.0,18884.0,17289.0,965800.0,76952.0
Thursday,Central,9,94124.0,2,33996.0,6901.0,10812.0,9717.0,470400.0,50146.0
Thursday,Central,10,94103.0,4,27170.0,20036.0,14778.0,13098.0,628000.0,43364.0
Thursday,Central,10,94104.0,39,406.0,5232.0,368.0,207.0,1000001.0,48750.0
Thursday,Central,10,94105.0,8,5846.0,15826.0,4601.0,3586.0,740900.0,163949.0
Thursday,Central,10,94108.0,41,13768.0,50983.0,8843.0,7628.0,856900.0,35427.0
Thursday,Central,10,94109.0,17,55984.0,47129.0,37182.0,33342.0,723200.0,60722.0
Thursday,Central,10,94111.0,40,3713.0,10791.0,2811.0,2365.0,882000.0,89722.0
Thursday,Central,10,94123.0,1,23088.0,22622.0,15083.0,13717.0,1000001.0,112650.0
Thursday,Central,10,94124.0,1,33996.0,6901.0,10812.0,9717.0,470400.0,50146.0
Thursday,Central,10,94129.0,1,3183.0,1381.0,1132.0,1086.0,,143320.0
Thursday,Central,11,94102.0,2,31176.0,46472.0,18758.0,16844.0,574100.0,22517.0
Thursday,Central,11,94103.0,3,27170.0,20036.0,14778.0,13098.0,628000.0,43364.0
Thursday,Central,11,94104.0,38,406.0,5232.0,368.0,207.0,1000001.0,48750.0
Thursday,Central,11,94105.0,4,5846.0,15826.0,4601.0,3586.0,740900.0,163949.0
Thursday,Central,11,94108.0,58,13768.0,50983.0,8843.0,7628.0,856900.0,35427.0
Thursday,Central,11,94109.0,20,55984.0,47129.0,37182.0,33342.0,723200.0,60722.0
Thursday,Central,11,94111.0,63,3713.0,10791.0,2811.0,2365.0,882000.0,89722.0
Thursday,Central,11,94123.0,2,23088.0,22622.0,15083.0,13717.0,1000001.0,112650.0
Thursday,Central,11,94129.0,1,3183.0,1381.0,1132.0,1086.0,,143320.0
Thursday,Central,12,94104.0,62,406.0,5232.0,368.0,207.0,1000001.0,48750.0
Thursday,Central,12,94105.0,5,5846.0,15826.0,4601.0,3586.0,740900.0,163949.0
Thursday,Central,12,94108.0,82,13768.0,50983.0,8843.0,7628.0,856900.0,35427.0
Thursday,Central,12,94109.0,10,55984.0,47129.0,37182.0,33342.0,723200.0,60722.0
Thursday,Central,12,94111.0,72,3713.0,10791.0,2811.0,2365.0,882000.0,89722.0
Thursday,Central,12,94123.0,1,23088.0,22622.0,15083.0,13717.0,1000001.0,112650.0
Thursday,Central,13,94103.0,2,27170.0,20036.0,14778.0,13098.0,628000.0,43364.0
Thursday,Central,13,94104.0,36,406.0,5232.0,368.0,207.0,1000001.0,48750.0
Thursday,Central,13,94105.0,1,5846.0,15826.0,4601.0,3586.0,740900.0,163949.0
Thursday,Central,13,94108.0,40,13768.0,50983.0,8843.0,7628.0,856900.0,35427.0
Thursday,Central,13,94109.0,15,55984.0,47129.0,37182.0,33342.0,723200.0,60722.0
Thursday,Central,13,94111.0,57,3713.0,10791.0,2811.0,2365.0,882000.0,89722.0
Thursday,Central,14,94102.0,1,31176.0,46472.0,18758.0,16844.0,574100.0,22517.0
Thursday,Central,14,94104.0,53,406.0,5232.0,368.0,207.0,1000001.0,48750.0
Thursday,Central,14,94105.0,4,5846.0,15826.0,4601.0,3586.0,740900.0,163949.0
Thursday,Central,14,94108.0,55,13768.0,50983.0,8843.0,7628.0,856900.0,35427.0
Thursday,Central,14,94109.0,13,55984.0,47129.0,37182.0,33342.0,723200.0,60722.0
Thursday,Central,14,94111.0,53,3713.0,10791.0,2811.0,2365.0,882000.0,89722.0
Thursday,Central,14,94124.0,3,33996.0,6901.0,10812.0,9717.0,470400.0,50146.0
Thursday,Central,15,94103.0,6,27170.0,20036.0,14778.0,13098.0,628000.0,43364.0
Thursday,Central,15,94104.0,54,406.0,5232.0,368.0,207.0,1000001.0,48750.0
Thursday,Central,15,94105.0,9,5846.0,15826.0,4601.0,3586.0,740900.0,163949.0
Thursday,Central,15,94108.0,67,13768.0,50983.0,8843.0,7628.0,856900.0,35427.0
Thursday,Central,15,94109.0,9,55984.0,47129.0,37182.0,33342.0,723200.0,60722.0
Thursday,Central,15,94111.0,47,3713.0,10791.0,2811.0,2365.0,882000.0,89722.0
Thursday,Central,15,94118.0,1,38319.0,19663.0,18633.0,17171.0,1000001.0,82857.0
Thursday,Central,16,94103.0,5,27170.0,20036.0,14778.0,13098.0,628000.0,43364.0
Thursday,Central,16,94104.0,72,406.0,5232.0,368.0,207.0,1000001.0,48750.0
Thursday,Central,16,94105.0,5,5846.0,15826.0,4601.0,3586.0,740900.0,163949.0
Thursday,Central,16,94108.0,71,13768.0,50983.0,8843.0,7628.0,856900.0,35427.0
Thursday,Central,16,94109.0,11,55984.0,47129.0,37182.0,33342.0,723200.0,60722.0
Thursday,Central,16,94111.0,57,3713.0,10791.0,2811.0,2365.0,882000.0,89722.0
Thursday,Central,16,94115.0,1,33021.0,29596.0,18884.0,17289.0,965800.0,76952.0
Thursday,Central,16,94123.0,1,23088.0,22622.0,15083.0,13717.0,1000001.0,112650.0
Thursday,Central,16,94129.0,3,3183.0,1381.0,1132.0,1086.0,,143320.0
Thursday,Central,17,94103.0,1,27170.0,20036.0,14778.0,13098.0,628000.0,43364.0
Thursday,Central,17,94104.0,75,406.0,5232.0,368.0,207.0,1000001.0,48750.0
Thursday,Central,17,94105.0,9,5846.0,15826.0,4601.0,3586.0,740900.0,163949.0
Thursday,Central,17,94108.0,70,13768.0,50983.0,8843.0,7628.0,856900.0,35427.0
Thursday,Central,17,94109.0,22,55984.0,47129.0,37182.0,33342.0,723200.0,60722.0
Thursday,Central,17,94111.0,71,3713.0,10791.0,2811.0,2365.0,882000.0,89722.0
Thursday,Central,17,94123.0,2,23088.0,22622.0,15083.0,13717.0,1000001.0,112650.0
Thursday,Central,17,94129.0,4,3183.0,1381.0,1132.0,1086.0,,143320.0
Thursday,Central,18,94104.0,51,406.0,5232.0,368.0,207.0,1000001.0,48750.0
Thursday,Central,18,94105.0,8,5846.0,15826.0,4601.0,3586.0,740900.0,163949.0
Thursday,Central,18,94108.0,74,13768.0,50983.0,8843.0,7628.0,856900.0,35427.0
Thursday,Central,18,94109.0,18,55984.0,47129.0,37182.0,33342.0,723200.0,60722.0
Thursday,Central,18,94111.0,65,3713.0,10791.0,2811.0,2365.0,882000.0,89722.0
Thursday,Central,18,94123.0,1,23088.0,22622.0,15083.0,13717.0,1000001.0,112650.0
Thursday,Central,18,94124.0,1,33996.0,6901.0,10812.0,9717.0,470400.0,50146.0
Thursday,Central,18,94129.0,1,3183.0,1381.0,1132.0,1086.0,,143320.0
Thursday,Central,19,94102.0,1,31176.0,46472.0,18758.0,16844.0,574100.0,22517.0
Thursday,Central,19,94104.0,66,406.0,5232.0,368.0,207.0,1000001.0,48750.0
Thursday,Central,19,94105.0,7,5846.0,15826.0,4601.0,3586.0,740900.0,163949.0
Thursday,Central,19,94108.0,75,13768.0,50983.0,8843.0,7628.0,856900.0,35427.0
Thursday,Central,19,94109.0,14,55984.0,47129.0,37182.0,33342.0,723200.0,60722.0
Thursday,Central,19,94111.0,92,3713.0,10791.0,2811.0,2365.0,882000.0,89722.0
Thursday,Central,20,94104.0,51,406.0,5232.0,368.0,207.0,1000001.0,48750.0
Thursday,Central,20,94105.0,4,5846.0,15826.0,4601.0,3586.0,740900.0,163949.0
Thursday,Central,20,94108.0,75,13768.0,50983.0,8843.0,7628.0,856900.0,35427.0
Thursday,Central,20,94109.0,21,55984.0,47129.0,37182.0,33342.0,723200.0,60722.0
Thursday,Central,20,94111.0,64,3713.0,10791.0,2811.0,2365.0,882000.0,89722.0
Thursday,Central,21,94103.0,1,27170.0,20036.0,14778.0,13098.0,628000.0,43364.0
Thursday,Central,21,94104.0,42,406.0,5232.0,368.0,207.0,1000001.0,48750.0
Thursday,Central,21,94105.0,4,5846.0,15826.0,4601.0,3586.0,740900.0,163949.0
Thursday,Central,21,94108.0,42,13768.0,50983.0,8843.0,7628.0,856900.0,35427.0
Thursday,Central,21,94109.0,11,55984.0,47129.0,37182.0,33342.0,723200.0,60722.0
Thursday,Central,21,94111.0,57,3713.0,10791.0,2811.0,2365.0,882000.0,89722.0
Thursday,Central,21,94115.0,1,33021.0,29596.0,18884.0,17289.0,965800.0,76952.0
Thursday,Central,21,94123.0,2,23088.0,22622.0,15083.0,13717.0,1000001.0,112650.0
Thursday,Central,21,94129.0,1,3183.0,1381.0,1132.0,1086.0,,143320.0
Thursday,Central,22,94104.0,22,406.0,5232.0,368.0,207.0,1000001.0,48750.0
Thursday,Central,22,94105.0,2,5846.0,15826.0,4601.0,3586.0,740900.0,163949.0
Thursday,Central,22,94108.0,55,13768.0,50983.0,8843.0,7628.0,856900.0,35427.0
Thursday,Central,22,94109.0,19,55984.0,47129.0,37182.0,33342.0,723200.0,60722.0
Thursday,Central,22,94111.0,45,3713.0,10791.0,2811.0,2365.0,882000.0,89722.0
Thursday,Central,22,94124.0,1,33996.0,6901.0,10812.0,9717.0,470400.0,50146.0
Thursday,Central,23,94103.0,2,27170.0,20036.0,14778.0,13098.0,628000.0,43364.0
Thursday,Central,23,94104.0,21,406.0,5232.0,368.0,207.0,1000001.0,48750.0
Thursday,Central,23,94105.0,10,5846.0,15826.0,4601.0,3586.0,740900.0,163949.0
Thursday,Central,23,94108.0,55,13768.0,50983.0,8843.0,7628.0,856900.0,35427.0
Thursday,Central,23,94109.0,9,55984.0,47129.0,37182.0,33342.0,723200.0,60722.0
Thursday,Central,23,94111.0,18,3713.0,10791.0,2811.0,2365.0,882000.0,89722.0
Thursday,Central,23,94129.0,2,3183.0,1381.0,1132.0,1086.0,,143320.0
Thursday,Ingleside,0,94110.0,15,69333.0,29816.0,28913.0,27128.0,768200.0,82111.0
Thursday,Ingleside,0,94112.0,34,79407.0,23606.0,23081.0,21975.0,602400.0,71625.0
Thursday,Ingleside,0,94127.0,9,19289.0,10895.0,7801.0,7511.0,916900.0,131351.0
Thursday,Ingleside,0,94131.0,6,26881.0,12926.0,13427.0,12618.0,859700.0,96889.0
Thursday,Ingleside,0,94132.0,1,28129.0,9045.0,10769.0,9993.0,733100.0,69223.0
Thursday,Ingleside,0,94134.0,32,40798.0,17001.0,11867.0,11244.0,547800.0,56716.0
Thursday,Ingleside,1,94110.0,6,69333.0,29816.0,28913.0,27128.0,768200.0,82111.0
Thursday,Ingleside,1,94112.0,19,79407.0,23606.0,23081.0,21975.0,602400.0,71625.0
Thursday,Ingleside,1,94127.0,3,19289.0,10895.0,7801.0,7511.0,916900.0,131351.0
Thursday,Ingleside,1,94134.0,7,40798.0,17001.0,11867.0,11244.0,547800.0,56716.0
Thursday,Ingleside,2,94110.0,5,69333.0,29816.0,28913.0,27128.0,768200.0,82111.0
Thursday,Ingleside,2,94112.0,8,79407.0,23606.0,23081.0,21975.0,602400.0,71625.0
Thursday,Ingleside,2,94131.0,1,26881.0,12926.0,13427.0,12618.0,859700.0,96889.0
Thursday,Ingleside,2,94134.0,9,40798.0,17001.0,11867.0,11244.0,547800.0,56716.0
Thursday,Ingleside,3,94110.0,4,69333.0,29816.0,28913.0,27128.0,768200.0,82111.0
Thursday,Ingleside,3,94112.0,20,79407.0,23606.0,23081.0,21975.0,602400.0,71625.0
Thursday,Ingleside,3,94127.0,1,19289.0,10895.0,7801.0,7511.0,916900.0,131351.0
Thursday,Ingleside,3,94131.0,1,26881.0,12926.0,13427.0,12618.0,859700.0,96889.0
Thursday,Ingleside,3,94134.0,4,40798.0,17001.0,11867.0,11244.0,547800.0,56716.0
Thursday,Ingleside,4,94110.0,2,69333.0,29816.0,28913.0,27128.0,768200.0,82111.0
Thursday,Ingleside,4,94112.0,14,79407.0,23606.0,23081.0,21975.0,602400.0,71625.0
Thursday,Ingleside,4,94127.0,1,19289.0,10895.0,7801.0,7511.0,916900.0,131351.0
Thursday,Ingleside,4,94131.0,1,26881.0,12926.0,13427.0,12618.0,859700.0,96889.0
Thursday,Ingleside,4,94134.0,1,40798.0,17001.0,11867.0,11244.0,547800.0,56716.0
Thursday,Ingleside,5,94112.0,8,79407.0,23606.0,23081.0,21975.0,602400.0,71625.0
Thursday,Ingleside,5,94134.0,2,40798.0,17001.0,11867.0,11244.0,547800.0,56716.0
Thursday,Ingleside,6,94110.0,10,69333.0,29816.0,28913.0,27128.0,768200.0,82111.0
Thursday,Ingleside,6,94112.0,6,79407.0,23606.0,23081.0,21975.0,602400.0,71625.0
Thursday,Ingleside,6,94127.0,2,19289.0,10895.0,7801.0,7511.0,916900.0,131351.0
Thursday,Ingleside,6,94131.0,2,26881.0,12926.0,13427.0,12618.0,859700.0,96889.0
Thursday,Ingleside,6,94134.0,9,40798.0,17001.0,11867.0,11244.0,547800.0,56716.0
Thursday,Ingleside,7,94110.0,15,69333.0,29816.0,28913.0,27128.0,768200.0,82111.0
Thursday,Ingleside,7,94112.0,17,79407.0,23606.0,23081.0,21975.0,602400.0,71625.0
Thursday,Ingleside,7,94127.0,4,19289.0,10895.0,7801.0,7511.0,916900.0,131351.0
Thursday,Ingleside,7,94134.0,17,40798.0,17001.0,11867.0,11244.0,547800.0,56716.0
Thursday,Ingleside,8,94103.0,3,27170.0,20036.0,14778.0,13098.0,628000.0,43364.0
Thursday,Ingleside,8,94110.0,16,69333.0,29816.0,28913.0,27128.0,768200.0,82111.0
Thursday,Ingleside,8,94112.0,42,79407.0,23606.0,23081.0,21975.0,602400.0,71625.0
Thursday,Ingleside,8,94117.0,1,39169.0,23211.0,19255.0,17939.0,911500.0,94479.0
Thursday,Ingleside,8,94127.0,2,19289.0,10895.0,7801.0,7511.0,916900.0,131351.0
Thursday,Ingleside,8,94131.0,7,26881.0,12926.0,13427.0,12618.0,859700.0,96889.0
Thursday,Ingleside,8,94134.0,10,40798.0,17001.0,11867.0,11244.0,547800.0,56716.0
Thursday,Ingleside,9,94103.0,1,27170.0,20036.0,14778.0,13098.0,628000.0,43364.0
Thursday,Ingleside,9,94110.0,10,69333.0,29816.0,28913.0,27128.0,768200.0,82111.0
Thursday,Ingleside,9,94112.0,28,79407.0,23606.0,23081.0,21975.0,602400.0,71625.0
Thursday,Ingleside,9,94127.0,8,19289.0,10895.0,7801.0,7511.0,916900.0,131351.0
Thursday,Ingleside,9,94131.0,6,26881.0,12926.0,13427.0,12618.0,859700.0,96889.0
Thursday,Ingleside,9,94134.0,20,40798.0,17001.0,11867.0,11244.0,547800.0,56716.0
Thursday,Ingleside,10,94103.0,2,27170.0,20036.0,14778.0,13098.0,628000.0,43364.0
Thursday,Ingleside,10,94110.0,19,69333.0,29816.0,28913.0,27128.0,768200.0,82111.0
Thursday,Ingleside,10,94112.0,30,79407.0,23606.0,23081.0,21975.0,602400.0,71625.0
Thursday,Ingleside,10,94123.0,1,23088.0,22622.0,15083.0,13717.0,1000001.0,112650.0
Thursday,Ingleside,10,94127.0,3,19289.0,10895.0,7801.0,7511.0,916900.0,131351.0
Thursday,Ingleside,10,94131.0,5,26881.0,12926.0,13427.0,12618.0,859700.0,96889.0
Thursday,Ingleside,10,94132.0,1,28129.0,9045.0,10769.0,9993.0,733100.0,69223.0
Thursday,Ingleside,10,94134.0,11,40798.0,17001.0,11867.0,11244.0,547800.0,56716.0
Thursday,Ingleside,11,94110.0,11,69333.0,29816.0,28913.0,27128.0,768200.0,82111.0
Thursday,Ingleside,11,94112.0,27,79407.0,23606.0,23081.0,21975.0,602400.0,71625.0
Thursday,Ingleside,11,94127.0,7,19289.0,10895.0,7801.0,7511.0,916900.0,131351.0
Thursday,Ingleside,11,94131.0,7,26881.0,12926.0,13427.0,12618.0,859700.0,96889.0
Thursday,Ingleside,11,94134.0,14,40798.0,17001.0,11867.0,11244.0,547800.0,56716.0
Thursday,Ingleside,12,94102.0,1,31176.0,46472.0,18758.0,16844.0,574100.0,22517.0
Thursday,Ingleside,12,94103.0,1,27170.0,20036.0,14778.0,13098.0,628000.0,43364.0
Thursday,Ingleside,12,94110.0,21,69333.0,29816.0,28913.0,27128.0,768200.0,82111.0
Thursday,Ingleside,12,94112.0,34,79407.0,23606.0,23081.0,21975.0,602400.0,71625.0
Thursday,Ingleside,12,94127.0,11,19289.0,10895.0,7801.0,7511.0,916900.0,131351.0
Thursday,Ingleside,12,94131.0,8,26881.0,12926.0,13427.0,12618.0,859700.0,96889.0
Thursday,Ingleside,12,94132.0,1,28129.0,9045.0,10769.0,9993.0,733100.0,69223.0
Thursday,Ingleside,12,94134.0,22,40798.0,17001.0,11867.0,11244.0,547800.0,56716.0
Thursday,Ingleside,13,94103.0,1,27170.0,20036.0,14778.0,13098.0,628000.0,43364.0
Thursday,Ingleside,13,94110.0,20,69333.0,29816.0,28913.0,27128.0,768200.0,82111.0
Thursday,Ingleside,13,94112.0,30,79407.0,23606.0,23081.0,21975.0,602400.0,71625.0
Thursday,Ingleside,13,94127.0,3,19289.0,10895.0,7801.0,7511.0,916900.0,131351.0
Thursday,Ingleside,13,94131.0,3,26881.0,12926.0,13427.0,12618.0,859700.0,96889.0
Thursday,Ingleside,13,94134.0,20,40798.0,17001.0,11867.0,11244.0,547800.0,56716.0
Thursday,Ingleside,14,94110.0,12,69333.0,29816.0,28913.0,27128.0,768200.0,82111.0
Thursday,Ingleside,14,94112.0,33,79407.0,23606.0,23081.0,21975.0,602400.0,71625.0
Thursday,Ingleside,14,94127.0,2,19289.0,10895.0,7801.0,7511.0,916900.0,131351.0
Thursday,Ingleside,14,94131.0,2,26881.0,12926.0,13427.0,12618.0,859700.0,96889.0
Thursday,Ingleside,14,94134.0,20,40798.0,17001.0,11867.0,11244.0,547800.0,56716.0
Thursday,Ingleside,15,94103.0,1,27170.0,20036.0,14778.0,13098.0,628000.0,43364.0
Thursday,Ingleside,15,94105.0,1,5846.0,15826.0,4601.0,3586.0,740900.0,163949.0
Thursday,Ingleside,15,94110.0,13,69333.0,29816.0,28913.0,27128.0,768200.0,82111.0
Thursday,Ingleside,15,94112.0,32,79407.0,23606.0,23081.0,21975.0,602400.0,71625.0
Thursday,Ingleside,15,94114.0,1,31124.0,21837.0,17634.0,16281.0,1000001.0,114689.0
Thursday,Ingleside,15,94118.0,1,38319.0,19663.0,18633.0,17171.0,1000001.0,82857.0
Thursday,Ingleside,15,94127.0,11,19289.0,10895.0,7801.0,7511.0,916900.0,131351.0
Thursday,Ingleside,15,94131.0,5,26881.0,12926.0,13427.0,12618.0,859700.0,96889.0
Thursday,Ingleside,15,94134.0,11,40798.0,17001.0,11867.0,11244.0,547800.0,56716.0
Thursday,Ingleside,16,94110.0,16,69333.0,29816.0,28913.0,27128.0,768200.0,82111.0
Thursday,Ingleside,16,94112.0,29,79407.0,23606.0,23081.0,21975.0,602400.0,71625.0
Thursday,Ingleside,16,94114.0,1,31124.0,21837.0,17634.0,16281.0,1000001.0,114689.0
Thursday,Ingleside,16,94127.0,5,19289.0,10895.0,7801.0,7511.0,916900.0,131351.0
Thursday,Ingleside,16,94131.0,7,26881.0,12926.0,13427.0,12618.0,859700.0,96889.0
Thursday,Ingleside,16,94132.0,1,28129.0,9045.0,10769.0,9993.0,733100.0,69223.0
Thursday,Ingleside,16,94134.0,21,40798.0,17001.0,11867.0,11244.0,547800.0,56716.0
Thursday,Ingleside,17,94103.0,2,27170.0,20036.0,14778.0,13098.0,628000.0,43364.0
Thursday,Ingleside,17,94105.0,2,5846.0,15826.0,4601.0,3586.0,740900.0,163949.0
Thursday,Ingleside,17,94110.0,23,69333.0,29816.0,28913.0,27128.0,768200.0,82111.0
Thursday,Ingleside,17,94112.0,29,79407.0,23606.0,23081.0,21975.0,602400.0,71625.0
Thursday,Ingleside,17,94127.0,7,19289.0,10895.0,7801.0,7511.0,916900.0,131351.0
Thursday,Ingleside,17,94131.0,5,26881.0,12926.0,13427.0,12618.0,859700.0,96889.0
Thursday,Ingleside,17,94132.0,1,28129.0,9045.0,10769.0,9993.0,733100.0,69223.0
Thursday,Ingleside,17,94134.0,36,40798.0,17001.0,11867.0,11244.0,547800.0,56716.0
Thursday,Ingleside,18,94110.0,19,69333.0,29816.0,28913.0,27128.0,768200.0,82111.0
Thursday,Ingleside,18,94112.0,43,79407.0,23606.0,23081.0,21975.0,602400.0,71625.0
Thursday,Ingleside,18,94127.0,4,19289.0,10895.0,7801.0,7511.0,916900.0,131351.0
Thursday,Ingleside,18,94131.0,5,26881.0,12926.0,13427.0,12618.0,859700.0,96889.0
Thursday,Ingleside,18,94134.0,24,40798.0,17001.0,11867.0,11244.0,547800.0,56716.0
Thursday,Ingleside,19,94110.0,25,69333.0,29816.0,28913.0,27128.0,768200.0,82111.0
Thursday,Ingleside,19,94112.0,40,79407.0,23606.0,23081.0,21975.0,602400.0,71625.0
Thursday,Ingleside,19,94127.0,5,19289.0,10895.0,7801.0,7511.0,916900.0,131351.0
Thursday,Ingleside,19,94131.0,3,26881.0,12926.0,13427.0,12618.0,859700.0,96889.0
Thursday,Ingleside,19,94134.0,25,40798.0,17001.0,11867.0,11244.0,547800.0,56716.0
Thursday,Ingleside,20,94110.0,23,69333.0,29816.0,28913.0,27128.0,768200.0,82111.0
Thursday,Ingleside,20,94112.0,30,79407.0,23606.0,23081.0,21975.0,602400.0,71625.0
Thursday,Ingleside,20,94114.0,1,31124.0,21837.0,17634.0,16281.0,1000001.0,114689.0
Thursday,Ingleside,20,94116.0,1,43698.0,16901.0,16283.0,15445.0,734400.0,83407.0
Thursday,Ingleside,20,94131.0,3,26881.0,12926.0,13427.0,12618.0,859700.0,96889.0
Thursday,Ingleside,20,94134.0,15,40798.0,17001.0,11867.0,11244.0,547800.0,56716.0
Thursday,Ingleside,21,94110.0,21,69333.0,29816.0,28913.0,27128.0,768200.0,82111.0
Thursday,Ingleside,21,94112.0,23,79407.0,23606.0,23081.0,21975.0,602400.0,71625.0
Thursday,Ingleside,21,94127.0,9,19289.0,10895.0,7801.0,7511.0,916900.0,131351.0
Thursday,Ingleside,21,94131.0,6,26881.0,12926.0,13427.0,12618.0,859700.0,96889.0
Thursday,Ingleside,21,94134.0,13,40798.0,17001.0,11867.0,11244.0,547800.0,56716.0
Thursday,Ingleside,22,94110.0,18,69333.0,29816.0,28913.0,27128.0,768200.0,82111.0
Thursday,Ingleside,22,94112.0,33,79407.0,23606.0,23081.0,21975.0,602400.0,71625.0
Thursday,Ingleside,22,94127.0,6,19289.0,10895.0,7801.0,7511.0,916900.0,131351.0
Thursday,Ingleside,22,94131.0,11,26881.0,12926.0,13427.0,12618.0,859700.0,96889.0
Thursday,Ingleside,22,94134.0,10,40798.0,17001.0,11867.0,11244.0,547800.0,56716.0
Thursday,Ingleside,23,94110.0,6,69333.0,29816.0,28913.0,27128.0,768200.0,82111.0
Thursday,Ingleside,23,94112.0,22,79407.0,23606.0,23081.0,21975.0,602400.0,71625.0
Thursday,Ingleside,23,94124.0,1,33996.0,6901.0,10812.0,9717.0,470400.0,50146.0
Thursday,Ingleside,23,94127.0,3,19289.0,10895.0,7801.0,7511.0,916900.0,131351.0
Thursday,Ingleside,23,94131.0,8,26881.0,12926.0,13427.0,12618.0,859700.0,96889.0
Thursday,Ingleside,23,94134.0,6,40798.0,17001.0,11867.0,11244.0,547800.0,56716.0
Thursday,Mission,0,94102.0,17,31176.0,46472.0,18758.0,16844.0,574100.0,22517.0
Thursday,Mission,0,94103.0,5,27170.0,20036.0,14778.0,13098.0,628000.0,43364.0
Thursday,Mission,0,94110.0,88,69333.0,29816.0,28913.0,27128.0,768200.0,82111.0
Thursday,Mission,0,94114.0,20,31124.0,21837.0,17634.0,16281.0,1000001.0,114689.0
Thursday,Mission,0,94117.0,6,39169.0,23211.0,19255.0,17939.0,911500.0,94479.0
Thursday,Mission,0,94131.0,3,26881.0,12926.0,13427.0,12618.0,859700.0,96889.0
Thursday,Mission,0,94158.0,2,4792.0,7288.0,2482.0,2271.0,643900.0,82195.0
Thursday,Mission,1,94102.0,14,31176.0,46472.0,18758.0,16844.0,574100.0,22517.0
Thursday,Mission,1,94110.0,54,69333.0,29816.0,28913.0,27128.0,768200.0,82111.0
Thursday,Mission,1,94114.0,23,31124.0,21837.0,17634.0,16281.0,1000001.0,114689.0
Thursday,Mission,1,94117.0,3,39169.0,23211.0,19255.0,17939.0,911500.0,94479.0
Thursday,Mission,1,94118.0,1,38319.0,19663.0,18633.0,17171.0,1000001.0,82857.0
Thursday,Mission,1,94131.0,1,26881.0,12926.0,13427.0,12618.0,859700.0,96889.0
Thursday,Mission,1,94158.0,1,4792.0,7288.0,2482.0,2271.0,643900.0,82195.0
Thursday,Mission,2,94102.0,8,31176.0,46472.0,18758.0,16844.0,574100.0,22517.0
Thursday,Mission,2,94110.0,66,69333.0,29816.0,28913.0,27128.0,768200.0,82111.0
Thursday,Mission,2,94114.0,19,31124.0,21837.0,17634.0,16281.0,1000001.0,114689.0
Thursday,Mission,2,94117.0,1,39169.0,23211.0,19255.0,17939.0,911500.0,94479.0
Thursday,Mission,2,94131.0,2,26881.0,12926.0,13427.0,12618.0,859700.0,96889.0
Thursday,Mission,3,94102.0,4,31176.0,46472.0,18758.0,16844.0,574100.0,22517.0
Thursday,Mission,3,94110.0,39,69333.0,29816.0,28913.0,27128.0,768200.0,82111.0
Thursday,Mission,3,94114.0,5,31124.0,21837.0,17634.0,16281.0,1000001.0,114689.0
Thursday,Mission,3,94117.0,2,39169.0,23211.0,19255.0,17939.0,911500.0,94479.0
Thursday,Mission,3,94131.0,1,26881.0,12926.0,13427.0,12618.0,859700.0,96889.0
Thursday,Mission,3,94158.0,1,4792.0,7288.0,2482.0,2271.0,643900.0,82195.0
Thursday,Mission,4,94102.0,4,31176.0,46472.0,18758.0,16844.0,574100.0,22517.0
Thursday,Mission,4,94103.0,1,27170.0,20036.0,14778.0,13098.0,628000.0,43364.0
Thursday,Mission,4,94110.0,26,69333.0,29816.0,28913.0,27128.0,768200.0,82111.0
Thursday,Mission,4,94114.0,4,31124.0,21837.0,17634.0,16281.0,1000001.0,114689.0
Thursday,Mission,4,94117.0,4,39169.0,23211.0,19255.0,17939.0,911500.0,94479.0
Thursday,Mission,4,94131.0,1,26881.0,12926.0,13427.0,12618.0,859700.0,96889.0
Thursday,Mission,5,94102.0,7,31176.0,46472.0,18758.0,16844.0,574100.0,22517.0
Thursday,Mission,5,94103.0,3,27170.0,20036.0,14778.0,13098.0,628000.0,43364.0
Thursday,Mission,5,94110.0,31,69333.0,29816.0,28913.0,27128.0,768200.0,82111.0
Thursday,Mission,5,94114.0,1,31124.0,21837.0,17634.0,16281.0,1000001.0,114689.0
Thursday,Mission,5,94122.0,1,56023.0,23699.0,23633.0,22162.0,774500.0,81768.0
Thursday,Mission,5,94131.0,2,26881.0,12926.0,13427.0,12618.0,859700.0,96889.0
Thursday,Mission,5,94158.0,6,4792.0,7288.0,2482.0,2271.0,643900.0,82195.0
Thursday,Mission,6,94102.0,10,31176.0,46472.0,18758.0,16844.0,574100.0,22517.0
Thursday,Mission,6,94103.0,1,27170.0,20036.0,14778.0,13098.0,628000.0,43364.0
Thursday,Mission,6,94110.0,28,69333.0,29816.0,28913.0,27128.0,768200.0,82111.0
Thursday,Mission,6,94114.0,2,31124.0,21837.0,17634.0,16281.0,1000001.0,114689.0
Thursday,Mission,6,94117.0,4,39169.0,23211.0,19255.0,17939.0,911500.0,94479.0
Thursday,Mission,6,94131.0,1,26881.0,12926.0,13427.0,12618.0,859700.0,96889.0
Thursday,Mission,6,94158.0,1,4792.0,7288.0,2482.0,2271.0,643900.0,82195.0
Thursday,Mission,7,94102.0,7,31176.0,46472.0,18758.0,16844.0,574100.0,22517.0
Thursday,Mission,7,94103.0,10,27170.0,20036.0,14778.0,13098.0,628000.0,43364.0
Thursday,Mission,7,94107.0,1,26599.0,14845.0,15141.0,13736.0,719700.0,114439.0
Thursday,Mission,7,94110.0,34,69333.0,29816.0,28913.0,27128.0,768200.0,82111.0
Thursday,Mission,7,94114.0,20,31124.0,21837.0,17634.0,16281.0,1000001.0,114689.0
Thursday,Mission,7,94117.0,3,39169.0,23211.0,19255.0,17939.0,911500.0,94479.0
Thursday,Mission,7,94158.0,3,4792.0,7288.0,2482.0,2271.0,643900.0,82195.0
Thursday,Mission,8,94102.0,16,31176.0,46472.0,18758.0,16844.0,574100.0,22517.0
Thursday,Mission,8,94103.0,9,27170.0,20036.0,14778.0,13098.0,628000.0,43364.0
Thursday,Mission,8,94110.0,45,69333.0,29816.0,28913.0,27128.0,768200.0,82111.0
Thursday,Mission,8,94114.0,11,31124.0,21837.0,17634.0,16281.0,1000001.0,114689.0
Thursday,Mission,8,94117.0,6,39169.0,23211.0,19255.0,17939.0,911500.0,94479.0
Thursday,Mission,8,94131.0,1,26881.0,12926.0,13427.0,12618.0,859700.0,96889.0
Thursday,Mission,8,94158.0,2,4792.0,7288.0,2482.0,2271.0,643900.0,82195.0
Thursday,Mission,9,94102.0,14,31176.0,46472.0,18758.0,16844.0,574100.0,22517.0
Thursday,Mission,9,94103.0,6,27170.0,20036.0,14778.0,13098.0,628000.0,43364.0
Thursday,Mission,9,94110.0,57,69333.0,29816.0,28913.0,27128.0,768200.0,82111.0
Thursday,Mission,9,94114.0,9,31124.0,21837.0,17634.0,16281.0,1000001.0,114689.0
Thursday,Mission,9,94117.0,3,39169.0,23211.0,19255.0,17939.0,911500.0,94479.0
Thursday,Mission,9,94131.0,6,26881.0,12926.0,13427.0,12618.0,859700.0,96889.0
Thursday,Mission,9,94158.0,2,4792.0,7288.0,2482.0,2271.0,643900.0,82195.0
Thursday,Mission,10,94102.0,21,31176.0,46472.0,18758.0,16844.0,574100.0,22517.0
Thursday,Mission,10,94103.0,3,27170.0,20036.0,14778.0,13098.0,628000.0,43364.0
Thursday,Mission,10,94110.0,64,69333.0,29816.0,28913.0,27128.0,768200.0,82111.0
Thursday,Mission,10,94114.0,20,31124.0,21837.0,17634.0,16281.0,1000001.0,114689.0
Thursday,Mission,10,94117.0,6,39169.0,23211.0,19255.0,17939.0,911500.0,94479.0
Thursday,Mission,10,94131.0,6,26881.0,12926.0,13427.0,12618.0,859700.0,96889.0
Thursday,Mission,10,94158.0,1,4792.0,7288.0,2482.0,2271.0,643900.0,82195.0
Thursday,Mission,11,94102.0,27,31176.0,46472.0,18758.0,16844.0,574100.0,22517.0
Thursday,Mission,11,94103.0,10,27170.0,20036.0,14778.0,13098.0,628000.0,43364.0
Thursday,Mission,11,94110.0,64,69333.0,29816.0,28913.0,27128.0,768200.0,82111.0
Thursday,Mission,11,94114.0,12,31124.0,21837.0,17634.0,16281.0,1000001.0,114689.0
Thursday,Mission,11,94117.0,5,39169.0,23211.0,19255.0,17939.0,911500.0,94479.0
Thursday,Mission,11,94131.0,8,26881.0,12926.0,13427.0,12618.0,859700.0,96889.0
Thursday,Mission,12,94102.0,15,31176.0,46472.0,18758.0,16844.0,574100.0,22517.0
Thursday,Mission,12,94103.0,10,27170.0,20036.0,14778.0,13098.0,628000.0,43364.0
Thursday,Mission,12,94110.0,84,69333.0,29816.0,28913.0,27128.0,768200.0,82111.0
Thursday,Mission,12,94114.0,13,31124.0,21837.0,17634.0,16281.0,1000001.0,114689.0
Thursday,Mission,12,94117.0,9,39169.0,23211.0,19255.0,17939.0,911500.0,94479.0
Thursday,Mission,12,94131.0,5,26881.0,12926.0,13427.0,12618.0,859700.0,96889.0
Thursday,Mission,12,94158.0,7,4792.0,7288.0,2482.0,2271.0,643900.0,82195.0
Thursday,Mission,13,94102.0,22,31176.0,46472.0,18758.0,16844.0,574100.0,22517.0
Thursday,Mission,13,94103.0,6,27170.0,20036.0,14778.0,13098.0,628000.0,43364.0
Thursday,Mission,13,94110.0,62,69333.0,29816.0,28913.0,27128.0,768200.0,82111.0
Thursday,Mission,13,94114.0,14,31124.0,21837.0,17634.0,16281.0,1000001.0,114689.0
Thursday,Mission,13,94116.0,1,43698.0,16901.0,16283.0,15445.0,734400.0,83407.0
Thursday,Mission,13,94117.0,4,39169.0,23211.0,19255.0,17939.0,911500.0,94479.0
Thursday,Mission,13,94131.0,4,26881.0,12926.0,13427.0,12618.0,859700.0,96889.0
Thursday,Mission,13,94158.0,6,4792.0,7288.0,2482.0,2271.0,643900.0,82195.0
Thursday,Mission,14,94102.0,10,31176.0,46472.0,18758.0,16844.0,574100.0,22517.0
Thursday,Mission,14,94103.0,8,27170.0,20036.0,14778.0,13098.0,628000.0,43364.0
Thursday,Mission,14,94110.0,92,69333.0,29816.0,28913.0,27128.0,768200.0,82111.0
Thursday,Mission,14,94114.0,25,31124.0,21837.0,17634.0,16281.0,1000001.0,114689.0
Thursday,Mission,14,94117.0,3,39169.0,23211.0,19255.0,17939.0,911500.0,94479.0
Thursday,Mission,14,94131.0,7,26881.0,12926.0,13427.0,12618.0,859700.0,96889.0
Thursday,Mission,14,94158.0,2,4792.0,7288.0,2482.0,2271.0,643900.0,82195.0
Thursday,Mission,15,94102.0,16,31176.0,46472.0,18758.0,16844.0,574100.0,22517.0
Thursday,Mission,15,94103.0,3,27170.0,20036.0,14778.0,13098.0,628000.0,43364.0
Thursday,Mission,15,94104.0,1,406.0,5232.0,368.0,207.0,1000001.0,48750.0
Thursday,Mission,15,94110.0,75,69333.0,29816.0,28913.0,27128.0,768200.0,82111.0
Thursday,Mission,15,94114.0,20,31124.0,21837.0,17634.0,16281.0,1000001.0,114689.0
Thursday,Mission,15,94117.0,1,39169.0,23211.0,19255.0,17939.0,911500.0,94479.0
Thursday,Mission,15,94131.0,3,26881.0,12926.0,13427.0,12618.0,859700.0,96889.0
Thursday,Mission,15,94158.0,1,4792.0,7288.0,2482.0,2271.0,643900.0,82195.0
Thursday,Mission,16,94102.0,26,31176.0,46472.0,18758.0,16844.0,574100.0,22517.0
Thursday,Mission,16,94103.0,5,27170.0,20036.0,14778.0,13098.0,628000.0,43364.0
Thursday,Mission,16,94105.0,1,5846.0,15826.0,4601.0,3586.0,740900.0,163949.0
Thursday,Mission,16,94110.0,79,69333.0,29816.0,28913.0,27128.0,768200.0,82111.0
Thursday,Mission,16,94114.0,34,31124.0,21837.0,17634.0,16281.0,1000001.0,114689.0
Thursday,Mission,16,94117.0,8,39169.0,23211.0,19255.0,17939.0,911500.0,94479.0
Thursday,Mission,16,94131.0,3,26881.0,12926.0,13427.0,12618.0,859700.0,96889.0
Thursday,Mission,16,94158.0,2,4792.0,7288.0,2482.0,2271.0,643900.0,82195.0
Thursday,Mission,17,94102.0,19,31176.0,46472.0,18758.0,16844.0,574100.0,22517.0
Thursday,Mission,17,94103.0,7,27170.0,20036.0,14778.0,13098.0,628000.0,43364.0
Thursday,Mission,17,94107.0,1,26599.0,14845.0,15141.0,13736.0,719700.0,114439.0
Thursday,Mission,17,94109.0,1,55984.0,47129.0,37182.0,33342.0,723200.0,60722.0
Thursday,Mission,17,94110.0,81,69333.0,29816.0,28913.0,27128.0,768200.0,82111.0
Thursday,Mission,17,94114.0,19,31124.0,21837.0,17634.0,16281.0,1000001.0,114689.0
Thursday,Mission,17,94117.0,5,39169.0,23211.0,19255.0,17939.0,911500.0,94479.0
Thursday,Mission,17,94131.0,2,26881.0,12926.0,13427.0,12618.0,859700.0,96889.0
Thursday,Mission,17,94158.0,4,4792.0,7288.0,2482.0,2271.0,643900.0,82195.0
Thursday,Mission,18,94102.0,40,31176.0,46472.0,18758.0,16844.0,574100.0,22517.0
Thursday,Mission,18,94103.0,17,27170.0,20036.0,14778.0,13098.0,628000.0,43364.0
Thursday,Mission,18,94110.0,86,69333.0,29816.0,28913.0,27128.0,768200.0,82111.0
Thursday,Mission,18,94114.0,28,31124.0,21837.0,17634.0,16281.0,1000001.0,114689.0
Thursday,Mission,18,94117.0,8,39169.0,23211.0,19255.0,17939.0,911500.0,94479.0
Thursday,Mission,18,94131.0,6,26881.0,12926.0,13427.0,12618.0,859700.0,96889.0
Thursday,Mission,18,94158.0,3,4792.0,7288.0,2482.0,2271.0,643900.0,82195.0
Thursday,Mission,19,94102.0,45,31176.0,46472.0,18758.0,16844.0,574100.0,22517.0
Thursday,Mission,19,94103.0,10,27170.0,20036.0,14778.0,13098.0,628000.0,43364.0
Thursday,Mission,19,94110.0,72,69333.0,29816.0,28913.0,27128.0,768200.0,82111.0
Thursday,Mission,19,94114.0,25,31124.0,21837.0,17634.0,16281.0,1000001.0,114689.0
Thursday,Mission,19,94117.0,12,39169.0,23211.0,19255.0,17939.0,911500.0,94479.0
Thursday,Mission,19,94131.0,3,26881.0,12926.0,13427.0,12618.0,859700.0,96889.0
Thursday,Mission,19,94158.0,8,4792.0,7288.0,2482.0,2271.0,643900.0,82195.0
Thursday,Mission,20,94102.0,19,31176.0,46472.0,18758.0,16844.0,574100.0,22517.0
Thursday,Mission,20,94103.0,6,27170.0,20036.0,14778.0,13098.0,628000.0,43364.0
Thursday,Mission,20,94110.0,66,69333.0,29816.0,28913.0,27128.0,768200.0,82111.0
Thursday,Mission,20,94114.0,27,31124.0,21837.0,17634.0,16281.0,1000001.0,114689.0
Thursday,Mission,20,94117.0,13,39169.0,23211.0,19255.0,17939.0,911500.0,94479.0
Thursday,Mission,20,94131.0,3,26881.0,12926.0,13427.0,12618.0,859700.0,96889.0
Thursday,Mission,20,94158.0,8,4792.0,7288.0,2482.0,2271.0,643900.0,82195.0
Thursday,Mission,21,94102.0,16,31176.0,46472.0,18758.0,16844.0,574100.0,22517.0
Thursday,Mission,21,94103.0,2,27170.0,20036.0,14778.0,13098.0,628000.0,43364.0
Thursday,Mission,21,94110.0,76,69333.0,29816.0,28913.0,27128.0,768200.0,82111.0
Thursday,Mission,21,94114.0,27,31124.0,21837.0,17634.0,16281.0,1000001.0,114689.0
Thursday,Mission,21,94117.0,11,39169.0,23211.0,19255.0,17939.0,911500.0,94479.0
Thursday,Mission,21,94127.0,1,19289.0,10895.0,7801.0,7511.0,916900.0,131351.0
Thursday,Mission,21,94131.0,4,26881.0,12926.0,13427.0,12618.0,859700.0,96889.0
Thursday,Mission,21,94158.0,4,4792.0,7288.0,2482.0,2271.0,643900.0,82195.0
Thursday,Mission,22,94102.0,30,31176.0,46472.0,18758.0,16844.0,574100.0,22517.0
Thursday,Mission,22,94103.0,1,27170.0,20036.0,14778.0,13098.0,628000.0,43364.0
Thursday,Mission,22,94110.0,80,69333.0,29816.0,28913.0,27128.0,768200.0,82111.0
Thursday,Mission,22,94114.0,21,31124.0,21837.0,17634.0,16281.0,1000001.0,114689.0
Thursday,Mission,22,94115.0,1,33021.0,29596.0,18884.0,17289.0,965800.0,76952.0
Thursday,Mission,22,94117.0,2,39169.0,23211.0,19255.0,17939.0,911500.0,94479.0
Thursday,Mission,22,94131.0,4,26881.0,12926.0,13427.0,12618.0,859700.0,96889.0
Thursday,Mission,22,94134.0,1,40798.0,17001.0,11867.0,11244.0,547800.0,56716.0
Thursday,Mission,22,94158.0,2,4792.0,7288.0,2482.0,2271.0,643900.0,82195.0
Thursday,Mission,23,94102.0,14,31176.0,46472.0,18758.0,16844.0,574100.0,22517.0
Thursday,Mission,23,94103.0,5,27170.0,20036.0,14778.0,13098.0,628000.0,43364.0
Thursday,Mission,23,94110.0,83,69333.0,29816.0,28913.0,27128.0,768200.0,82111.0
Thursday,Mission,23,94111.0,1,3713.0,10791.0,2811.0,2365.0,882000.0,89722.0
Thursday,Mission,23,94114.0,18,31124.0,21837.0,17634.0,16281.0,1000001.0,114689.0
Thursday,Mission,23,94117.0,11,39169.0,23211.0,19255.0,17939.0,911500.0,94479.0
Thursday,Mission,23,94131.0,1,26881.0,12926.0,13427.0,12618.0,859700.0,96889.0
Thursday,Mission,23,94158.0,7,4792.0,7288.0,2482.0,2271.0,643900.0,82195.0
Thursday,Northern,0,94102.0,31,31176.0,46472.0,18758.0,16844.0,574100.0,22517.0
Thursday,Northern,0,94109.0,19,55984.0,47129.0,37182.0,33342.0,723200.0,60722.0
Thursday,Northern,0,94110.0,2,69333.0,29816.0,28913.0,27128.0,768200.0,82111.0
Thursday,Northern,0,94114.0,1,31124.0,21837.0,17634.0,16281.0,1000001.0,114689.0
Thursday,Northern,0,94115.0,9,33021.0,29596.0,18884.0,17289.0,965800.0,76952.0
Thursday,Northern,0,94117.0,9,39169.0,23211.0,19255.0,17939.0,911500.0,94479.0
Thursday,Northern,0,94123.0,17,23088.0,22622.0,15083.0,13717.0,1000001.0,112650.0
Thursday,Northern,1,94102.0,13,31176.0,46472.0,18758.0,16844.0,574100.0,22517.0
Thursday,Northern,1,94109.0,17,55984.0,47129.0,37182.0,33342.0,723200.0,60722.0
Thursday,Northern,1,94115.0,7,33021.0,29596.0,18884.0,17289.0,965800.0,76952.0
Thursday,Northern,1,94117.0,3,39169.0,23211.0,19255.0,17939.0,911500.0,94479.0
Thursday,Northern,1,94123.0,16,23088.0,22622.0,15083.0,13717.0,1000001.0,112650.0
Thursday,Northern,2,94102.0,19,31176.0,46472.0,18758.0,16844.0,574100.0,22517.0
Thursday,Northern,2,94109.0,20,55984.0,47129.0,37182.0,33342.0,723200.0,60722.0
Thursday,Northern,2,94123.0,1,23088.0,22622.0,15083.0,13717.0,1000001.0,112650.0
Thursday,Northern,3,94102.0,17,31176.0,46472.0,18758.0,16844.0,574100.0,22517.0
Thursday,Northern,3,94109.0,25,55984.0,47129.0,37182.0,33342.0,723200.0,60722.0
Thursday,Northern,3,94115.0,8,33021.0,29596.0,18884.0,17289.0,965800.0,76952.0
Thursday,Northern,3,94123.0,7,23088.0,22622.0,15083.0,13717.0,1000001.0,112650.0
Thursday,Northern,4,94102.0,14,31176.0,46472.0,18758.0,16844.0,574100.0,22517.0
Thursday,Northern,4,94109.0,8,55984.0,47129.0,37182.0,33342.0,723200.0,60722.0
Thursday,Northern,4,94117.0,3,39169.0,23211.0,19255.0,17939.0,911500.0,94479.0
Thursday,Northern,4,94123.0,1,23088.0,22622.0,15083.0,13717.0,1000001.0,112650.0
Thursday,Northern,5,94102.0,10,31176.0,46472.0,18758.0,16844.0,574100.0,22517.0
Thursday,Northern,5,94109.0,10,55984.0,47129.0,37182.0,33342.0,723200.0,60722.0
Thursday,Northern,5,94117.0,1,39169.0,23211.0,19255.0,17939.0,911500.0,94479.0
Thursday,Northern,5,94123.0,3,23088.0,22622.0,15083.0,13717.0,1000001.0,112650.0
Thursday,Northern,6,94102.0,8,31176.0,46472.0,18758.0,16844.0,574100.0,22517.0
Thursday,Northern,6,94109.0,13,55984.0,47129.0,37182.0,33342.0,723200.0,60722.0
Thursday,Northern,6,94115.0,2,33021.0,29596.0,18884.0,17289.0,965800.0,76952.0
Thursday,Northern,6,94117.0,3,39169.0,23211.0,19255.0,17939.0,911500.0,94479.0
Thursday,Northern,6,94123.0,7,23088.0,22622.0,15083.0,13717.0,1000001.0,112650.0
Thursday,Northern,7,94102.0,37,31176.0,46472.0,18758.0,16844.0,574100.0,22517.0
Thursday,Northern,7,94103.0,1,27170.0,20036.0,14778.0,13098.0,628000.0,43364.0
Thursday,Northern,7,94109.0,20,55984.0,47129.0,37182.0,33342.0,723200.0,60722.0
Thursday,Northern,7,94114.0,1,31124.0,21837.0,17634.0,16281.0,1000001.0,114689.0
Thursday,Northern,7,94115.0,11,33021.0,29596.0,18884.0,17289.0,965800.0,76952.0
Thursday,Northern,7,94117.0,1,39169.0,23211.0,19255.0,17939.0,911500.0,94479.0
Thursday,Northern,7,94123.0,9,23088.0,22622.0,15083.0,13717.0,1000001.0,112650.0
Thursday,Northern,8,94102.0,41,31176.0,46472.0,18758.0,16844.0,574100.0,22517.0
Thursday,Northern,8,94109.0,27,55984.0,47129.0,37182.0,33342.0,723200.0,60722.0
Thursday,Northern,8,94111.0,3,3713.0,10791.0,2811.0,2365.0,882000.0,89722.0
Thursday,Northern,8,94115.0,8,33021.0,29596.0,18884.0,17289.0,965800.0,76952.0
Thursday,Northern,8,94117.0,1,39169.0,23211.0,19255.0,17939.0,911500.0,94479.0
Thursday,Northern,8,94123.0,10,23088.0,22622.0,15083.0,13717.0,1000001.0,112650.0
Thursday,Northern,9,94102.0,19,31176.0,46472.0,18758.0,16844.0,574100.0,22517.0
Thursday,Northern,9,94103.0,1,27170.0,20036.0,14778.0,13098.0,628000.0,43364.0
Thursday,Northern,9,94109.0,25,55984.0,47129.0,37182.0,33342.0,723200.0,60722.0
Thursday,Northern,9,94115.0,7,33021.0,29596.0,18884.0,17289.0,965800.0,76952.0
Thursday,Northern,9,94117.0,9,39169.0,23211.0,19255.0,17939.0,911500.0,94479.0
Thursday,Northern,9,94123.0,22,23088.0,22622.0,15083.0,13717.0,1000001.0,112650.0
Thursday,Northern,10,94102.0,31,31176.0,46472.0,18758.0,16844.0,574100.0,22517.0
Thursday,Northern,10,94109.0,17,55984.0,47129.0,37182.0,33342.0,723200.0,60722.0
Thursday,Northern,10,94111.0,1,3713.0,10791.0,2811.0,2365.0,882000.0,89722.0
Thursday,Northern,10,94115.0,11,33021.0,29596.0,18884.0,17289.0,965800.0,76952.0
Thursday,Northern,10,94117.0,11,39169.0,23211.0,19255.0,17939.0,911500.0,94479.0
Thursday,Northern,10,94123.0,13,23088.0,22622.0,15083.0,13717.0,1000001.0,112650.0
Thursday,Northern,10,94129.0,1,3183.0,1381.0,1132.0,1086.0,,143320.0
Thursday,Northern,11,94102.0,54,31176.0,46472.0,18758.0,16844.0,574100.0,22517.0
Thursday,Northern,11,94109.0,24,55984.0,47129.0,37182.0,33342.0,723200.0,60722.0
Thursday,Northern,11,94115.0,15,33021.0,29596.0,18884.0,17289.0,965800.0,76952.0
Thursday,Northern,11,94117.0,19,39169.0,23211.0,19255.0,17939.0,911500.0,94479.0
Thursday,Northern,11,94123.0,30,23088.0,22622.0,15083.0,13717.0,1000001.0,112650.0
Thursday,Northern,11,94129.0,1,3183.0,1381.0,1132.0,1086.0,,143320.0
Thursday,Northern,12,94102.0,63,31176.0,46472.0,18758.0,16844.0,574100.0,22517.0
Thursday,Northern,12,94109.0,34,55984.0,47129.0,37182.0,33342.0,723200.0,60722.0
Thursday,Northern,12,94111.0,2,3713.0,10791.0,2811.0,2365.0,882000.0,89722.0
Thursday,Northern,12,94115.0,22,33021.0,29596.0,18884.0,17289.0,965800.0,76952.0
Thursday,Northern,12,94117.0,22,39169.0,23211.0,19255.0,17939.0,911500.0,94479.0
Thursday,Northern,12,94123.0,26,23088.0,22622.0,15083.0,13717.0,1000001.0,112650.0
Thursday,Northern,13,94102.0,39,31176.0,46472.0,18758.0,16844.0,574100.0,22517.0
Thursday,Northern,13,94109.0,25,55984.0,47129.0,37182.0,33342.0,723200.0,60722.0
Thursday,Northern,13,94115.0,31,33021.0,29596.0,18884.0,17289.0,965800.0,76952.0
Thursday,Northern,13,94117.0,12,39169.0,23211.0,19255.0,17939.0,911500.0,94479.0
Thursday,Northern,13,94123.0,29,23088.0,22622.0,15083.0,13717.0,1000001.0,112650.0
Thursday,Northern,13,94129.0,1,3183.0,1381.0,1132.0,1086.0,,143320.0
Thursday,Northern,13,94134.0,1,40798.0,17001.0,11867.0,11244.0,547800.0,56716.0
Thursday,Northern,14,94102.0,34,31176.0,46472.0,18758.0,16844.0,574100.0,22517.0
Thursday,Northern,14,94103.0,1,27170.0,20036.0,14778.0,13098.0,628000.0,43364.0
Thursday,Northern,14,94109.0,36,55984.0,47129.0,37182.0,33342.0,723200.0,60722.0
Thursday,Northern,14,94111.0,8,3713.0,10791.0,2811.0,2365.0,882000.0,89722.0
Thursday,Northern,14,94115.0,32,33021.0,29596.0,18884.0,17289.0,965800.0,76952.0
Thursday,Northern,14,94117.0,18,39169.0,23211.0,19255.0,17939.0,911500.0,94479.0
Thursday,Northern,14,94123.0,17,23088.0,22622.0,15083.0,13717.0,1000001.0,112650.0
Thursday,Northern,15,94102.0,46,31176.0,46472.0,18758.0,16844.0,574100.0,22517.0
Thursday,Northern,15,94109.0,33,55984.0,47129.0,37182.0,33342.0,723200.0,60722.0
Thursday,Northern,15,94111.0,1,3713.0,10791.0,2811.0,2365.0,882000.0,89722.0
Thursday,Northern,15,94115.0,18,33021.0,29596.0,18884.0,17289.0,965800.0,76952.0
Thursday,Northern,15,94117.0,10,39169.0,23211.0,19255.0,17939.0,911500.0,94479.0
Thursday,Northern,15,94123.0,24,23088.0,22622.0,15083.0,13717.0,1000001.0,112650.0
Thursday,Northern,15,94127.0,1,19289.0,10895.0,7801.0,7511.0,916900.0,131351.0
Thursday,Northern,15,94129.0,2,3183.0,1381.0,1132.0,1086.0,,143320.0
Thursday,Northern,16,94102.0,42,31176.0,46472.0,18758.0,16844.0,574100.0,22517.0
Thursday,Northern,16,94109.0,27,55984.0,47129.0,37182.0,33342.0,723200.0,60722.0
Thursday,Northern,16,94115.0,21,33021.0,29596.0,18884.0,17289.0,965800.0,76952.0
Thursday,Northern,16,94117.0,10,39169.0,23211.0,19255.0,17939.0,911500.0,94479.0
Thursday,Northern,16,94123.0,19,23088.0,22622.0,15083.0,13717.0,1000001.0,112650.0
Thursday,Northern,16,94129.0,2,3183.0,1381.0,1132.0,1086.0,,143320.0
Thursday,Northern,16,94158.0,1,4792.0,7288.0,2482.0,2271.0,643900.0,82195.0
Thursday,Northern,17,94102.0,59,31176.0,46472.0,18758.0,16844.0,574100.0,22517.0
Thursday,Northern,17,94109.0,33,55984.0,47129.0,37182.0,33342.0,723200.0,60722.0
Thursday,Northern,17,94115.0,25,33021.0,29596.0,18884.0,17289.0,965800.0,76952.0
Thursday,Northern,17,94117.0,14,39169.0,23211.0,19255.0,17939.0,911500.0,94479.0
Thursday,Northern,17,94123.0,28,23088.0,22622.0,15083.0,13717.0,1000001.0,112650.0
Thursday,Northern,17,94129.0,4,3183.0,1381.0,1132.0,1086.0,,143320.0
Thursday,Northern,18,94102.0,79,31176.0,46472.0,18758.0,16844.0,574100.0,22517.0
Thursday,Northern,18,94109.0,38,55984.0,47129.0,37182.0,33342.0,723200.0,60722.0
Thursday,Northern,18,94115.0,24,33021.0,29596.0,18884.0,17289.0,965800.0,76952.0
Thursday,Northern,18,94117.0,14,39169.0,23211.0,19255.0,17939.0,911500.0,94479.0
Thursday,Northern,18,94122.0,1,56023.0,23699.0,23633.0,22162.0,774500.0,81768.0
Thursday,Northern,18,94123.0,24,23088.0,22622.0,15083.0,13717.0,1000001.0,112650.0
Thursday,Northern,18,94129.0,1,3183.0,1381.0,1132.0,1086.0,,143320.0
Thursday,Northern,19,94102.0,88,31176.0,46472.0,18758.0,16844.0,574100.0,22517.0
Thursday,Northern,19,94109.0,41,55984.0,47129.0,37182.0,33342.0,723200.0,60722.0
Thursday,Northern,19,94111.0,1,3713.0,10791.0,2811.0,2365.0,882000.0,89722.0
Thursday,Northern,19,94115.0,26,33021.0,29596.0,18884.0,17289.0,965800.0,76952.0
Thursday,Northern,19,94117.0,10,39169.0,23211.0,19255.0,17939.0,911500.0,94479.0
Thursday,Northern,19,94123.0,20,23088.0,22622.0,15083.0,13717.0,1000001.0,112650.0
Thursday,Northern,20,94102.0,52,31176.0,46472.0,18758.0,16844.0,574100.0,22517.0
Thursday,Northern,20,94109.0,41,55984.0,47129.0,37182.0,33342.0,723200.0,60722.0
Thursday,Northern,20,94115.0,21,33021.0,29596.0,18884.0,17289.0,965800.0,76952.0
Thursday,Northern,20,94117.0,17,39169.0,23211.0,19255.0,17939.0,911500.0,94479.0
Thursday,Northern,20,94123.0,24,23088.0,22622.0,15083.0,13717.0,1000001.0,112650.0
Thursday,Northern,21,94102.0,38,31176.0,46472.0,18758.0,16844.0,574100.0,22517.0
Thursday,Northern,21,94103.0,1,27170.0,20036.0,14778.0,13098.0,628000.0,43364.0
Thursday,Northern,21,94109.0,32,55984.0,47129.0,37182.0,33342.0,723200.0,60722.0
Thursday,Northern,21,94110.0,1,69333.0,29816.0,28913.0,27128.0,768200.0,82111.0
Thursday,Northern,21,94111.0,1,3713.0,10791.0,2811.0,2365.0,882000.0,89722.0
Thursday,Northern,21,94115.0,17,33021.0,29596.0,18884.0,17289.0,965800.0,76952.0
Thursday,Northern,21,94117.0,6,39169.0,23211.0,19255.0,17939.0,911500.0,94479.0
Thursday,Northern,21,94123.0,24,23088.0,22622.0,15083.0,13717.0,1000001.0,112650.0
Thursday,Northern,22,94102.0,28,31176.0,46472.0,18758.0,16844.0,574100.0,22517.0
Thursday,Northern,22,94104.0,1,406.0,5232.0,368.0,207.0,1000001.0,48750.0
Thursday,Northern,22,94109.0,31,55984.0,47129.0,37182.0,33342.0,723200.0,60722.0
Thursday,Northern,22,94111.0,1,3713.0,10791.0,2811.0,2365.0,882000.0,89722.0
Thursday,Northern,22,94115.0,11,33021.0,29596.0,18884.0,17289.0,965800.0,76952.0
Thursday,Northern,22,94117.0,9,39169.0,23211.0,19255.0,17939.0,911500.0,94479.0
Thursday,Northern,22,94123.0,26,23088.0,22622.0,15083.0,13717.0,1000001.0,112650.0
Thursday,Northern,23,94102.0,23,31176.0,46472.0,18758.0,16844.0,574100.0,22517.0
Thursday,Northern,23,94109.0,28,55984.0,47129.0,37182.0,33342.0,723200.0,60722.0
Thursday,Northern,23,94115.0,13,33021.0,29596.0,18884.0,17289.0,965800.0,76952.0
Thursday,Northern,23,94117.0,7,39169.0,23211.0,19255.0,17939.0,911500.0,94479.0
Thursday,Northern,23,94123.0,17,23088.0,22622.0,15083.0,13717.0,1000001.0,112650.0
Thursday,Out of SF,0,94103.0,8,27170.0,20036.0,14778.0,13098.0,628000.0,43364.0
Thursday,Out of SF,0,94108.0,5,13768.0,50983.0,8843.0,7628.0,856900.0,35427.0
Thursday,Out of SF,0,94110.0,3,69333.0,29816.0,28913.0,27128.0,768200.0,82111.0
Thursday,Out of SF,0,94123.0,1,23088.0,22622.0,15083.0,13717.0,1000001.0,112650.0
Thursday,Out of SF,0,94158.0,9,4792.0,7288.0,2482.0,2271.0,643900.0,82195.0
Thursday,Out of SF,1,94110.0,1,69333.0,29816.0,28913.0,27128.0,768200.0,82111.0
Thursday,Out of SF,1,94158.0,1,4792.0,7288.0,2482.0,2271.0,643900.0,82195.0
Thursday,Out of SF,3,94108.0,3,13768.0,50983.0,8843.0,7628.0,856900.0,35427.0
Thursday,Out of SF,4,94102.0,2,31176.0,46472.0,18758.0,16844.0,574100.0,22517.0
Thursday,Out of SF,6,94112.0,1,79407.0,23606.0,23081.0,21975.0,602400.0,71625.0
Thursday,Out of SF,6,94118.0,1,38319.0,19663.0,18633.0,17171.0,1000001.0,82857.0
Thursday,Out of SF,7,94103.0,4,27170.0,20036.0,14778.0,13098.0,628000.0,43364.0
Thursday,Out of SF,7,94105.0,4,5846.0,15826.0,4601.0,3586.0,740900.0,163949.0
Thursday,Out of SF,7,94108.0,7,13768.0,50983.0,8843.0,7628.0,856900.0,35427.0
Thursday,Out of SF,7,94158.0,1,4792.0,7288.0,2482.0,2271.0,643900.0,82195.0
Thursday,Out of SF,8,94102.0,1,31176.0,46472.0,18758.0,16844.0,574100.0,22517.0
Thursday,Out of SF,8,94103.0,9,27170.0,20036.0,14778.0,13098.0,628000.0,43364.0
Thursday,Out of SF,8,94110.0,1,69333.0,29816.0,28913.0,27128.0,768200.0,82111.0
Thursday,Out of SF,9,94103.0,2,27170.0,20036.0,14778.0,13098.0,628000.0,43364.0
Thursday,Out of SF,10,94103.0,1,27170.0,20036.0,14778.0,13098.0,628000.0,43364.0
Thursday,Out of SF,10,94108.0,7,13768.0,50983.0,8843.0,7628.0,856900.0,35427.0
Thursday,Out of SF,10,94110.0,1,69333.0,29816.0,28913.0,27128.0,768200.0,82111.0
Thursday,Out of SF,10,94158.0,1,4792.0,7288.0,2482.0,2271.0,643900.0,82195.0
Thursday,Out of SF,11,94108.0,4,13768.0,50983.0,8843.0,7628.0,856900.0,35427.0
Thursday,Out of SF,11,94158.0,4,4792.0,7288.0,2482.0,2271.0,643900.0,82195.0
Thursday,Out of SF,12,94103.0,1,27170.0,20036.0,14778.0,13098.0,628000.0,43364.0
Thursday,Out of SF,12,94108.0,3,13768.0,50983.0,8843.0,7628.0,856900.0,35427.0
Thursday,Out of SF,12,94116.0,2,43698.0,16901.0,16283.0,15445.0,734400.0,83407.0
Thursday,Out of SF,12,94122.0,1,56023.0,23699.0,23633.0,22162.0,774500.0,81768.0
Thursday,Out of SF,12,94123.0,1,23088.0,22622.0,15083.0,13717.0,1000001.0,112650.0
Thursday,Out of SF,12,94134.0,1,40798.0,17001.0,11867.0,11244.0,547800.0,56716.0
Thursday,Out of SF,12,94158.0,9,4792.0,7288.0,2482.0,2271.0,643900.0,82195.0
Thursday,Out of SF,13,94108.0,1,13768.0,50983.0,8843.0,7628.0,856900.0,35427.0
Thursday,Out of SF,13,94112.0,1,79407.0,23606.0,23081.0,21975.0,602400.0,71625.0
Thursday,Out of SF,13,94116.0,2,43698.0,16901.0,16283.0,15445.0,734400.0,83407.0
Thursday,Out of SF,13,94118.0,1,38319.0,19663.0,18633.0,17171.0,1000001.0,82857.0
Thursday,Out of SF,13,94124.0,1,33996.0,6901.0,10812.0,9717.0,470400.0,50146.0
Thursday,Out of SF,13,94127.0,1,19289.0,10895.0,7801.0,7511.0,916900.0,131351.0
Thursday,Out of SF,13,94130.0,2,2880.0,3196.0,786.0,656.0,,37500.0
Thursday,Out of SF,14,94103.0,1,27170.0,20036.0,14778.0,13098.0,628000.0,43364.0
Thursday,Out of SF,14,94108.0,3,13768.0,50983.0,8843.0,7628.0,856900.0,35427.0
Thursday,Out of SF,14,94110.0,2,69333.0,29816.0,28913.0,27128.0,768200.0,82111.0
Thursday,Out of SF,14,94124.0,1,33996.0,6901.0,10812.0,9717.0,470400.0,50146.0
Thursday,Out of SF,15,94102.0,1,31176.0,46472.0,18758.0,16844.0,574100.0,22517.0
Thursday,Out of SF,15,94108.0,4,13768.0,50983.0,8843.0,7628.0,856900.0,35427.0
Thursday,Out of SF,15,94110.0,1,69333.0,29816.0,28913.0,27128.0,768200.0,82111.0
Thursday,Out of SF,15,94112.0,2,79407.0,23606.0,23081.0,21975.0,602400.0,71625.0
Thursday,Out of SF,15,94158.0,4,4792.0,7288.0,2482.0,2271.0,643900.0,82195.0
Thursday,Out of SF,16,94103.0,4,27170.0,20036.0,14778.0,13098.0,628000.0,43364.0
Thursday,Out of SF,16,94108.0,1,13768.0,50983.0,8843.0,7628.0,856900.0,35427.0
Thursday,Out of SF,16,94124.0,1,33996.0,6901.0,10812.0,9717.0,470400.0,50146.0
Thursday,Out of SF,17,94102.0,2,31176.0,46472.0,18758.0,16844.0,574100.0,22517.0
Thursday,Out of SF,17,94103.0,5,27170.0,20036.0,14778.0,13098.0,628000.0,43364.0
Thursday,Out of SF,17,94110.0,1,69333.0,29816.0,28913.0,27128.0,768200.0,82111.0
Thursday,Out of SF,17,94116.0,1,43698.0,16901.0,16283.0,15445.0,734400.0,83407.0
Thursday,Out of SF,17,94158.0,4,4792.0,7288.0,2482.0,2271.0,643900.0,82195.0
Thursday,Out of SF,18,94108.0,3,13768.0,50983.0,8843.0,7628.0,856900.0,35427.0
Thursday,Out of SF,19,94103.0,4,27170.0,20036.0,14778.0,13098.0,628000.0,43364.0
Thursday,Out of SF,19,94110.0,1,69333.0,29816.0,28913.0,27128.0,768200.0,82111.0
Thursday,Out of SF,19,94118.0,1,38319.0,19663.0,18633.0,17171.0,1000001.0,82857.0
Thursday,Out of SF,19,94134.0,1,40798.0,17001.0,11867.0,11244.0,547800.0,56716.0
Thursday,Out of SF,19,94158.0,2,4792.0,7288.0,2482.0,2271.0,643900.0,82195.0
Thursday,Out of SF,20,94103.0,2,27170.0,20036.0,14778.0,13098.0,628000.0,43364.0
Thursday,Out of SF,20,94110.0,4,69333.0,29816.0,28913.0,27128.0,768200.0,82111.0
Thursday,Out of SF,20,94116.0,1,43698.0,16901.0,16283.0,15445.0,734400.0,83407.0
Thursday,Out of SF,20,94131.0,1,26881.0,12926.0,13427.0,12618.0,859700.0,96889.0
Thursday,Out of SF,21,94112.0,2,79407.0,23606.0,23081.0,21975.0,602400.0,71625.0
Thursday,Out of SF,21,94127.0,1,19289.0,10895.0,7801.0,7511.0,916900.0,131351.0
Thursday,Out of SF,21,94158.0,1,4792.0,7288.0,2482.0,2271.0,643900.0,82195.0
Thursday,Out of SF,22,94103.0,1,27170.0,20036.0,14778.0,13098.0,628000.0,43364.0
Thursday,Out of SF,22,94108.0,2,13768.0,50983.0,8843.0,7628.0,856900.0,35427.0
Thursday,Out of SF,22,94116.0,1,43698.0,16901.0,16283.0,15445.0,734400.0,83407.0
Thursday,Out of SF,22,94134.0,1,40798.0,17001.0,11867.0,11244.0,547800.0,56716.0
Thursday,Out of SF,22,94158.0,2,4792.0,7288.0,2482.0,2271.0,643900.0,82195.0
Thursday,Out of SF,23,94104.0,1,406.0,5232.0,368.0,207.0,1000001.0,48750.0
Thursday,Park,0,94114.0,3,31124.0,21837.0,17634.0,16281.0,1000001.0,114689.0
Thursday,Park,0,94117.0,21,39169.0,23211.0,19255.0,17939.0,911500.0,94479.0
Thursday,Park,0,94118.0,4,38319.0,19663.0,18633.0,17171.0,1000001.0,82857.0
Thursday,Park,0,94122.0,1,56023.0,23699.0,23633.0,22162.0,774500.0,81768.0
Thursday,Park,0,94131.0,2,26881.0,12926.0,13427.0,12618.0,859700.0,96889.0
Thursday,Park,1,94114.0,2,31124.0,21837.0,17634.0,16281.0,1000001.0,114689.0
Thursday,Park,1,94117.0,10,39169.0,23211.0,19255.0,17939.0,911500.0,94479.0
Thursday,Park,1,94118.0,1,38319.0,19663.0,18633.0,17171.0,1000001.0,82857.0
Thursday,Park,1,94122.0,1,56023.0,23699.0,23633.0,22162.0,774500.0,81768.0
Thursday,Park,1,94131.0,4,26881.0,12926.0,13427.0,12618.0,859700.0,96889.0
Thursday,Park,2,94114.0,5,31124.0,21837.0,17634.0,16281.0,1000001.0,114689.0
Thursday,Park,2,94115.0,1,33021.0,29596.0,18884.0,17289.0,965800.0,76952.0
Thursday,Park,2,94116.0,1,43698.0,16901.0,16283.0,15445.0,734400.0,83407.0
Thursday,Park,2,94117.0,12,39169.0,23211.0,19255.0,17939.0,911500.0,94479.0
Thursday,Park,2,94131.0,1,26881.0,12926.0,13427.0,12618.0,859700.0,96889.0
Thursday,Park,2,94158.0,1,4792.0,7288.0,2482.0,2271.0,643900.0,82195.0
Thursday,Park,3,94102.0,2,31176.0,46472.0,18758.0,16844.0,574100.0,22517.0
Thursday,Park,3,94117.0,7,39169.0,23211.0,19255.0,17939.0,911500.0,94479.0
Thursday,Park,3,94118.0,4,38319.0,19663.0,18633.0,17171.0,1000001.0,82857.0
Thursday,Park,4,94114.0,3,31124.0,21837.0,17634.0,16281.0,1000001.0,114689.0
Thursday,Park,4,94117.0,17,39169.0,23211.0,19255.0,17939.0,911500.0,94479.0
Thursday,Park,5,94114.0,2,31124.0,21837.0,17634.0,16281.0,1000001.0,114689.0
Thursday,Park,5,94117.0,13,39169.0,23211.0,19255.0,17939.0,911500.0,94479.0
Thursday,Park,5,94118.0,3,38319.0,19663.0,18633.0,17171.0,1000001.0,82857.0
Thursday,Park,5,94131.0,1,26881.0,12926.0,13427.0,12618.0,859700.0,96889.0
Thursday,Park,6,94110.0,1,69333.0,29816.0,28913.0,27128.0,768200.0,82111.0
Thursday,Park,6,94114.0,1,31124.0,21837.0,17634.0,16281.0,1000001.0,114689.0
Thursday,Park,6,94117.0,7,39169.0,23211.0,19255.0,17939.0,911500.0,94479.0
Thursday,Park,6,94118.0,3,38319.0,19663.0,18633.0,17171.0,1000001.0,82857.0
Thursday,Park,6,94131.0,1,26881.0,12926.0,13427.0,12618.0,859700.0,96889.0
Thursday,Park,7,94114.0,1,31124.0,21837.0,17634.0,16281.0,1000001.0,114689.0
Thursday,Park,7,94117.0,28,39169.0,23211.0,19255.0,17939.0,911500.0,94479.0
Thursday,Park,7,94118.0,8,38319.0,19663.0,18633.0,17171.0,1000001.0,82857.0
Thursday,Park,7,94131.0,1,26881.0,12926.0,13427.0,12618.0,859700.0,96889.0
Thursday,Park,8,94114.0,4,31124.0,21837.0,17634.0,16281.0,1000001.0,114689.0
Thursday,Park,8,94115.0,4,33021.0,29596.0,18884.0,17289.0,965800.0,76952.0
Thursday,Park,8,94117.0,37,39169.0,23211.0,19255.0,17939.0,911500.0,94479.0
Thursday,Park,8,94118.0,11,38319.0,19663.0,18633.0,17171.0,1000001.0,82857.0
Thursday,Park,8,94122.0,9,56023.0,23699.0,23633.0,22162.0,774500.0,81768.0
Thursday,Park,8,94131.0,3,26881.0,12926.0,13427.0,12618.0,859700.0,96889.0
Thursday,Park,9,94102.0,2,31176.0,46472.0,18758.0,16844.0,574100.0,22517.0
Thursday,Park,9,94114.0,11,31124.0,21837.0,17634.0,16281.0,1000001.0,114689.0
Thursday,Park,9,94117.0,38,39169.0,23211.0,19255.0,17939.0,911500.0,94479.0
Thursday,Park,9,94118.0,3,38319.0,19663.0,18633.0,17171.0,1000001.0,82857.0
Thursday,Park,9,94122.0,2,56023.0,23699.0,23633.0,22162.0,774500.0,81768.0
Thursday,Park,9,94131.0,2,26881.0,12926.0,13427.0,12618.0,859700.0,96889.0
Thursday,Park,10,94102.0,1,31176.0,46472.0,18758.0,16844.0,574100.0,22517.0
Thursday,Park,10,94114.0,5,31124.0,21837.0,17634.0,16281.0,1000001.0,114689.0
Thursday,Park,10,94115.0,5,33021.0,29596.0,18884.0,17289.0,965800.0,76952.0
Thursday,Park,10,94117.0,25,39169.0,23211.0,19255.0,17939.0,911500.0,94479.0
Thursday,Park,10,94118.0,10,38319.0,19663.0,18633.0,17171.0,1000001.0,82857.0
Thursday,Park,10,94131.0,2,26881.0,12926.0,13427.0,12618.0,859700.0,96889.0
Thursday,Park,11,94114.0,3,31124.0,21837.0,17634.0,16281.0,1000001.0,114689.0
Thursday,Park,11,94117.0,29,39169.0,23211.0,19255.0,17939.0,911500.0,94479.0
Thursday,Park,11,94118.0,5,38319.0,19663.0,18633.0,17171.0,1000001.0,82857.0
Thursday,Park,11,94122.0,3,56023.0,23699.0,23633.0,22162.0,774500.0,81768.0
Thursday,Park,11,94131.0,3,26881.0,12926.0,13427.0,12618.0,859700.0,96889.0
Thursday,Park,12,94102.0,1,31176.0,46472.0,18758.0,16844.0,574100.0,22517.0
Thursday,Park,12,94114.0,8,31124.0,21837.0,17634.0,16281.0,1000001.0,114689.0
Thursday,Park,12,94115.0,2,33021.0,29596.0,18884.0,17289.0,965800.0,76952.0
Thursday,Park,12,94117.0,54,39169.0,23211.0,19255.0,17939.0,911500.0,94479.0
Thursday,Park,12,94118.0,7,38319.0,19663.0,18633.0,17171.0,1000001.0,82857.0
Thursday,Park,12,94122.0,5,56023.0,23699.0,23633.0,22162.0,774500.0,81768.0
Thursday,Park,12,94131.0,10,26881.0,12926.0,13427.0,12618.0,859700.0,96889.0
Thursday,Park,13,94103.0,1,27170.0,20036.0,14778.0,13098.0,628000.0,43364.0
Thursday,Park,13,94110.0,1,69333.0,29816.0,28913.0,27128.0,768200.0,82111.0
Thursday,Park,13,94114.0,7,31124.0,21837.0,17634.0,16281.0,1000001.0,114689.0
Thursday,Park,13,94117.0,20,39169.0,23211.0,19255.0,17939.0,911500.0,94479.0
Thursday,Park,13,94118.0,3,38319.0,19663.0,18633.0,17171.0,1000001.0,82857.0
Thursday,Park,13,94122.0,1,56023.0,23699.0,23633.0,22162.0,774500.0,81768.0
Thursday,Park,13,94131.0,4,26881.0,12926.0,13427.0,12618.0,859700.0,96889.0
Thursday,Park,14,94114.0,6,31124.0,21837.0,17634.0,16281.0,1000001.0,114689.0
Thursday,Park,14,94115.0,3,33021.0,29596.0,18884.0,17289.0,965800.0,76952.0
Thursday,Park,14,94117.0,36,39169.0,23211.0,19255.0,17939.0,911500.0,94479.0
Thursday,Park,14,94118.0,6,38319.0,19663.0,18633.0,17171.0,1000001.0,82857.0
Thursday,Park,14,94122.0,3,56023.0,23699.0,23633.0,22162.0,774500.0,81768.0
Thursday,Park,14,94131.0,5,26881.0,12926.0,13427.0,12618.0,859700.0,96889.0
Thursday,Park,15,94114.0,5,31124.0,21837.0,17634.0,16281.0,1000001.0,114689.0
Thursday,Park,15,94117.0,23,39169.0,23211.0,19255.0,17939.0,911500.0,94479.0
Thursday,Park,15,94118.0,7,38319.0,19663.0,18633.0,17171.0,1000001.0,82857.0
Thursday,Park,15,94122.0,1,56023.0,23699.0,23633.0,22162.0,774500.0,81768.0
Thursday,Park,15,94131.0,7,26881.0,12926.0,13427.0,12618.0,859700.0,96889.0
Thursday,Park,16,94102.0,1,31176.0,46472.0,18758.0,16844.0,574100.0,22517.0
Thursday,Park,16,94109.0,1,55984.0,47129.0,37182.0,33342.0,723200.0,60722.0
Thursday,Park,16,94114.0,1,31124.0,21837.0,17634.0,16281.0,1000001.0,114689.0
Thursday,Park,16,94117.0,37,39169.0,23211.0,19255.0,17939.0,911500.0,94479.0
Thursday,Park,16,94118.0,7,38319.0,19663.0,18633.0,17171.0,1000001.0,82857.0
Thursday,Park,16,94122.0,2,56023.0,23699.0,23633.0,22162.0,774500.0,81768.0
Thursday,Park,16,94131.0,5,26881.0,12926.0,13427.0,12618.0,859700.0,96889.0
Thursday,Park,17,94114.0,6,31124.0,21837.0,17634.0,16281.0,1000001.0,114689.0
Thursday,Park,17,94117.0,30,39169.0,23211.0,19255.0,17939.0,911500.0,94479.0
Thursday,Park,17,94118.0,4,38319.0,19663.0,18633.0,17171.0,1000001.0,82857.0
Thursday,Park,17,94122.0,1,56023.0,23699.0,23633.0,22162.0,774500.0,81768.0
Thursday,Park,17,94127.0,2,19289.0,10895.0,7801.0,7511.0,916900.0,131351.0
Thursday,Park,17,94131.0,7,26881.0,12926.0,13427.0,12618.0,859700.0,96889.0
Thursday,Park,18,94114.0,7,31124.0,21837.0,17634.0,16281.0,1000001.0,114689.0
Thursday,Park,18,94117.0,40,39169.0,23211.0,19255.0,17939.0,911500.0,94479.0
Thursday,Park,18,94118.0,7,38319.0,19663.0,18633.0,17171.0,1000001.0,82857.0
Thursday,Park,18,94122.0,5,56023.0,23699.0,23633.0,22162.0,774500.0,81768.0
Thursday,Park,18,94131.0,4,26881.0,12926.0,13427.0,12618.0,859700.0,96889.0
Thursday,Park,19,94114.0,4,31124.0,21837.0,17634.0,16281.0,1000001.0,114689.0
Thursday,Park,19,94115.0,3,33021.0,29596.0,18884.0,17289.0,965800.0,76952.0
Thursday,Park,19,94117.0,27,39169.0,23211.0,19255.0,17939.0,911500.0,94479.0
Thursday,Park,19,94118.0,3,38319.0,19663.0,18633.0,17171.0,1000001.0,82857.0
Thursday,Park,19,94122.0,4,56023.0,23699.0,23633.0,22162.0,774500.0,81768.0
Thursday,Park,19,94131.0,9,26881.0,12926.0,13427.0,12618.0,859700.0,96889.0
Thursday,Park,20,94102.0,1,31176.0,46472.0,18758.0,16844.0,574100.0,22517.0
Thursday,Park,20,94114.0,2,31124.0,21837.0,17634.0,16281.0,1000001.0,114689.0
Thursday,Park,20,94117.0,19,39169.0,23211.0,19255.0,17939.0,911500.0,94479.0
Thursday,Park,20,94118.0,1,38319.0,19663.0,18633.0,17171.0,1000001.0,82857.0
Thursday,Park,20,94122.0,4,56023.0,23699.0,23633.0,22162.0,774500.0,81768.0
Thursday,Park,20,94131.0,4,26881.0,12926.0,13427.0,12618.0,859700.0,96889.0
Thursday,Park,21,94102.0,3,31176.0,46472.0,18758.0,16844.0,574100.0,22517.0
Thursday,Park,21,94114.0,2,31124.0,21837.0,17634.0,16281.0,1000001.0,114689.0
Thursday,Park,21,94115.0,2,33021.0,29596.0,18884.0,17289.0,965800.0,76952.0
Thursday,Park,21,94117.0,18,39169.0,23211.0,19255.0,17939.0,911500.0,94479.0
Thursday,Park,21,94118.0,4,38319.0,19663.0,18633.0,17171.0,1000001.0,82857.0
Thursday,Park,21,94122.0,2,56023.0,23699.0,23633.0,22162.0,774500.0,81768.0
Thursday,Park,21,94131.0,9,26881.0,12926.0,13427.0,12618.0,859700.0,96889.0
Thursday,Park,22,94102.0,1,31176.0,46472.0,18758.0,16844.0,574100.0,22517.0
Thursday,Park,22,94114.0,8,31124.0,21837.0,17634.0,16281.0,1000001.0,114689.0
Thursday,Park,22,94117.0,19,39169.0,23211.0,19255.0,17939.0,911500.0,94479.0
Thursday,Park,22,94118.0,2,38319.0,19663.0,18633.0,17171.0,1000001.0,82857.0
Thursday,Park,22,94122.0,3,56023.0,23699.0,23633.0,22162.0,774500.0,81768.0
Thursday,Park,22,94131.0,2,26881.0,12926.0,13427.0,12618.0,859700.0,96889.0
Thursday,Park,23,94102.0,2,31176.0,46472.0,18758.0,16844.0,574100.0,22517.0
Thursday,Park,23,94114.0,1,31124.0,21837.0,17634.0,16281.0,1000001.0,114689.0
Thursday,Park,23,94117.0,21,39169.0,23211.0,19255.0,17939.0,911500.0,94479.0
Thursday,Park,23,94118.0,1,38319.0,19663.0,18633.0,17171.0,1000001.0,82857.0
Thursday,Park,23,94122.0,2,56023.0,23699.0,23633.0,22162.0,774500.0,81768.0
Thursday,Park,23,94127.0,1,19289.0,10895.0,7801.0,7511.0,916900.0,131351.0
Thursday,Park,23,94131.0,3,26881.0,12926.0,13427.0,12618.0,859700.0,96889.0
Thursday,Richmond,0,94115.0,13,33021.0,29596.0,18884.0,17289.0,965800.0,76952.0
Thursday,Richmond,0,94118.0,22,38319.0,19663.0,18633.0,17171.0,1000001.0,82857.0
Thursday,Richmond,0,94122.0,29,56023.0,23699.0,23633.0,22162.0,774500.0,81768.0
Thursday,Richmond,1,94115.0,3,33021.0,29596.0,18884.0,17289.0,965800.0,76952.0
Thursday,Richmond,1,94118.0,6,38319.0,19663.0,18633.0,17171.0,1000001.0,82857.0
Thursday,Richmond,1,94122.0,4,56023.0,23699.0,23633.0,22162.0,774500.0,81768.0
Thursday,Richmond,2,94115.0,3,33021.0,29596.0,18884.0,17289.0,965800.0,76952.0
Thursday,Richmond,2,94118.0,15,38319.0,19663.0,18633.0,17171.0,1000001.0,82857.0
Thursday,Richmond,2,94122.0,3,56023.0,23699.0,23633.0,22162.0,774500.0,81768.0
Thursday,Richmond,3,94118.0,5,38319.0,19663.0,18633.0,17171.0,1000001.0,82857.0
Thursday,Richmond,4,94118.0,8,38319.0,19663.0,18633.0,17171.0,1000001.0,82857.0
Thursday,Richmond,4,94122.0,3,56023.0,23699.0,23633.0,22162.0,774500.0,81768.0
Thursday,Richmond,5,94109.0,1,55984.0,47129.0,37182.0,33342.0,723200.0,60722.0
Thursday,Richmond,5,94115.0,1,33021.0,29596.0,18884.0,17289.0,965800.0,76952.0
Thursday,Richmond,5,94118.0,6,38319.0,19663.0,18633.0,17171.0,1000001.0,82857.0
Thursday,Richmond,5,94122.0,1,56023.0,23699.0,23633.0,22162.0,774500.0,81768.0
Thursday,Richmond,6,94104.0,1,406.0,5232.0,368.0,207.0,1000001.0,48750.0
Thursday,Richmond,6,94118.0,10,38319.0,19663.0,18633.0,17171.0,1000001.0,82857.0
Thursday,Richmond,6,94122.0,2,56023.0,23699.0,23633.0,22162.0,774500.0,81768.0
Thursday,Richmond,7,94115.0,8,33021.0,29596.0,18884.0,17289.0,965800.0,76952.0
Thursday,Richmond,7,94118.0,32,38319.0,19663.0,18633.0,17171.0,1000001.0,82857.0
Thursday,Richmond,7,94122.0,6,56023.0,23699.0,23633.0,22162.0,774500.0,81768.0
Thursday,Richmond,7,94129.0,1,3183.0,1381.0,1132.0,1086.0,,143320.0
Thursday,Richmond,8,94108.0,1,13768.0,50983.0,8843.0,7628.0,856900.0,35427.0
Thursday,Richmond,8,94115.0,3,33021.0,29596.0,18884.0,17289.0,965800.0,76952.0
Thursday,Richmond,8,94118.0,21,38319.0,19663.0,18633.0,17171.0,1000001.0,82857.0
Thursday,Richmond,8,94122.0,10,56023.0,23699.0,23633.0,22162.0,774500.0,81768.0
Thursday,Richmond,9,94115.0,4,33021.0,29596.0,18884.0,17289.0,965800.0,76952.0
Thursday,Richmond,9,94116.0,2,43698.0,16901.0,16283.0,15445.0,734400.0,83407.0
Thursday,Richmond,9,94118.0,25,38319.0,19663.0,18633.0,17171.0,1000001.0,82857.0
Thursday,Richmond,9,94122.0,13,56023.0,23699.0,23633.0,22162.0,774500.0,81768.0
Thursday,Richmond,10,94115.0,10,33021.0,29596.0,18884.0,17289.0,965800.0,76952.0
Thursday,Richmond,10,94118.0,27,38319.0,19663.0,18633.0,17171.0,1000001.0,82857.0
Thursday,Richmond,10,94122.0,15,56023.0,23699.0,23633.0,22162.0,774500.0,81768.0
Thursday,Richmond,10,94123.0,1,23088.0,22622.0,15083.0,13717.0,1000001.0,112650.0
Thursday,Richmond,11,94103.0,1,27170.0,20036.0,14778.0,13098.0,628000.0,43364.0
Thursday,Richmond,11,94115.0,10,33021.0,29596.0,18884.0,17289.0,965800.0,76952.0
Thursday,Richmond,11,94118.0,24,38319.0,19663.0,18633.0,17171.0,1000001.0,82857.0
Thursday,Richmond,11,94122.0,26,56023.0,23699.0,23633.0,22162.0,774500.0,81768.0
Thursday,Richmond,12,94115.0,7,33021.0,29596.0,18884.0,17289.0,965800.0,76952.0
Thursday,Richmond,12,94118.0,41,38319.0,19663.0,18633.0,17171.0,1000001.0,82857.0
Thursday,Richmond,12,94122.0,30,56023.0,23699.0,23633.0,22162.0,774500.0,81768.0
Thursday,Richmond,12,94129.0,1,3183.0,1381.0,1132.0,1086.0,,143320.0
Thursday,Richmond,13,94115.0,6,33021.0,29596.0,18884.0,17289.0,965800.0,76952.0
Thursday,Richmond,13,94118.0,33,38319.0,19663.0,18633.0,17171.0,1000001.0,82857.0
Thursday,Richmond,13,94122.0,26,56023.0,23699.0,23633.0,22162.0,774500.0,81768.0
Thursday,Richmond,14,94115.0,12,33021.0,29596.0,18884.0,17289.0,965800.0,76952.0
Thursday,Richmond,14,94118.0,22,38319.0,19663.0,18633.0,17171.0,1000001.0,82857.0
Thursday,Richmond,14,94122.0,34,56023.0,23699.0,23633.0,22162.0,774500.0,81768.0
Thursday,Richmond,15,94115.0,10,33021.0,29596.0,18884.0,17289.0,965800.0,76952.0
Thursday,Richmond,15,94118.0,29,38319.0,19663.0,18633.0,17171.0,1000001.0,82857.0
Thursday,Richmond,15,94122.0,38,56023.0,23699.0,23633.0,22162.0,774500.0,81768.0
Thursday,Richmond,16,94103.0,1,27170.0,20036.0,14778.0,13098.0,628000.0,43364.0
Thursday,Richmond,16,94115.0,13,33021.0,29596.0,18884.0,17289.0,965800.0,76952.0
Thursday,Richmond,16,94118.0,25,38319.0,19663.0,18633.0,17171.0,1000001.0,82857.0
Thursday,Richmond,16,94122.0,29,56023.0,23699.0,23633.0,22162.0,774500.0,81768.0
Thursday,Richmond,16,94129.0,1,3183.0,1381.0,1132.0,1086.0,,143320.0
Thursday,Richmond,17,94115.0,19,33021.0,29596.0,18884.0,17289.0,965800.0,76952.0
Thursday,Richmond,17,94118.0,39,38319.0,19663.0,18633.0,17171.0,1000001.0,82857.0
Thursday,Richmond,17,94122.0,28,56023.0,23699.0,23633.0,22162.0,774500.0,81768.0
Thursday,Richmond,17,94129.0,1,3183.0,1381.0,1132.0,1086.0,,143320.0
Thursday,Richmond,18,94115.0,7,33021.0,29596.0,18884.0,17289.0,965800.0,76952.0
Thursday,Richmond,18,94118.0,25,38319.0,19663.0,18633.0,17171.0,1000001.0,82857.0
Thursday,Richmond,18,94122.0,19,56023.0,23699.0,23633.0,22162.0,774500.0,81768.0
Thursday,Richmond,19,94115.0,11,33021.0,29596.0,18884.0,17289.0,965800.0,76952.0
Thursday,Richmond,19,94118.0,40,38319.0,19663.0,18633.0,17171.0,1000001.0,82857.0
Thursday,Richmond,19,94122.0,19,56023.0,23699.0,23633.0,22162.0,774500.0,81768.0
Thursday,Richmond,20,94115.0,11,33021.0,29596.0,18884.0,17289.0,965800.0,76952.0
Thursday,Richmond,20,94118.0,36,38319.0,19663.0,18633.0,17171.0,1000001.0,82857.0
Thursday,Richmond,20,94122.0,12,56023.0,23699.0,23633.0,22162.0,774500.0,81768.0
Thursday,Richmond,21,94115.0,11,33021.0,29596.0,18884.0,17289.0,965800.0,76952.0
Thursday,Richmond,21,94118.0,37,38319.0,19663.0,18633.0,17171.0,1000001.0,82857.0
Thursday,Richmond,21,94122.0,12,56023.0,23699.0,23633.0,22162.0,774500.0,81768.0
Thursday,Richmond,22,94115.0,5,33021.0,29596.0,18884.0,17289.0,965800.0,76952.0
Thursday,Richmond,22,94118.0,38,38319.0,19663.0,18633.0,17171.0,1000001.0,82857.0
Thursday,Richmond,22,94122.0,8,56023.0,23699.0,23633.0,22162.0,774500.0,81768.0
Thursday,Richmond,23,94115.0,7,33021.0,29596.0,18884.0,17289.0,965800.0,76952.0
Thursday,Richmond,23,94118.0,34,38319.0,19663.0,18633.0,17171.0,1000001.0,82857.0
Thursday,Richmond,23,94122.0,4,56023.0,23699.0,23633.0,22162.0,774500.0,81768.0
Thursday,Southern,0,94102.0,14,31176.0,46472.0,18758.0,16844.0,574100.0,22517.0
Thursday,Southern,0,94103.0,56,27170.0,20036.0,14778.0,13098.0,628000.0,43364.0
Thursday,Southern,0,94104.0,3,406.0,5232.0,368.0,207.0,1000001.0,48750.0
Thursday,Southern,0,94105.0,28,5846.0,15826.0,4601.0,3586.0,740900.0,163949.0
Thursday,Southern,0,94107.0,3,26599.0,14845.0,15141.0,13736.0,719700.0,114439.0
Thursday,Southern,0,94110.0,2,69333.0,29816.0,28913.0,27128.0,768200.0,82111.0
Thursday,Southern,0,94111.0,1,3713.0,10791.0,2811.0,2365.0,882000.0,89722.0
Thursday,Southern,0,94130.0,3,2880.0,3196.0,786.0,656.0,,37500.0
Thursday,Southern,0,94158.0,16,4792.0,7288.0,2482.0,2271.0,643900.0,82195.0
Thursday,Southern,1,94102.0,6,31176.0,46472.0,18758.0,16844.0,574100.0,22517.0
Thursday,Southern,1,94103.0,35,27170.0,20036.0,14778.0,13098.0,628000.0,43364.0
Thursday,Southern,1,94105.0,13,5846.0,15826.0,4601.0,3586.0,740900.0,163949.0
Thursday,Southern,1,94158.0,7,4792.0,7288.0,2482.0,2271.0,643900.0,82195.0
Thursday,Southern,2,94102.0,1,31176.0,46472.0,18758.0,16844.0,574100.0,22517.0
Thursday,Southern,2,94103.0,26,27170.0,20036.0,14778.0,13098.0,628000.0,43364.0
Thursday,Southern,2,94105.0,7,5846.0,15826.0,4601.0,3586.0,740900.0,163949.0
Thursday,Southern,2,94110.0,1,69333.0,29816.0,28913.0,27128.0,768200.0,82111.0
Thursday,Southern,2,94158.0,7,4792.0,7288.0,2482.0,2271.0,643900.0,82195.0
Thursday,Southern,3,94102.0,5,31176.0,46472.0,18758.0,16844.0,574100.0,22517.0
Thursday,Southern,3,94103.0,37,27170.0,20036.0,14778.0,13098.0,628000.0,43364.0
Thursday,Southern,3,94104.0,1,406.0,5232.0,368.0,207.0,1000001.0,48750.0
Thursday,Southern,3,94105.0,8,5846.0,15826.0,4601.0,3586.0,740900.0,163949.0
Thursday,Southern,3,94130.0,4,2880.0,3196.0,786.0,656.0,,37500.0
Thursday,Southern,3,94158.0,5,4792.0,7288.0,2482.0,2271.0,643900.0,82195.0
Thursday,Southern,4,94102.0,1,31176.0,46472.0,18758.0,16844.0,574100.0,22517.0
Thursday,Southern,4,94103.0,16,27170.0,20036.0,14778.0,13098.0,628000.0,43364.0
Thursday,Southern,4,94104.0,2,406.0,5232.0,368.0,207.0,1000001.0,48750.0
Thursday,Southern,4,94105.0,2,5846.0,15826.0,4601.0,3586.0,740900.0,163949.0
Thursday,Southern,4,94130.0,1,2880.0,3196.0,786.0,656.0,,37500.0
Thursday,Southern,4,94158.0,7,4792.0,7288.0,2482.0,2271.0,643900.0,82195.0
Thursday,Southern,5,94102.0,2,31176.0,46472.0,18758.0,16844.0,574100.0,22517.0
Thursday,Southern,5,94103.0,16,27170.0,20036.0,14778.0,13098.0,628000.0,43364.0
Thursday,Southern,5,94104.0,2,406.0,5232.0,368.0,207.0,1000001.0,48750.0
Thursday,Southern,5,94105.0,2,5846.0,15826.0,4601.0,3586.0,740900.0,163949.0
Thursday,Southern,5,94124.0,1,33996.0,6901.0,10812.0,9717.0,470400.0,50146.0
Thursday,Southern,5,94130.0,2,2880.0,3196.0,786.0,656.0,,37500.0
Thursday,Southern,5,94158.0,7,4792.0,7288.0,2482.0,2271.0,643900.0,82195.0
Thursday,Southern,6,94102.0,6,31176.0,46472.0,18758.0,16844.0,574100.0,22517.0
Thursday,Southern,6,94103.0,20,27170.0,20036.0,14778.0,13098.0,628000.0,43364.0
Thursday,Southern,6,94105.0,8,5846.0,15826.0,4601.0,3586.0,740900.0,163949.0
Thursday,Southern,6,94158.0,6,4792.0,7288.0,2482.0,2271.0,643900.0,82195.0
Thursday,Southern,7,94102.0,9,31176.0,46472.0,18758.0,16844.0,574100.0,22517.0
Thursday,Southern,7,94103.0,35,27170.0,20036.0,14778.0,13098.0,628000.0,43364.0
Thursday,Southern,7,94104.0,1,406.0,5232.0,368.0,207.0,1000001.0,48750.0
Thursday,Southern,7,94105.0,23,5846.0,15826.0,4601.0,3586.0,740900.0,163949.0
Thursday,Southern,7,94107.0,1,26599.0,14845.0,15141.0,13736.0,719700.0,114439.0
Thursday,Southern,7,94130.0,1,2880.0,3196.0,786.0,656.0,,37500.0
Thursday,Southern,7,94158.0,7,4792.0,7288.0,2482.0,2271.0,643900.0,82195.0
Thursday,Southern,8,94102.0,10,31176.0,46472.0,18758.0,16844.0,574100.0,22517.0
Thursday,Southern,8,94103.0,47,27170.0,20036.0,14778.0,13098.0,628000.0,43364.0
Thursday,Southern,8,94104.0,3,406.0,5232.0,368.0,207.0,1000001.0,48750.0
Thursday,Southern,8,94105.0,18,5846.0,15826.0,4601.0,3586.0,740900.0,163949.0
Thursday,Southern,8,94107.0,1,26599.0,14845.0,15141.0,13736.0,719700.0,114439.0
Thursday,Southern,8,94124.0,1,33996.0,6901.0,10812.0,9717.0,470400.0,50146.0
Thursday,Southern,8,94130.0,1,2880.0,3196.0,786.0,656.0,,37500.0
Thursday,Southern,8,94158.0,15,4792.0,7288.0,2482.0,2271.0,643900.0,82195.0
Thursday,Southern,9,94102.0,25,31176.0,46472.0,18758.0,16844.0,574100.0,22517.0
Thursday,Southern,9,94103.0,70,27170.0,20036.0,14778.0,13098.0,628000.0,43364.0
Thursday,Southern,9,94104.0,3,406.0,5232.0,368.0,207.0,1000001.0,48750.0
Thursday,Southern,9,94105.0,27,5846.0,15826.0,4601.0,3586.0,740900.0,163949.0
Thursday,Southern,9,94107.0,3,26599.0,14845.0,15141.0,13736.0,719700.0,114439.0
Thursday,Southern,9,94110.0,2,69333.0,29816.0,28913.0,27128.0,768200.0,82111.0
Thursday,Southern,9,94130.0,2,2880.0,3196.0,786.0,656.0,,37500.0
Thursday,Southern,9,94158.0,26,4792.0,7288.0,2482.0,2271.0,643900.0,82195.0
Thursday,Southern,10,94102.0,1,31176.0,46472.0,18758.0,16844.0,574100.0,22517.0
Thursday,Southern,10,94103.0,80,27170.0,20036.0,14778.0,13098.0,628000.0,43364.0
Thursday,Southern,10,94105.0,20,5846.0,15826.0,4601.0,3586.0,740900.0,163949.0
Thursday,Southern,10,94107.0,2,26599.0,14845.0,15141.0,13736.0,719700.0,114439.0
Thursday,Southern,10,94130.0,1,2880.0,3196.0,786.0,656.0,,37500.0
Thursday,Southern,10,94158.0,26,4792.0,7288.0,2482.0,2271.0,643900.0,82195.0
Thursday,Southern,11,94102.0,13,31176.0,46472.0,18758.0,16844.0,574100.0,22517.0
Thursday,Southern,11,94103.0,48,27170.0,20036.0,14778.0,13098.0,628000.0,43364.0
Thursday,Southern,11,94104.0,3,406.0,5232.0,368.0,207.0,1000001.0,48750.0
Thursday,Southern,11,94105.0,11,5846.0,15826.0,4601.0,3586.0,740900.0,163949.0
Thursday,Southern,11,94107.0,1,26599.0,14845.0,15141.0,13736.0,719700.0,114439.0
Thursday,Southern,11,94110.0,3,69333.0,29816.0,28913.0,27128.0,768200.0,82111.0
Thursday,Southern,11,94130.0,1,2880.0,3196.0,786.0,656.0,,37500.0
Thursday,Southern,11,94158.0,17,4792.0,7288.0,2482.0,2271.0,643900.0,82195.0
Thursday,Southern,12,94102.0,18,31176.0,46472.0,18758.0,16844.0,574100.0,22517.0
Thursday,Southern,12,94103.0,76,27170.0,20036.0,14778.0,13098.0,628000.0,43364.0
Thursday,Southern,12,94104.0,9,406.0,5232.0,368.0,207.0,1000001.0,48750.0
Thursday,Southern,12,94105.0,29,5846.0,15826.0,4601.0,3586.0,740900.0,163949.0
Thursday,Southern,12,94107.0,1,26599.0,14845.0,15141.0,13736.0,719700.0,114439.0
Thursday,Southern,12,94110.0,1,69333.0,29816.0,28913.0,27128.0,768200.0,82111.0
Thursday,Southern,12,94124.0,1,33996.0,6901.0,10812.0,9717.0,470400.0,50146.0
Thursday,Southern,12,94130.0,7,2880.0,3196.0,786.0,656.0,,37500.0
Thursday,Southern,12,94158.0,29,4792.0,7288.0,2482.0,2271.0,643900.0,82195.0
Thursday,Southern,13,94102.0,13,31176.0,46472.0,18758.0,16844.0,574100.0,22517.0
Thursday,Southern,13,94103.0,63,27170.0,20036.0,14778.0,13098.0,628000.0,43364.0
Thursday,Southern,13,94104.0,2,406.0,5232.0,368.0,207.0,1000001.0,48750.0
Thursday,Southern,13,94105.0,21,5846.0,15826.0,4601.0,3586.0,740900.0,163949.0
Thursday,Southern,13,94110.0,1,69333.0,29816.0,28913.0,27128.0,768200.0,82111.0
Thursday,Southern,13,94118.0,2,38319.0,19663.0,18633.0,17171.0,1000001.0,82857.0
Thursday,Southern,13,94130.0,2,2880.0,3196.0,786.0,656.0,,37500.0
Thursday,Southern,13,94158.0,13,4792.0,7288.0,2482.0,2271.0,643900.0,82195.0
Thursday,Southern,14,94102.0,17,31176.0,46472.0,18758.0,16844.0,574100.0,22517.0
Thursday,Southern,14,94103.0,71,27170.0,20036.0,14778.0,13098.0,628000.0,43364.0
Thursday,Southern,14,94105.0,25,5846.0,15826.0,4601.0,3586.0,740900.0,163949.0
Thursday,Southern,14,94117.0,1,39169.0,23211.0,19255.0,17939.0,911500.0,94479.0
Thursday,Southern,14,94130.0,4,2880.0,3196.0,786.0,656.0,,37500.0
Thursday,Southern,14,94158.0,20,4792.0,7288.0,2482.0,2271.0,643900.0,82195.0
Thursday,Southern,15,94102.0,10,31176.0,46472.0,18758.0,16844.0,574100.0,22517.0
Thursday,Southern,15,94103.0,85,27170.0,20036.0,14778.0,13098.0,628000.0,43364.0
Thursday,Southern,15,94104.0,6,406.0,5232.0,368.0,207.0,1000001.0,48750.0
Thursday,Southern,15,94105.0,25,5846.0,15826.0,4601.0,3586.0,740900.0,163949.0
Thursday,Southern,15,94107.0,3,26599.0,14845.0,15141.0,13736.0,719700.0,114439.0
Thursday,Southern,15,94130.0,11,2880.0,3196.0,786.0,656.0,,37500.0
Thursday,Southern,15,94134.0,1,40798.0,17001.0,11867.0,11244.0,547800.0,56716.0
Thursday,Southern,15,94158.0,16,4792.0,7288.0,2482.0,2271.0,643900.0,82195.0
Thursday,Southern,16,94102.0,8,31176.0,46472.0,18758.0,16844.0,574100.0,22517.0
Thursday,Southern,16,94103.0,81,27170.0,20036.0,14778.0,13098.0,628000.0,43364.0
Thursday,Southern,16,94104.0,5,406.0,5232.0,368.0,207.0,1000001.0,48750.0
Thursday,Southern,16,94105.0,38,5846.0,15826.0,4601.0,3586.0,740900.0,163949.0
Thursday,Southern,16,94108.0,1,13768.0,50983.0,8843.0,7628.0,856900.0,35427.0
Thursday,Southern,16,94117.0,1,39169.0,23211.0,19255.0,17939.0,911500.0,94479.0
Thursday,Southern,16,94130.0,4,2880.0,3196.0,786.0,656.0,,37500.0
Thursday,Southern,16,94158.0,25,4792.0,7288.0,2482.0,2271.0,643900.0,82195.0
Thursday,Southern,17,94102.0,19,31176.0,46472.0,18758.0,16844.0,574100.0,22517.0
Thursday,Southern,17,94103.0,73,27170.0,20036.0,14778.0,13098.0,628000.0,43364.0
Thursday,Southern,17,94104.0,5,406.0,5232.0,368.0,207.0,1000001.0,48750.0
Thursday,Southern,17,94105.0,30,5846.0,15826.0,4601.0,3586.0,740900.0,163949.0
Thursday,Southern,17,94108.0,2,13768.0,50983.0,8843.0,7628.0,856900.0,35427.0
Thursday,Southern,17,94130.0,10,2880.0,3196.0,786.0,656.0,,37500.0
Thursday,Southern,17,94158.0,14,4792.0,7288.0,2482.0,2271.0,643900.0,82195.0
Thursday,Southern,18,94102.0,12,31176.0,46472.0,18758.0,16844.0,574100.0,22517.0
Thursday,Southern,18,94103.0,73,27170.0,20036.0,14778.0,13098.0,628000.0,43364.0
Thursday,Southern,18,94104.0,6,406.0,5232.0,368.0,207.0,1000001.0,48750.0
Thursday,Southern,18,94105.0,41,5846.0,15826.0,4601.0,3586.0,740900.0,163949.0
Thursday,Southern,18,94107.0,1,26599.0,14845.0,15141.0,13736.0,719700.0,114439.0
Thursday,Southern,18,94108.0,2,13768.0,50983.0,8843.0,7628.0,856900.0,35427.0
Thursday,Southern,18,94110.0,1,69333.0,29816.0,28913.0,27128.0,768200.0,82111.0
Thursday,Southern,18,94130.0,9,2880.0,3196.0,786.0,656.0,,37500.0
Thursday,Southern,18,94158.0,27,4792.0,7288.0,2482.0,2271.0,643900.0,82195.0
Thursday,Southern,19,94102.0,17,31176.0,46472.0,18758.0,16844.0,574100.0,22517.0
Thursday,Southern,19,94103.0,85,27170.0,20036.0,14778.0,13098.0,628000.0,43364.0
Thursday,Southern,19,94104.0,4,406.0,5232.0,368.0,207.0,1000001.0,48750.0
Thursday,Southern,19,94105.0,38,5846.0,15826.0,4601.0,3586.0,740900.0,163949.0
Thursday,Southern,19,94107.0,6,26599.0,14845.0,15141.0,13736.0,719700.0,114439.0
Thursday,Southern,19,94116.0,1,43698.0,16901.0,16283.0,15445.0,734400.0,83407.0
Thursday,Southern,19,94130.0,2,2880.0,3196.0,786.0,656.0,,37500.0
Thursday,Southern,19,94158.0,30,4792.0,7288.0,2482.0,2271.0,643900.0,82195.0
Thursday,Southern,20,94102.0,13,31176.0,46472.0,18758.0,16844.0,574100.0,22517.0
Thursday,Southern,20,94103.0,72,27170.0,20036.0,14778.0,13098.0,628000.0,43364.0
Thursday,Southern,20,94104.0,2,406.0,5232.0,368.0,207.0,1000001.0,48750.0
Thursday,Southern,20,94105.0,29,5846.0,15826.0,4601.0,3586.0,740900.0,163949.0
Thursday,Southern,20,94117.0,1,39169.0,23211.0,19255.0,17939.0,911500.0,94479.0
Thursday,Southern,20,94118.0,1,38319.0,19663.0,18633.0,17171.0,1000001.0,82857.0
Thursday,Southern,20,94130.0,2,2880.0,3196.0,786.0,656.0,,37500.0
Thursday,Southern,20,94158.0,22,4792.0,7288.0,2482.0,2271.0,643900.0,82195.0
Thursday,Southern,21,94102.0,9,31176.0,46472.0,18758.0,16844.0,574100.0,22517.0
Thursday,Southern,21,94103.0,76,27170.0,20036.0,14778.0,13098.0,628000.0,43364.0
Thursday,Southern,21,94104.0,4,406.0,5232.0,368.0,207.0,1000001.0,48750.0
Thursday,Southern,21,94105.0,29,5846.0,15826.0,4601.0,3586.0,740900.0,163949.0
Thursday,Southern,21,94107.0,2,26599.0,14845.0,15141.0,13736.0,719700.0,114439.0
Thursday,Southern,21,94110.0,1,69333.0,29816.0,28913.0,27128.0,768200.0,82111.0
Thursday,Southern,21,94158.0,21,4792.0,7288.0,2482.0,2271.0,643900.0,82195.0
Thursday,Southern,22,94102.0,6,31176.0,46472.0,18758.0,16844.0,574100.0,22517.0
Thursday,Southern,22,94103.0,40,27170.0,20036.0,14778.0,13098.0,628000.0,43364.0
Thursday,Southern,22,94104.0,3,406.0,5232.0,368.0,207.0,1000001.0,48750.0
Thursday,Southern,22,94105.0,25,5846.0,15826.0,4601.0,3586.0,740900.0,163949.0
Thursday,Southern,22,94107.0,1,26599.0,14845.0,15141.0,13736.0,719700.0,114439.0
Thursday,Southern,22,94110.0,1,69333.0,29816.0,28913.0,27128.0,768200.0,82111.0
Thursday,Southern,22,94115.0,1,33021.0,29596.0,18884.0,17289.0,965800.0,76952.0
Thursday,Southern,22,94130.0,2,2880.0,3196.0,786.0,656.0,,37500.0
Thursday,Southern,22,94158.0,10,4792.0,7288.0,2482.0,2271.0,643900.0,82195.0
Thursday,Southern,23,94102.0,13,31176.0,46472.0,18758.0,16844.0,574100.0,22517.0
Thursday,Southern,23,94103.0,32,27170.0,20036.0,14778.0,13098.0,628000.0,43364.0
Thursday,Southern,23,94104.0,4,406.0,5232.0,368.0,207.0,1000001.0,48750.0
Thursday,Southern,23,94105.0,19,5846.0,15826.0,4601.0,3586.0,740900.0,163949.0
Thursday,Southern,23,94130.0,5,2880.0,3196.0,786.0,656.0,,37500.0
Thursday,Southern,23,94158.0,11,4792.0,7288.0,2482.0,2271.0,643900.0,82195.0
Thursday,Taraval,0,94112.0,3,79407.0,23606.0,23081.0,21975.0,602400.0,71625.0
Thursday,Taraval,0,94116.0,23,43698.0,16901.0,16283.0,15445.0,734400.0,83407.0
Thursday,Taraval,0,94122.0,10,56023.0,23699.0,23633.0,22162.0,774500.0,81768.0
Thursday,Taraval,0,94127.0,13,19289.0,10895.0,7801.0,7511.0,916900.0,131351.0
Thursday,Taraval,0,94131.0,1,26881.0,12926.0,13427.0,12618.0,859700.0,96889.0
Thursday,Taraval,0,94132.0,12,28129.0,9045.0,10769.0,9993.0,733100.0,69223.0
Thursday,Taraval,1,94116.0,10,43698.0,16901.0,16283.0,15445.0,734400.0,83407.0
Thursday,Taraval,1,94122.0,9,56023.0,23699.0,23633.0,22162.0,774500.0,81768.0
Thursday,Taraval,1,94127.0,2,19289.0,10895.0,7801.0,7511.0,916900.0,131351.0
Thursday,Taraval,1,94132.0,8,28129.0,9045.0,10769.0,9993.0,733100.0,69223.0
Thursday,Taraval,2,94112.0,1,79407.0,23606.0,23081.0,21975.0,602400.0,71625.0
Thursday,Taraval,2,94116.0,3,43698.0,16901.0,16283.0,15445.0,734400.0,83407.0
Thursday,Taraval,2,94122.0,5,56023.0,23699.0,23633.0,22162.0,774500.0,81768.0
Thursday,Taraval,2,94127.0,3,19289.0,10895.0,7801.0,7511.0,916900.0,131351.0
Thursday,Taraval,2,94131.0,1,26881.0,12926.0,13427.0,12618.0,859700.0,96889.0
Thursday,Taraval,2,94132.0,3,28129.0,9045.0,10769.0,9993.0,733100.0,69223.0
Thursday,Taraval,3,94112.0,3,79407.0,23606.0,23081.0,21975.0,602400.0,71625.0
Thursday,Taraval,3,94116.0,5,43698.0,16901.0,16283.0,15445.0,734400.0,83407.0
Thursday,Taraval,3,94122.0,1,56023.0,23699.0,23633.0,22162.0,774500.0,81768.0
Thursday,Taraval,3,94132.0,2,28129.0,9045.0,10769.0,9993.0,733100.0,69223.0
Thursday,Taraval,4,94112.0,1,79407.0,23606.0,23081.0,21975.0,602400.0,71625.0
Thursday,Taraval,4,94116.0,6,43698.0,16901.0,16283.0,15445.0,734400.0,83407.0
Thursday,Taraval,4,94122.0,4,56023.0,23699.0,23633.0,22162.0,774500.0,81768.0
Thursday,Taraval,4,94127.0,3,19289.0,10895.0,7801.0,7511.0,916900.0,131351.0
Thursday,Taraval,4,94132.0,2,28129.0,9045.0,10769.0,9993.0,733100.0,69223.0
Thursday,Taraval,5,94116.0,4,43698.0,16901.0,16283.0,15445.0,734400.0,83407.0
Thursday,Taraval,5,94122.0,4,56023.0,23699.0,23633.0,22162.0,774500.0,81768.0
Thursday,Taraval,5,94127.0,3,19289.0,10895.0,7801.0,7511.0,916900.0,131351.0
Thursday,Taraval,5,94132.0,5,28129.0,9045.0,10769.0,9993.0,733100.0,69223.0
Thursday,Taraval,6,94112.0,2,79407.0,23606.0,23081.0,21975.0,602400.0,71625.0
Thursday,Taraval,6,94114.0,1,31124.0,21837.0,17634.0,16281.0,1000001.0,114689.0
Thursday,Taraval,6,94116.0,6,43698.0,16901.0,16283.0,15445.0,734400.0,83407.0
Thursday,Taraval,6,94122.0,6,56023.0,23699.0,23633.0,22162.0,774500.0,81768.0
Thursday,Taraval,6,94127.0,2,19289.0,10895.0,7801.0,7511.0,916900.0,131351.0
Thursday,Taraval,6,94132.0,1,28129.0,9045.0,10769.0,9993.0,733100.0,69223.0
Thursday,Taraval,7,94112.0,4,79407.0,23606.0,23081.0,21975.0,602400.0,71625.0
Thursday,Taraval,7,94116.0,11,43698.0,16901.0,16283.0,15445.0,734400.0,83407.0
Thursday,Taraval,7,94118.0,1,38319.0,19663.0,18633.0,17171.0,1000001.0,82857.0
Thursday,Taraval,7,94122.0,11,56023.0,23699.0,23633.0,22162.0,774500.0,81768.0
Thursday,Taraval,7,94127.0,2,19289.0,10895.0,7801.0,7511.0,916900.0,131351.0
Thursday,Taraval,7,94132.0,7,28129.0,9045.0,10769.0,9993.0,733100.0,69223.0
Thursday,Taraval,8,94112.0,3,79407.0,23606.0,23081.0,21975.0,602400.0,71625.0
Thursday,Taraval,8,94116.0,17,43698.0,16901.0,16283.0,15445.0,734400.0,83407.0
Thursday,Taraval,8,94122.0,15,56023.0,23699.0,23633.0,22162.0,774500.0,81768.0
Thursday,Taraval,8,94127.0,2,19289.0,10895.0,7801.0,7511.0,916900.0,131351.0
Thursday,Taraval,8,94132.0,16,28129.0,9045.0,10769.0,9993.0,733100.0,69223.0
Thursday,Taraval,9,94116.0,17,43698.0,16901.0,16283.0,15445.0,734400.0,83407.0
Thursday,Taraval,9,94122.0,17,56023.0,23699.0,23633.0,22162.0,774500.0,81768.0
Thursday,Taraval,9,94127.0,11,19289.0,10895.0,7801.0,7511.0,916900.0,131351.0
Thursday,Taraval,9,94132.0,10,28129.0,9045.0,10769.0,9993.0,733100.0,69223.0
Thursday,Taraval,10,94104.0,1,406.0,5232.0,368.0,207.0,1000001.0,48750.0
Thursday,Taraval,10,94112.0,1,79407.0,23606.0,23081.0,21975.0,602400.0,71625.0
Thursday,Taraval,10,94116.0,17,43698.0,16901.0,16283.0,15445.0,734400.0,83407.0
Thursday,Taraval,10,94122.0,27,56023.0,23699.0,23633.0,22162.0,774500.0,81768.0
Thursday,Taraval,10,94127.0,10,19289.0,10895.0,7801.0,7511.0,916900.0,131351.0
Thursday,Taraval,10,94132.0,13,28129.0,9045.0,10769.0,9993.0,733100.0,69223.0
Thursday,Taraval,11,94103.0,1,27170.0,20036.0,14778.0,13098.0,628000.0,43364.0
Thursday,Taraval,11,94112.0,3,79407.0,23606.0,23081.0,21975.0,602400.0,71625.0
Thursday,Taraval,11,94116.0,35,43698.0,16901.0,16283.0,15445.0,734400.0,83407.0
Thursday,Taraval,11,94122.0,18,56023.0,23699.0,23633.0,22162.0,774500.0,81768.0
Thursday,Taraval,11,94127.0,15,19289.0,10895.0,7801.0,7511.0,916900.0,131351.0
Thursday,Taraval,11,94131.0,1,26881.0,12926.0,13427.0,12618.0,859700.0,96889.0
Thursday,Taraval,11,94132.0,16,28129.0,9045.0,10769.0,9993.0,733100.0,69223.0
Thursday,Taraval,12,94112.0,7,79407.0,23606.0,23081.0,21975.0,602400.0,71625.0
Thursday,Taraval,12,94116.0,36,43698.0,16901.0,16283.0,15445.0,734400.0,83407.0
Thursday,Taraval,12,94122.0,33,56023.0,23699.0,23633.0,22162.0,774500.0,81768.0
Thursday,Taraval,12,94127.0,15,19289.0,10895.0,7801.0,7511.0,916900.0,131351.0
Thursday,Taraval,12,94132.0,22,28129.0,9045.0,10769.0,9993.0,733100.0,69223.0
Thursday,Taraval,13,94112.0,4,79407.0,23606.0,23081.0,21975.0,602400.0,71625.0
Thursday,Taraval,13,94116.0,39,43698.0,16901.0,16283.0,15445.0,734400.0,83407.0
Thursday,Taraval,13,94122.0,16,56023.0,23699.0,23633.0,22162.0,774500.0,81768.0
Thursday,Taraval,13,94127.0,11,19289.0,10895.0,7801.0,7511.0,916900.0,131351.0
Thursday,Taraval,13,94132.0,20,28129.0,9045.0,10769.0,9993.0,733100.0,69223.0
Thursday,Taraval,14,94109.0,1,55984.0,47129.0,37182.0,33342.0,723200.0,60722.0
Thursday,Taraval,14,94112.0,4,79407.0,23606.0,23081.0,21975.0,602400.0,71625.0
Thursday,Taraval,14,94116.0,32,43698.0,16901.0,16283.0,15445.0,734400.0,83407.0
Thursday,Taraval,14,94122.0,18,56023.0,23699.0,23633.0,22162.0,774500.0,81768.0
Thursday,Taraval,14,94127.0,10,19289.0,10895.0,7801.0,7511.0,916900.0,131351.0
Thursday,Taraval,14,94132.0,25,28129.0,9045.0,10769.0,9993.0,733100.0,69223.0
Thursday,Taraval,15,94112.0,3,79407.0,23606.0,23081.0,21975.0,602400.0,71625.0
Thursday,Taraval,15,94116.0,18,43698.0,16901.0,16283.0,15445.0,734400.0,83407.0
Thursday,Taraval,15,94122.0,16,56023.0,23699.0,23633.0,22162.0,774500.0,81768.0
Thursday,Taraval,15,94127.0,19,19289.0,10895.0,7801.0,7511.0,916900.0,131351.0
Thursday,Taraval,15,94132.0,20,28129.0,9045.0,10769.0,9993.0,733100.0,69223.0
Thursday,Taraval,16,94116.0,15,43698.0,16901.0,16283.0,15445.0,734400.0,83407.0
Thursday,Taraval,16,94122.0,23,56023.0,23699.0,23633.0,22162.0,774500.0,81768.0
Thursday,Taraval,16,94127.0,6,19289.0,10895.0,7801.0,7511.0,916900.0,131351.0
Thursday,Taraval,16,94131.0,3,26881.0,12926.0,13427.0,12618.0,859700.0,96889.0
Thursday,Taraval,16,94132.0,18,28129.0,9045.0,10769.0,9993.0,733100.0,69223.0
Thursday,Taraval,17,94112.0,2,79407.0,23606.0,23081.0,21975.0,602400.0,71625.0
Thursday,Taraval,17,94116.0,39,43698.0,16901.0,16283.0,15445.0,734400.0,83407.0
Thursday,Taraval,17,94118.0,1,38319.0,19663.0,18633.0,17171.0,1000001.0,82857.0
Thursday,Taraval,17,94122.0,13,56023.0,23699.0,23633.0,22162.0,774500.0,81768.0
Thursday,Taraval,17,94127.0,8,19289.0,10895.0,7801.0,7511.0,916900.0,131351.0
Thursday,Taraval,17,94132.0,17,28129.0,9045.0,10769.0,9993.0,733100.0,69223.0
Thursday,Taraval,18,94112.0,5,79407.0,23606.0,23081.0,21975.0,602400.0,71625.0
Thursday,Taraval,18,94114.0,1,31124.0,21837.0,17634.0,16281.0,1000001.0,114689.0
Thursday,Taraval,18,94116.0,17,43698.0,16901.0,16283.0,15445.0,734400.0,83407.0
Thursday,Taraval,18,94122.0,17,56023.0,23699.0,23633.0,22162.0,774500.0,81768.0
Thursday,Taraval,18,94127.0,15,19289.0,10895.0,7801.0,7511.0,916900.0,131351.0
Thursday,Taraval,18,94132.0,26,28129.0,9045.0,10769.0,9993.0,733100.0,69223.0
Thursday,Taraval,19,94112.0,4,79407.0,23606.0,23081.0,21975.0,602400.0,71625.0
Thursday,Taraval,19,94116.0,35,43698.0,16901.0,16283.0,15445.0,734400.0,83407.0
Thursday,Taraval,19,94122.0,18,56023.0,23699.0,23633.0,22162.0,774500.0,81768.0
Thursday,Taraval,19,94127.0,8,19289.0,10895.0,7801.0,7511.0,916900.0,131351.0
Thursday,Taraval,19,94132.0,25,28129.0,9045.0,10769.0,9993.0,733100.0,69223.0
Thursday,Taraval,20,94116.0,25,43698.0,16901.0,16283.0,15445.0,734400.0,83407.0
Thursday,Taraval,20,94122.0,24,56023.0,23699.0,23633.0,22162.0,774500.0,81768.0
Thursday,Taraval,20,94127.0,9,19289.0,10895.0,7801.0,7511.0,916900.0,131351.0
Thursday,Taraval,20,94132.0,18,28129.0,9045.0,10769.0,9993.0,733100.0,69223.0
Thursday,Taraval,21,94112.0,2,79407.0,23606.0,23081.0,21975.0,602400.0,71625.0
Thursday,Taraval,21,94116.0,25,43698.0,16901.0,16283.0,15445.0,734400.0,83407.0
Thursday,Taraval,21,94122.0,33,56023.0,23699.0,23633.0,22162.0,774500.0,81768.0
Thursday,Taraval,21,94127.0,11,19289.0,10895.0,7801.0,7511.0,916900.0,131351.0
Thursday,Taraval,21,94132.0,19,28129.0,9045.0,10769.0,9993.0,733100.0,69223.0
Thursday,Taraval,22,94112.0,2,79407.0,23606.0,23081.0,21975.0,602400.0,71625.0
Thursday,Taraval,22,94116.0,13,43698.0,16901.0,16283.0,15445.0,734400.0,83407.0
Thursday,Taraval,22,94122.0,23,56023.0,23699.0,23633.0,22162.0,774500.0,81768.0
Thursday,Taraval,22,94127.0,11,19289.0,10895.0,7801.0,7511.0,916900.0,131351.0
Thursday,Taraval,22,94132.0,14,28129.0,9045.0,10769.0,9993.0,733100.0,69223.0
Thursday,Taraval,23,94112.0,3,79407.0,23606.0,23081.0,21975.0,602400.0,71625.0
Thursday,Taraval,23,94116.0,20,43698.0,16901.0,16283.0,15445.0,734400.0,83407.0
Thursday,Taraval,23,94122.0,11,56023.0,23699.0,23633.0,22162.0,774500.0,81768.0
Thursday,Taraval,23,94127.0,5,19289.0,10895.0,7801.0,7511.0,916900.0,131351.0
Thursday,Taraval,23,94132.0,8,28129.0,9045.0,10769.0,9993.0,733100.0,69223.0
Thursday,Tenderloin,0,94102.0,20,31176.0,46472.0,18758.0,16844.0,574100.0,22517.0
Thursday,Tenderloin,0,94103.0,52,27170.0,20036.0,14778.0,13098.0,628000.0,43364.0
Thursday,Tenderloin,0,94104.0,2,406.0,5232.0,368.0,207.0,1000001.0,48750.0
Thursday,Tenderloin,0,94108.0,4,13768.0,50983.0,8843.0,7628.0,856900.0,35427.0
Thursday,Tenderloin,0,94109.0,6,55984.0,47129.0,37182.0,33342.0,723200.0,60722.0
Thursday,Tenderloin,0,94110.0,1,69333.0,29816.0,28913.0,27128.0,768200.0,82111.0
Thursday,Tenderloin,1,94102.0,15,31176.0,46472.0,18758.0,16844.0,574100.0,22517.0
Thursday,Tenderloin,1,94103.0,14,27170.0,20036.0,14778.0,13098.0,628000.0,43364.0
Thursday,Tenderloin,1,94104.0,1,406.0,5232.0,368.0,207.0,1000001.0,48750.0
Thursday,Tenderloin,1,94108.0,8,13768.0,50983.0,8843.0,7628.0,856900.0,35427.0
Thursday,Tenderloin,1,94109.0,2,55984.0,47129.0,37182.0,33342.0,723200.0,60722.0
Thursday,Tenderloin,2,94102.0,8,31176.0,46472.0,18758.0,16844.0,574100.0,22517.0
Thursday,Tenderloin,2,94103.0,24,27170.0,20036.0,14778.0,13098.0,628000.0,43364.0
Thursday,Tenderloin,2,94104.0,2,406.0,5232.0,368.0,207.0,1000001.0,48750.0
Thursday,Tenderloin,2,94108.0,3,13768.0,50983.0,8843.0,7628.0,856900.0,35427.0
Thursday,Tenderloin,2,94109.0,3,55984.0,47129.0,37182.0,33342.0,723200.0,60722.0
Thursday,Tenderloin,3,94102.0,1,31176.0,46472.0,18758.0,16844.0,574100.0,22517.0
Thursday,Tenderloin,3,94103.0,15,27170.0,20036.0,14778.0,13098.0,628000.0,43364.0
Thursday,Tenderloin,3,94104.0,2,406.0,5232.0,368.0,207.0,1000001.0,48750.0
Thursday,Tenderloin,3,94108.0,1,13768.0,50983.0,8843.0,7628.0,856900.0,35427.0
Thursday,Tenderloin,3,94109.0,4,55984.0,47129.0,37182.0,33342.0,723200.0,60722.0
Thursday,Tenderloin,4,94102.0,6,31176.0,46472.0,18758.0,16844.0,574100.0,22517.0
Thursday,Tenderloin,4,94103.0,7,27170.0,20036.0,14778.0,13098.0,628000.0,43364.0
Thursday,Tenderloin,4,94108.0,4,13768.0,50983.0,8843.0,7628.0,856900.0,35427.0
Thursday,Tenderloin,5,94102.0,3,31176.0,46472.0,18758.0,16844.0,574100.0,22517.0
Thursday,Tenderloin,5,94103.0,7,27170.0,20036.0,14778.0,13098.0,628000.0,43364.0
Thursday,Tenderloin,5,94108.0,1,13768.0,50983.0,8843.0,7628.0,856900.0,35427.0
Thursday,Tenderloin,5,94109.0,1,55984.0,47129.0,37182.0,33342.0,723200.0,60722.0
Thursday,Tenderloin,6,94102.0,21,31176.0,46472.0,18758.0,16844.0,574100.0,22517.0
Thursday,Tenderloin,6,94103.0,26,27170.0,20036.0,14778.0,13098.0,628000.0,43364.0
Thursday,Tenderloin,6,94108.0,5,13768.0,50983.0,8843.0,7628.0,856900.0,35427.0
Thursday,Tenderloin,7,94102.0,14,31176.0,46472.0,18758.0,16844.0,574100.0,22517.0
Thursday,Tenderloin,7,94103.0,68,27170.0,20036.0,14778.0,13098.0,628000.0,43364.0
Thursday,Tenderloin,7,94104.0,4,406.0,5232.0,368.0,207.0,1000001.0,48750.0
Thursday,Tenderloin,7,94108.0,2,13768.0,50983.0,8843.0,7628.0,856900.0,35427.0
Thursday,Tenderloin,7,94109.0,2,55984.0,47129.0,37182.0,33342.0,723200.0,60722.0
Thursday,Tenderloin,7,94122.0,2,56023.0,23699.0,23633.0,22162.0,774500.0,81768.0
Thursday,Tenderloin,8,94102.0,23,31176.0,46472.0,18758.0,16844.0,574100.0,22517.0
Thursday,Tenderloin,8,94103.0,78,27170.0,20036.0,14778.0,13098.0,628000.0,43364.0
Thursday,Tenderloin,8,94104.0,2,406.0,5232.0,368.0,207.0,1000001.0,48750.0
Thursday,Tenderloin,8,94108.0,2,13768.0,50983.0,8843.0,7628.0,856900.0,35427.0
Thursday,Tenderloin,8,94109.0,5,55984.0,47129.0,37182.0,33342.0,723200.0,60722.0
Thursday,Tenderloin,9,94102.0,24,31176.0,46472.0,18758.0,16844.0,574100.0,22517.0
Thursday,Tenderloin,9,94103.0,85,27170.0,20036.0,14778.0,13098.0,628000.0,43364.0
Thursday,Tenderloin,9,94104.0,11,406.0,5232.0,368.0,207.0,1000001.0,48750.0
Thursday,Tenderloin,9,94105.0,2,5846.0,15826.0,4601.0,3586.0,740900.0,163949.0
Thursday,Tenderloin,9,94108.0,9,13768.0,50983.0,8843.0,7628.0,856900.0,35427.0
Thursday,Tenderloin,9,94109.0,6,55984.0,47129.0,37182.0,33342.0,723200.0,60722.0
Thursday,Tenderloin,10,94102.0,35,31176.0,46472.0,18758.0,16844.0,574100.0,22517.0
Thursday,Tenderloin,10,94103.0,71,27170.0,20036.0,14778.0,13098.0,628000.0,43364.0
Thursday,Tenderloin,10,94104.0,4,406.0,5232.0,368.0,207.0,1000001.0,48750.0
Thursday,Tenderloin,10,94108.0,6,13768.0,50983.0,8843.0,7628.0,856900.0,35427.0
Thursday,Tenderloin,10,94109.0,3,55984.0,47129.0,37182.0,33342.0,723200.0,60722.0
Thursday,Tenderloin,11,94102.0,24,31176.0,46472.0,18758.0,16844.0,574100.0,22517.0
Thursday,Tenderloin,11,94103.0,82,27170.0,20036.0,14778.0,13098.0,628000.0,43364.0
Thursday,Tenderloin,11,94104.0,2,406.0,5232.0,368.0,207.0,1000001.0,48750.0
Thursday,Tenderloin,11,94105.0,2,5846.0,15826.0,4601.0,3586.0,740900.0,163949.0
Thursday,Tenderloin,11,94108.0,3,13768.0,50983.0,8843.0,7628.0,856900.0,35427.0
Thursday,Tenderloin,11,94109.0,7,55984.0,47129.0,37182.0,33342.0,723200.0,60722.0
Thursday,Tenderloin,11,94110.0,1,69333.0,29816.0,28913.0,27128.0,768200.0,82111.0
Thursday,Tenderloin,12,94102.0,48,31176.0,46472.0,18758.0,16844.0,574100.0,22517.0
Thursday,Tenderloin,12,94103.0,101,27170.0,20036.0,14778.0,13098.0,628000.0,43364.0
Thursday,Tenderloin,12,94104.0,7,406.0,5232.0,368.0,207.0,1000001.0,48750.0
Thursday,Tenderloin,12,94108.0,3,13768.0,50983.0,8843.0,7628.0,856900.0,35427.0
Thursday,Tenderloin,12,94109.0,13,55984.0,47129.0,37182.0,33342.0,723200.0,60722.0
Thursday,Tenderloin,13,94102.0,33,31176.0,46472.0,18758.0,16844.0,574100.0,22517.0
Thursday,Tenderloin,13,94103.0,102,27170.0,20036.0,14778.0,13098.0,628000.0,43364.0
Thursday,Tenderloin,13,94104.0,6,406.0,5232.0,368.0,207.0,1000001.0,48750.0
Thursday,Tenderloin,13,94108.0,6,13768.0,50983.0,8843.0,7628.0,856900.0,35427.0
Thursday,Tenderloin,13,94109.0,2,55984.0,47129.0,37182.0,33342.0,723200.0,60722.0
Thursday,Tenderloin,14,94102.0,44,31176.0,46472.0,18758.0,16844.0,574100.0,22517.0
Thursday,Tenderloin,14,94103.0,94,27170.0,20036.0,14778.0,13098.0,628000.0,43364.0
Thursday,Tenderloin,14,94104.0,5,406.0,5232.0,368.0,207.0,1000001.0,48750.0
Thursday,Tenderloin,14,94108.0,14,13768.0,50983.0,8843.0,7628.0,856900.0,35427.0
Thursday,Tenderloin,14,94109.0,3,55984.0,47129.0,37182.0,33342.0,723200.0,60722.0
Thursday,Tenderloin,15,94102.0,22,31176.0,46472.0,18758.0,16844.0,574100.0,22517.0
Thursday,Tenderloin,15,94103.0,92,27170.0,20036.0,14778.0,13098.0,628000.0,43364.0
Thursday,Tenderloin,15,94104.0,8,406.0,5232.0,368.0,207.0,1000001.0,48750.0
Thursday,Tenderloin,15,94108.0,12,13768.0,50983.0,8843.0,7628.0,856900.0,35427.0
Thursday,Tenderloin,15,94109.0,3,55984.0,47129.0,37182.0,33342.0,723200.0,60722.0
Thursday,Tenderloin,16,94102.0,35,31176.0,46472.0,18758.0,16844.0,574100.0,22517.0
Thursday,Tenderloin,16,94103.0,97,27170.0,20036.0,14778.0,13098.0,628000.0,43364.0
Thursday,Tenderloin,16,94104.0,7,406.0,5232.0,368.0,207.0,1000001.0,48750.0
Thursday,Tenderloin,16,94108.0,6,13768.0,50983.0,8843.0,7628.0,856900.0,35427.0
Thursday,Tenderloin,16,94109.0,11,55984.0,47129.0,37182.0,33342.0,723200.0,60722.0
Thursday,Tenderloin,17,94102.0,21,31176.0,46472.0,18758.0,16844.0,574100.0,22517.0
Thursday,Tenderloin,17,94103.0,68,27170.0,20036.0,14778.0,13098.0,628000.0,43364.0
Thursday,Tenderloin,17,94104.0,5,406.0,5232.0,368.0,207.0,1000001.0,48750.0
Thursday,Tenderloin,17,94108.0,10,13768.0,50983.0,8843.0,7628.0,856900.0,35427.0
Thursday,Tenderloin,17,94109.0,7,55984.0,47129.0,37182.0,33342.0,723200.0,60722.0
Thursday,Tenderloin,18,94102.0,35,31176.0,46472.0,18758.0,16844.0,574100.0,22517.0
Thursday,Tenderloin,18,94103.0,81,27170.0,20036.0,14778.0,13098.0,628000.0,43364.0
Thursday,Tenderloin,18,94104.0,2,406.0,5232.0,368.0,207.0,1000001.0,48750.0
Thursday,Tenderloin,18,94108.0,8,13768.0,50983.0,8843.0,7628.0,856900.0,35427.0
Thursday,Tenderloin,18,94109.0,11,55984.0,47129.0,37182.0,33342.0,723200.0,60722.0
Thursday,Tenderloin,18,94110.0,1,69333.0,29816.0,28913.0,27128.0,768200.0,82111.0
Thursday,Tenderloin,19,94102.0,13,31176.0,46472.0,18758.0,16844.0,574100.0,22517.0
Thursday,Tenderloin,19,94103.0,67,27170.0,20036.0,14778.0,13098.0,628000.0,43364.0
Thursday,Tenderloin,19,94104.0,6,406.0,5232.0,368.0,207.0,1000001.0,48750.0
Thursday,Tenderloin,19,94108.0,9,13768.0,50983.0,8843.0,7628.0,856900.0,35427.0
Thursday,Tenderloin,19,94109.0,5,55984.0,47129.0,37182.0,33342.0,723200.0,60722.0
Thursday,Tenderloin,19,94124.0,1,33996.0,6901.0,10812.0,9717.0,470400.0,50146.0
Thursday,Tenderloin,20,94102.0,12,31176.0,46472.0,18758.0,16844.0,574100.0,22517.0
Thursday,Tenderloin,20,94103.0,57,27170.0,20036.0,14778.0,13098.0,628000.0,43364.0
Thursday,Tenderloin,20,94104.0,5,406.0,5232.0,368.0,207.0,1000001.0,48750.0
Thursday,Tenderloin,20,94108.0,9,13768.0,50983.0,8843.0,7628.0,856900.0,35427.0
Thursday,Tenderloin,20,94109.0,9,55984.0,47129.0,37182.0,33342.0,723200.0,60722.0
Thursday,Tenderloin,21,94102.0,13,31176.0,46472.0,18758.0,16844.0,574100.0,22517.0
Thursday,Tenderloin,21,94103.0,36,27170.0,20036.0,14778.0,13098.0,628000.0,43364.0
Thursday,Tenderloin,21,94104.0,2,406.0,5232.0,368.0,207.0,1000001.0,48750.0
Thursday,Tenderloin,21,94108.0,8,13768.0,50983.0,8843.0,7628.0,856900.0,35427.0
Thursday,Tenderloin,21,94109.0,8,55984.0,47129.0,37182.0,33342.0,723200.0,60722.0
Thursday,Tenderloin,22,94102.0,20,31176.0,46472.0,18758.0,16844.0,574100.0,22517.0
Thursday,Tenderloin,22,94103.0,41,27170.0,20036.0,14778.0,13098.0,628000.0,43364.0
Thursday,Tenderloin,22,94108.0,3,13768.0,50983.0,8843.0,7628.0,856900.0,35427.0
Thursday,Tenderloin,22,94109.0,8,55984.0,47129.0,37182.0,33342.0,723200.0,60722.0
Thursday,Tenderloin,23,94102.0,25,31176.0,46472.0,18758.0,16844.0,574100.0,22517.0
Thursday,Tenderloin,23,94103.0,17,27170.0,20036.0,14778.0,13098.0,628000.0,43364.0
Thursday,Tenderloin,23,94108.0,5,13768.0,50983.0,8843.0,7628.0,856900.0,35427.0
Thursday,Tenderloin,23,94109.0,6,55984.0,47129.0,37182.0,33342.0,723200.0,60722.0
Tuesday,Bayview,0,94107.0,3,26599.0,14845.0,15141.0,13736.0,719700.0,114439.0
Tuesday,Bayview,0,94110.0,13,69333.0,29816.0,28913.0,27128.0,768200.0,82111.0
Tuesday,Bayview,0,94124.0,39,33996.0,6901.0,10812.0,9717.0,470400.0,50146.0
Tuesday,Bayview,0,94134.0,15,40798.0,17001.0,11867.0,11244.0,547800.0,56716.0
Tuesday,Bayview,0,94158.0,12,4792.0,7288.0,2482.0,2271.0,643900.0,82195.0
Tuesday,Bayview,1,94107.0,1,26599.0,14845.0,15141.0,13736.0,719700.0,114439.0
Tuesday,Bayview,1,94110.0,5,69333.0,29816.0,28913.0,27128.0,768200.0,82111.0
Tuesday,Bayview,1,94124.0,23,33996.0,6901.0,10812.0,9717.0,470400.0,50146.0
Tuesday,Bayview,1,94134.0,9,40798.0,17001.0,11867.0,11244.0,547800.0,56716.0
Tuesday,Bayview,1,94158.0,6,4792.0,7288.0,2482.0,2271.0,643900.0,82195.0
Tuesday,Bayview,2,94107.0,2,26599.0,14845.0,15141.0,13736.0,719700.0,114439.0
Tuesday,Bayview,2,94110.0,1,69333.0,29816.0,28913.0,27128.0,768200.0,82111.0
Tuesday,Bayview,2,94124.0,15,33996.0,6901.0,10812.0,9717.0,470400.0,50146.0
Tuesday,Bayview,2,94134.0,11,40798.0,17001.0,11867.0,11244.0,547800.0,56716.0
Tuesday,Bayview,2,94158.0,1,4792.0,7288.0,2482.0,2271.0,643900.0,82195.0
Tuesday,Bayview,3,94107.0,2,26599.0,14845.0,15141.0,13736.0,719700.0,114439.0
Tuesday,Bayview,3,94110.0,5,69333.0,29816.0,28913.0,27128.0,768200.0,82111.0
Tuesday,Bayview,3,94124.0,11,33996.0,6901.0,10812.0,9717.0,470400.0,50146.0
Tuesday,Bayview,3,94134.0,6,40798.0,17001.0,11867.0,11244.0,547800.0,56716.0
Tuesday,Bayview,3,94158.0,7,4792.0,7288.0,2482.0,2271.0,643900.0,82195.0
Tuesday,Bayview,4,94107.0,2,26599.0,14845.0,15141.0,13736.0,719700.0,114439.0
Tuesday,Bayview,4,94110.0,8,69333.0,29816.0,28913.0,27128.0,768200.0,82111.0
Tuesday,Bayview,4,94124.0,8,33996.0,6901.0,10812.0,9717.0,470400.0,50146.0
Tuesday,Bayview,4,94134.0,3,40798.0,17001.0,11867.0,11244.0,547800.0,56716.0
Tuesday,Bayview,4,94158.0,1,4792.0,7288.0,2482.0,2271.0,643900.0,82195.0
Tuesday,Bayview,5,94110.0,2,69333.0,29816.0,28913.0,27128.0,768200.0,82111.0
Tuesday,Bayview,5,94124.0,13,33996.0,6901.0,10812.0,9717.0,470400.0,50146.0
Tuesday,Bayview,5,94134.0,4,40798.0,17001.0,11867.0,11244.0,547800.0,56716.0
Tuesday,Bayview,5,94158.0,6,4792.0,7288.0,2482.0,2271.0,643900.0,82195.0
Tuesday,Bayview,6,94107.0,4,26599.0,14845.0,15141.0,13736.0,719700.0,114439.0
Tuesday,Bayview,6,94110.0,8,69333.0,29816.0,28913.0,27128.0,768200.0,82111.0
Tuesday,Bayview,6,94124.0,12,33996.0,6901.0,10812.0,9717.0,470400.0,50146.0
Tuesday,Bayview,6,94134.0,7,40798.0,17001.0,11867.0,11244.0,547800.0,56716.0
Tuesday,Bayview,6,94158.0,3,4792.0,7288.0,2482.0,2271.0,643900.0,82195.0
Tuesday,Bayview,7,94107.0,1,26599.0,14845.0,15141.0,13736.0,719700.0,114439.0
Tuesday,Bayview,7,94110.0,15,69333.0,29816.0,28913.0,27128.0,768200.0,82111.0
Tuesday,Bayview,7,94124.0,26,33996.0,6901.0,10812.0,9717.0,470400.0,50146.0
Tuesday,Bayview,7,94134.0,13,40798.0,17001.0,11867.0,11244.0,547800.0,56716.0
Tuesday,Bayview,7,94158.0,15,4792.0,7288.0,2482.0,2271.0,643900.0,82195.0
Tuesday,Bayview,8,94107.0,3,26599.0,14845.0,15141.0,13736.0,719700.0,114439.0
Tuesday,Bayview,8,94110.0,9,69333.0,29816.0,28913.0,27128.0,768200.0,82111.0
Tuesday,Bayview,8,94124.0,34,33996.0,6901.0,10812.0,9717.0,470400.0,50146.0
Tuesday,Bayview,8,94134.0,23,40798.0,17001.0,11867.0,11244.0,547800.0,56716.0
Tuesday,Bayview,8,94158.0,5,4792.0,7288.0,2482.0,2271.0,643900.0,82195.0
Tuesday,Bayview,9,94103.0,1,27170.0,20036.0,14778.0,13098.0,628000.0,43364.0
Tuesday,Bayview,9,94105.0,1,5846.0,15826.0,4601.0,3586.0,740900.0,163949.0
Tuesday,Bayview,9,94107.0,3,26599.0,14845.0,15141.0,13736.0,719700.0,114439.0
Tuesday,Bayview,9,94110.0,6,69333.0,29816.0,28913.0,27128.0,768200.0,82111.0
Tuesday,Bayview,9,94124.0,42,33996.0,6901.0,10812.0,9717.0,470400.0,50146.0
Tuesday,Bayview,9,94134.0,12,40798.0,17001.0,11867.0,11244.0,547800.0,56716.0
Tuesday,Bayview,9,94158.0,9,4792.0,7288.0,2482.0,2271.0,643900.0,82195.0
Tuesday,Bayview,10,94103.0,1,27170.0,20036.0,14778.0,13098.0,628000.0,43364.0
Tuesday,Bayview,10,94105.0,1,5846.0,15826.0,4601.0,3586.0,740900.0,163949.0
Tuesday,Bayview,10,94107.0,3,26599.0,14845.0,15141.0,13736.0,719700.0,114439.0
Tuesday,Bayview,10,94110.0,5,69333.0,29816.0,28913.0,27128.0,768200.0,82111.0
Tuesday,Bayview,10,94124.0,40,33996.0,6901.0,10812.0,9717.0,470400.0,50146.0
Tuesday,Bayview,10,94134.0,18,40798.0,17001.0,11867.0,11244.0,547800.0,56716.0
Tuesday,Bayview,10,94158.0,11,4792.0,7288.0,2482.0,2271.0,643900.0,82195.0
Tuesday,Bayview,11,94103.0,1,27170.0,20036.0,14778.0,13098.0,628000.0,43364.0
Tuesday,Bayview,11,94107.0,5,26599.0,14845.0,15141.0,13736.0,719700.0,114439.0
Tuesday,Bayview,11,94110.0,11,69333.0,29816.0,28913.0,27128.0,768200.0,82111.0
Tuesday,Bayview,11,94124.0,37,33996.0,6901.0,10812.0,9717.0,470400.0,50146.0
Tuesday,Bayview,11,94134.0,23,40798.0,17001.0,11867.0,11244.0,547800.0,56716.0
Tuesday,Bayview,11,94158.0,7,4792.0,7288.0,2482.0,2271.0,643900.0,82195.0
Tuesday,Bayview,12,94102.0,1,31176.0,46472.0,18758.0,16844.0,574100.0,22517.0
Tuesday,Bayview,12,94107.0,7,26599.0,14845.0,15141.0,13736.0,719700.0,114439.0
Tuesday,Bayview,12,94110.0,7,69333.0,29816.0,28913.0,27128.0,768200.0,82111.0
Tuesday,Bayview,12,94124.0,76,33996.0,6901.0,10812.0,9717.0,470400.0,50146.0
Tuesday,Bayview,12,94134.0,18,40798.0,17001.0,11867.0,11244.0,547800.0,56716.0
Tuesday,Bayview,12,94158.0,6,4792.0,7288.0,2482.0,2271.0,643900.0,82195.0
Tuesday,Bayview,13,94107.0,3,26599.0,14845.0,15141.0,13736.0,719700.0,114439.0
Tuesday,Bayview,13,94110.0,14,69333.0,29816.0,28913.0,27128.0,768200.0,82111.0
Tuesday,Bayview,13,94124.0,49,33996.0,6901.0,10812.0,9717.0,470400.0,50146.0
Tuesday,Bayview,13,94134.0,14,40798.0,17001.0,11867.0,11244.0,547800.0,56716.0
Tuesday,Bayview,13,94158.0,8,4792.0,7288.0,2482.0,2271.0,643900.0,82195.0
Tuesday,Bayview,14,94107.0,4,26599.0,14845.0,15141.0,13736.0,719700.0,114439.0
Tuesday,Bayview,14,94110.0,9,69333.0,29816.0,28913.0,27128.0,768200.0,82111.0
Tuesday,Bayview,14,94124.0,53,33996.0,6901.0,10812.0,9717.0,470400.0,50146.0
Tuesday,Bayview,14,94134.0,24,40798.0,17001.0,11867.0,11244.0,547800.0,56716.0
Tuesday,Bayview,14,94158.0,11,4792.0,7288.0,2482.0,2271.0,643900.0,82195.0
Tuesday,Bayview,15,94107.0,2,26599.0,14845.0,15141.0,13736.0,719700.0,114439.0
Tuesday,Bayview,15,94110.0,11,69333.0,29816.0,28913.0,27128.0,768200.0,82111.0
Tuesday,Bayview,15,94124.0,45,33996.0,6901.0,10812.0,9717.0,470400.0,50146.0
Tuesday,Bayview,15,94134.0,19,40798.0,17001.0,11867.0,11244.0,547800.0,56716.0
Tuesday,Bayview,15,94158.0,13,4792.0,7288.0,2482.0,2271.0,643900.0,82195.0
Tuesday,Bayview,16,94107.0,6,26599.0,14845.0,15141.0,13736.0,719700.0,114439.0
Tuesday,Bayview,16,94110.0,12,69333.0,29816.0,28913.0,27128.0,768200.0,82111.0
Tuesday,Bayview,16,94124.0,53,33996.0,6901.0,10812.0,9717.0,470400.0,50146.0
Tuesday,Bayview,16,94134.0,19,40798.0,17001.0,11867.0,11244.0,547800.0,56716.0
Tuesday,Bayview,16,94158.0,12,4792.0,7288.0,2482.0,2271.0,643900.0,82195.0
Tuesday,Bayview,17,94102.0,1,31176.0,46472.0,18758.0,16844.0,574100.0,22517.0
Tuesday,Bayview,17,94107.0,12,26599.0,14845.0,15141.0,13736.0,719700.0,114439.0
Tuesday,Bayview,17,94110.0,19,69333.0,29816.0,28913.0,27128.0,768200.0,82111.0
Tuesday,Bayview,17,94122.0,1,56023.0,23699.0,23633.0,22162.0,774500.0,81768.0
Tuesday,Bayview,17,94124.0,50,33996.0,6901.0,10812.0,9717.0,470400.0,50146.0
Tuesday,Bayview,17,94134.0,13,40798.0,17001.0,11867.0,11244.0,547800.0,56716.0
Tuesday,Bayview,17,94158.0,6,4792.0,7288.0,2482.0,2271.0,643900.0,82195.0
Tuesday,Bayview,18,94107.0,15,26599.0,14845.0,15141.0,13736.0,719700.0,114439.0
Tuesday,Bayview,18,94110.0,14,69333.0,29816.0,28913.0,27128.0,768200.0,82111.0
Tuesday,Bayview,18,94112.0,1,79407.0,23606.0,23081.0,21975.0,602400.0,71625.0
Tuesday,Bayview,18,94124.0,38,33996.0,6901.0,10812.0,9717.0,470400.0,50146.0
Tuesday,Bayview,18,94134.0,30,40798.0,17001.0,11867.0,11244.0,547800.0,56716.0
Tuesday,Bayview,18,94158.0,17,4792.0,7288.0,2482.0,2271.0,643900.0,82195.0
Tuesday,Bayview,19,94107.0,14,26599.0,14845.0,15141.0,13736.0,719700.0,114439.0
Tuesday,Bayview,19,94110.0,10,69333.0,29816.0,28913.0,27128.0,768200.0,82111.0
Tuesday,Bayview,19,94116.0,2,43698.0,16901.0,16283.0,15445.0,734400.0,83407.0
Tuesday,Bayview,19,94124.0,40,33996.0,6901.0,10812.0,9717.0,470400.0,50146.0
Tuesday,Bayview,19,94134.0,20,40798.0,17001.0,11867.0,11244.0,547800.0,56716.0
Tuesday,Bayview,19,94158.0,9,4792.0,7288.0,2482.0,2271.0,643900.0,82195.0
Tuesday,Bayview,20,94107.0,16,26599.0,14845.0,15141.0,13736.0,719700.0,114439.0
Tuesday,Bayview,20,94110.0,15,69333.0,29816.0,28913.0,27128.0,768200.0,82111.0
Tuesday,Bayview,20,94117.0,1,39169.0,23211.0,19255.0,17939.0,911500.0,94479.0
Tuesday,Bayview,20,94124.0,36,33996.0,6901.0,10812.0,9717.0,470400.0,50146.0
Tuesday,Bayview,20,94134.0,13,40798.0,17001.0,11867.0,11244.0,547800.0,56716.0
Tuesday,Bayview,20,94158.0,13,4792.0,7288.0,2482.0,2271.0,643900.0,82195.0
Tuesday,Bayview,21,94107.0,7,26599.0,14845.0,15141.0,13736.0,719700.0,114439.0
Tuesday,Bayview,21,94110.0,12,69333.0,29816.0,28913.0,27128.0,768200.0,82111.0
Tuesday,Bayview,21,94124.0,37,33996.0,6901.0,10812.0,9717.0,470400.0,50146.0
Tuesday,Bayview,21,94134.0,13,40798.0,17001.0,11867.0,11244.0,547800.0,56716.0
Tuesday,Bayview,21,94158.0,13,4792.0,7288.0,2482.0,2271.0,643900.0,82195.0
Tuesday,Bayview,22,94107.0,2,26599.0,14845.0,15141.0,13736.0,719700.0,114439.0
Tuesday,Bayview,22,94110.0,4,69333.0,29816.0,28913.0,27128.0,768200.0,82111.0
Tuesday,Bayview,22,94124.0,43,33996.0,6901.0,10812.0,9717.0,470400.0,50146.0
Tuesday,Bayview,22,94134.0,23,40798.0,17001.0,11867.0,11244.0,547800.0,56716.0
Tuesday,Bayview,22,94158.0,9,4792.0,7288.0,2482.0,2271.0,643900.0,82195.0
Tuesday,Bayview,23,94107.0,4,26599.0,14845.0,15141.0,13736.0,719700.0,114439.0
Tuesday,Bayview,23,94110.0,5,69333.0,29816.0,28913.0,27128.0,768200.0,82111.0
Tuesday,Bayview,23,94124.0,22,33996.0,6901.0,10812.0,9717.0,470400.0,50146.0
Tuesday,Bayview,23,94134.0,16,40798.0,17001.0,11867.0,11244.0,547800.0,56716.0
Tuesday,Bayview,23,94158.0,9,4792.0,7288.0,2482.0,2271.0,643900.0,82195.0
Tuesday,Central,0,94104.0,24,406.0,5232.0,368.0,207.0,1000001.0,48750.0
Tuesday,Central,0,94105.0,1,5846.0,15826.0,4601.0,3586.0,740900.0,163949.0
Tuesday,Central,0,94108.0,54,13768.0,50983.0,8843.0,7628.0,856900.0,35427.0
Tuesday,Central,0,94109.0,28,55984.0,47129.0,37182.0,33342.0,723200.0,60722.0
Tuesday,Central,0,94111.0,18,3713.0,10791.0,2811.0,2365.0,882000.0,89722.0
Tuesday,Central,0,94129.0,2,3183.0,1381.0,1132.0,1086.0,,143320.0
Tuesday,Central,0,94131.0,1,26881.0,12926.0,13427.0,12618.0,859700.0,96889.0
Tuesday,Central,1,94104.0,17,406.0,5232.0,368.0,207.0,1000001.0,48750.0
Tuesday,Central,1,94105.0,8,5846.0,15826.0,4601.0,3586.0,740900.0,163949.0
Tuesday,Central,1,94108.0,17,13768.0,50983.0,8843.0,7628.0,856900.0,35427.0
Tuesday,Central,1,94109.0,3,55984.0,47129.0,37182.0,33342.0,723200.0,60722.0
Tuesday,Central,1,94111.0,20,3713.0,10791.0,2811.0,2365.0,882000.0,89722.0
Tuesday,Central,2,94103.0,4,27170.0,20036.0,14778.0,13098.0,628000.0,43364.0
Tuesday,Central,2,94104.0,13,406.0,5232.0,368.0,207.0,1000001.0,48750.0
Tuesday,Central,2,94108.0,23,13768.0,50983.0,8843.0,7628.0,856900.0,35427.0
Tuesday,Central,2,94109.0,6,55984.0,47129.0,37182.0,33342.0,723200.0,60722.0
Tuesday,Central,2,94111.0,10,3713.0,10791.0,2811.0,2365.0,882000.0,89722.0
Tuesday,Central,2,94158.0,1,4792.0,7288.0,2482.0,2271.0,643900.0,82195.0
Tuesday,Central,3,94104.0,18,406.0,5232.0,368.0,207.0,1000001.0,48750.0
Tuesday,Central,3,94105.0,4,5846.0,15826.0,4601.0,3586.0,740900.0,163949.0
Tuesday,Central,3,94108.0,10,13768.0,50983.0,8843.0,7628.0,856900.0,35427.0
Tuesday,Central,3,94109.0,8,55984.0,47129.0,37182.0,33342.0,723200.0,60722.0
Tuesday,Central,3,94111.0,3,3713.0,10791.0,2811.0,2365.0,882000.0,89722.0
Tuesday,Central,3,94114.0,1,31124.0,21837.0,17634.0,16281.0,1000001.0,114689.0
Tuesday,Central,4,94103.0,5,27170.0,20036.0,14778.0,13098.0,628000.0,43364.0
Tuesday,Central,4,94104.0,11,406.0,5232.0,368.0,207.0,1000001.0,48750.0
Tuesday,Central,4,94105.0,2,5846.0,15826.0,4601.0,3586.0,740900.0,163949.0
Tuesday,Central,4,94108.0,11,13768.0,50983.0,8843.0,7628.0,856900.0,35427.0
Tuesday,Central,4,94109.0,1,55984.0,47129.0,37182.0,33342.0,723200.0,60722.0
Tuesday,Central,4,94111.0,6,3713.0,10791.0,2811.0,2365.0,882000.0,89722.0
Tuesday,Central,5,94104.0,7,406.0,5232.0,368.0,207.0,1000001.0,48750.0
Tuesday,Central,5,94105.0,1,5846.0,15826.0,4601.0,3586.0,740900.0,163949.0
Tuesday,Central,5,94108.0,13,13768.0,50983.0,8843.0,7628.0,856900.0,35427.0
Tuesday,Central,5,94109.0,2,55984.0,47129.0,37182.0,33342.0,723200.0,60722.0
Tuesday,Central,5,94111.0,6,3713.0,10791.0,2811.0,2365.0,882000.0,89722.0
Tuesday,Central,6,94104.0,14,406.0,5232.0,368.0,207.0,1000001.0,48750.0
Tuesday,Central,6,94108.0,9,13768.0,50983.0,8843.0,7628.0,856900.0,35427.0
Tuesday,Central,6,94109.0,9,55984.0,47129.0,37182.0,33342.0,723200.0,60722.0
Tuesday,Central,6,94111.0,9,3713.0,10791.0,2811.0,2365.0,882000.0,89722.0
Tuesday,Central,7,94104.0,15,406.0,5232.0,368.0,207.0,1000001.0,48750.0
Tuesday,Central,7,94105.0,1,5846.0,15826.0,4601.0,3586.0,740900.0,163949.0
Tuesday,Central,7,94108.0,30,13768.0,50983.0,8843.0,7628.0,856900.0,35427.0
Tuesday,Central,7,94109.0,5,55984.0,47129.0,37182.0,33342.0,723200.0,60722.0
Tuesday,Central,7,94111.0,15,3713.0,10791.0,2811.0,2365.0,882000.0,89722.0
Tuesday,Central,8,94104.0,25,406.0,5232.0,368.0,207.0,1000001.0,48750.0
Tuesday,Central,8,94105.0,3,5846.0,15826.0,4601.0,3586.0,740900.0,163949.0
Tuesday,Central,8,94108.0,31,13768.0,50983.0,8843.0,7628.0,856900.0,35427.0
Tuesday,Central,8,94109.0,8,55984.0,47129.0,37182.0,33342.0,723200.0,60722.0
Tuesday,Central,8,94110.0,2,69333.0,29816.0,28913.0,27128.0,768200.0,82111.0
Tuesday,Central,8,94111.0,20,3713.0,10791.0,2811.0,2365.0,882000.0,89722.0
Tuesday,Central,8,94123.0,1,23088.0,22622.0,15083.0,13717.0,1000001.0,112650.0
Tuesday,Central,9,94103.0,1,27170.0,20036.0,14778.0,13098.0,628000.0,43364.0
Tuesday,Central,9,94104.0,29,406.0,5232.0,368.0,207.0,1000001.0,48750.0
Tuesday,Central,9,94105.0,3,5846.0,15826.0,4601.0,3586.0,740900.0,163949.0
Tuesday,Central,9,94108.0,38,13768.0,50983.0,8843.0,7628.0,856900.0,35427.0
Tuesday,Central,9,94109.0,11,55984.0,47129.0,37182.0,33342.0,723200.0,60722.0
Tuesday,Central,9,94111.0,28,3713.0,10791.0,2811.0,2365.0,882000.0,89722.0
Tuesday,Central,10,94103.0,1,27170.0,20036.0,14778.0,13098.0,628000.0,43364.0
Tuesday,Central,10,94104.0,34,406.0,5232.0,368.0,207.0,1000001.0,48750.0
Tuesday,Central,10,94105.0,2,5846.0,15826.0,4601.0,3586.0,740900.0,163949.0
Tuesday,Central,10,94108.0,46,13768.0,50983.0,8843.0,7628.0,856900.0,35427.0
Tuesday,Central,10,94109.0,12,55984.0,47129.0,37182.0,33342.0,723200.0,60722.0
Tuesday,Central,10,94111.0,38,3713.0,10791.0,2811.0,2365.0,882000.0,89722.0
Tuesday,Central,10,94123.0,1,23088.0,22622.0,15083.0,13717.0,1000001.0,112650.0
Tuesday,Central,10,94124.0,1,33996.0,6901.0,10812.0,9717.0,470400.0,50146.0
Tuesday,Central,10,94129.0,1,3183.0,1381.0,1132.0,1086.0,,143320.0
Tuesday,Central,11,94103.0,1,27170.0,20036.0,14778.0,13098.0,628000.0,43364.0
Tuesday,Central,11,94104.0,32,406.0,5232.0,368.0,207.0,1000001.0,48750.0
Tuesday,Central,11,94105.0,5,5846.0,15826.0,4601.0,3586.0,740900.0,163949.0
Tuesday,Central,11,94108.0,38,13768.0,50983.0,8843.0,7628.0,856900.0,35427.0
Tuesday,Central,11,94109.0,16,55984.0,47129.0,37182.0,33342.0,723200.0,60722.0
Tuesday,Central,11,94111.0,59,3713.0,10791.0,2811.0,2365.0,882000.0,89722.0
Tuesday,Central,11,94129.0,2,3183.0,1381.0,1132.0,1086.0,,143320.0
Tuesday,Central,12,94103.0,2,27170.0,20036.0,14778.0,13098.0,628000.0,43364.0
Tuesday,Central,12,94104.0,38,406.0,5232.0,368.0,207.0,1000001.0,48750.0
Tuesday,Central,12,94105.0,10,5846.0,15826.0,4601.0,3586.0,740900.0,163949.0
Tuesday,Central,12,94108.0,52,13768.0,50983.0,8843.0,7628.0,856900.0,35427.0
Tuesday,Central,12,94109.0,26,55984.0,47129.0,37182.0,33342.0,723200.0,60722.0
Tuesday,Central,12,94111.0,80,3713.0,10791.0,2811.0,2365.0,882000.0,89722.0
Tuesday,Central,12,94124.0,3,33996.0,6901.0,10812.0,9717.0,470400.0,50146.0
Tuesday,Central,12,94129.0,1,3183.0,1381.0,1132.0,1086.0,,143320.0
Tuesday,Central,13,94102.0,1,31176.0,46472.0,18758.0,16844.0,574100.0,22517.0
Tuesday,Central,13,94103.0,1,27170.0,20036.0,14778.0,13098.0,628000.0,43364.0
Tuesday,Central,13,94104.0,49,406.0,5232.0,368.0,207.0,1000001.0,48750.0
Tuesday,Central,13,94105.0,5,5846.0,15826.0,4601.0,3586.0,740900.0,163949.0
Tuesday,Central,13,94108.0,63,13768.0,50983.0,8843.0,7628.0,856900.0,35427.0
Tuesday,Central,13,94109.0,14,55984.0,47129.0,37182.0,33342.0,723200.0,60722.0
Tuesday,Central,13,94111.0,55,3713.0,10791.0,2811.0,2365.0,882000.0,89722.0
Tuesday,Central,13,94117.0,2,39169.0,23211.0,19255.0,17939.0,911500.0,94479.0
Tuesday,Central,13,94123.0,4,23088.0,22622.0,15083.0,13717.0,1000001.0,112650.0
Tuesday,Central,13,94124.0,1,33996.0,6901.0,10812.0,9717.0,470400.0,50146.0
Tuesday,Central,14,94102.0,1,31176.0,46472.0,18758.0,16844.0,574100.0,22517.0
Tuesday,Central,14,94104.0,48,406.0,5232.0,368.0,207.0,1000001.0,48750.0
Tuesday,Central,14,94105.0,2,5846.0,15826.0,4601.0,3586.0,740900.0,163949.0
Tuesday,Central,14,94108.0,51,13768.0,50983.0,8843.0,7628.0,856900.0,35427.0
Tuesday,Central,14,94109.0,9,55984.0,47129.0,37182.0,33342.0,723200.0,60722.0
Tuesday,Central,14,94110.0,1,69333.0,29816.0,28913.0,27128.0,768200.0,82111.0
Tuesday,Central,14,94111.0,61,3713.0,10791.0,2811.0,2365.0,882000.0,89722.0
Tuesday,Central,14,94123.0,1,23088.0,22622.0,15083.0,13717.0,1000001.0,112650.0
Tuesday,Central,14,94124.0,1,33996.0,6901.0,10812.0,9717.0,470400.0,50146.0
Tuesday,Central,14,94129.0,1,3183.0,1381.0,1132.0,1086.0,,143320.0
Tuesday,Central,15,94102.0,1,31176.0,46472.0,18758.0,16844.0,574100.0,22517.0
Tuesday,Central,15,94104.0,51,406.0,5232.0,368.0,207.0,1000001.0,48750.0
Tuesday,Central,15,94105.0,10,5846.0,15826.0,4601.0,3586.0,740900.0,163949.0
Tuesday,Central,15,94108.0,67,13768.0,50983.0,8843.0,7628.0,856900.0,35427.0
Tuesday,Central,15,94109.0,14,55984.0,47129.0,37182.0,33342.0,723200.0,60722.0
Tuesday,Central,15,94111.0,47,3713.0,10791.0,2811.0,2365.0,882000.0,89722.0
Tuesday,Central,15,94123.0,2,23088.0,22622.0,15083.0,13717.0,1000001.0,112650.0
Tuesday,Central,16,94104.0,40,406.0,5232.0,368.0,207.0,1000001.0,48750.0
Tuesday,Central,16,94105.0,8,5846.0,15826.0,4601.0,3586.0,740900.0,163949.0
Tuesday,Central,16,94108.0,63,13768.0,50983.0,8843.0,7628.0,856900.0,35427.0
Tuesday,Central,16,94109.0,18,55984.0,47129.0,37182.0,33342.0,723200.0,60722.0
Tuesday,Central,16,94111.0,52,3713.0,10791.0,2811.0,2365.0,882000.0,89722.0
Tuesday,Central,16,94129.0,1,3183.0,1381.0,1132.0,1086.0,,143320.0
Tuesday,Central,17,94103.0,2,27170.0,20036.0,14778.0,13098.0,628000.0,43364.0
Tuesday,Central,17,94104.0,51,406.0,5232.0,368.0,207.0,1000001.0,48750.0
Tuesday,Central,17,94105.0,10,5846.0,15826.0,4601.0,3586.0,740900.0,163949.0
Tuesday,Central,17,94108.0,74,13768.0,50983.0,8843.0,7628.0,856900.0,35427.0
Tuesday,Central,17,94109.0,23,55984.0,47129.0,37182.0,33342.0,723200.0,60722.0
Tuesday,Central,17,94111.0,58,3713.0,10791.0,2811.0,2365.0,882000.0,89722.0
Tuesday,Central,17,94122.0,1,56023.0,23699.0,23633.0,22162.0,774500.0,81768.0
Tuesday,Central,17,94123.0,2,23088.0,22622.0,15083.0,13717.0,1000001.0,112650.0
Tuesday,Central,18,94103.0,2,27170.0,20036.0,14778.0,13098.0,628000.0,43364.0
Tuesday,Central,18,94104.0,61,406.0,5232.0,368.0,207.0,1000001.0,48750.0
Tuesday,Central,18,94105.0,3,5846.0,15826.0,4601.0,3586.0,740900.0,163949.0
Tuesday,Central,18,94108.0,71,13768.0,50983.0,8843.0,7628.0,856900.0,35427.0
Tuesday,Central,18,94109.0,13,55984.0,47129.0,37182.0,33342.0,723200.0,60722.0
Tuesday,Central,18,94111.0,64,3713.0,10791.0,2811.0,2365.0,882000.0,89722.0
Tuesday,Central,18,94122.0,1,56023.0,23699.0,23633.0,22162.0,774500.0,81768.0
Tuesday,Central,18,94123.0,1,23088.0,22622.0,15083.0,13717.0,1000001.0,112650.0
Tuesday,Central,18,94129.0,1,3183.0,1381.0,1132.0,1086.0,,143320.0
Tuesday,Central,18,94158.0,1,4792.0,7288.0,2482.0,2271.0,643900.0,82195.0
Tuesday,Central,19,94103.0,1,27170.0,20036.0,14778.0,13098.0,628000.0,43364.0
Tuesday,Central,19,94104.0,73,406.0,5232.0,368.0,207.0,1000001.0,48750.0
Tuesday,Central,19,94105.0,10,5846.0,15826.0,4601.0,3586.0,740900.0,163949.0
Tuesday,Central,19,94108.0,56,13768.0,50983.0,8843.0,7628.0,856900.0,35427.0
Tuesday,Central,19,94109.0,11,55984.0,47129.0,37182.0,33342.0,723200.0,60722.0
Tuesday,Central,19,94111.0,89,3713.0,10791.0,2811.0,2365.0,882000.0,89722.0
Tuesday,Central,19,94130.0,1,2880.0,3196.0,786.0,656.0,,37500.0
Tuesday,Central,20,94104.0,53,406.0,5232.0,368.0,207.0,1000001.0,48750.0
Tuesday,Central,20,94105.0,8,5846.0,15826.0,4601.0,3586.0,740900.0,163949.0
Tuesday,Central,20,94108.0,64,13768.0,50983.0,8843.0,7628.0,856900.0,35427.0
Tuesday,Central,20,94109.0,6,55984.0,47129.0,37182.0,33342.0,723200.0,60722.0
Tuesday,Central,20,94111.0,57,3713.0,10791.0,2811.0,2365.0,882000.0,89722.0
Tuesday,Central,20,94118.0,1,38319.0,19663.0,18633.0,17171.0,1000001.0,82857.0
Tuesday,Central,20,94123.0,1,23088.0,22622.0,15083.0,13717.0,1000001.0,112650.0
Tuesday,Central,21,94104.0,33,406.0,5232.0,368.0,207.0,1000001.0,48750.0
Tuesday,Central,21,94105.0,1,5846.0,15826.0,4601.0,3586.0,740900.0,163949.0
Tuesday,Central,21,94108.0,36,13768.0,50983.0,8843.0,7628.0,856900.0,35427.0
Tuesday,Central,21,94109.0,17,55984.0,47129.0,37182.0,33342.0,723200.0,60722.0
Tuesday,Central,21,94111.0,46,3713.0,10791.0,2811.0,2365.0,882000.0,89722.0
Tuesday,Central,21,94118.0,1,38319.0,19663.0,18633.0,17171.0,1000001.0,82857.0
Tuesday,Central,21,94123.0,1,23088.0,22622.0,15083.0,13717.0,1000001.0,112650.0
Tuesday,Central,22,94104.0,19,406.0,5232.0,368.0,207.0,1000001.0,48750.0
Tuesday,Central,22,94105.0,1,5846.0,15826.0,4601.0,3586.0,740900.0,163949.0
Tuesday,Central,22,94108.0,45,13768.0,50983.0,8843.0,7628.0,856900.0,35427.0
Tuesday,Central,22,94109.0,25,55984.0,47129.0,37182.0,33342.0,723200.0,60722.0
Tuesday,Central,22,94111.0,42,3713.0,10791.0,2811.0,2365.0,882000.0,89722.0
Tuesday,Central,22,94129.0,2,3183.0,1381.0,1132.0,1086.0,,143320.0
Tuesday,Central,23,94103.0,1,27170.0,20036.0,14778.0,13098.0,628000.0,43364.0
Tuesday,Central,23,94104.0,16,406.0,5232.0,368.0,207.0,1000001.0,48750.0
Tuesday,Central,23,94105.0,3,5846.0,15826.0,4601.0,3586.0,740900.0,163949.0
Tuesday,Central,23,94108.0,31,13768.0,50983.0,8843.0,7628.0,856900.0,35427.0
Tuesday,Central,23,94109.0,33,55984.0,47129.0,37182.0,33342.0,723200.0,60722.0
Tuesday,Central,23,94111.0,15,3713.0,10791.0,2811.0,2365.0,882000.0,89722.0
Tuesday,Ingleside,0,94110.0,13,69333.0,29816.0,28913.0,27128.0,768200.0,82111.0
Tuesday,Ingleside,0,94112.0,43,79407.0,23606.0,23081.0,21975.0,602400.0,71625.0
Tuesday,Ingleside,0,94127.0,2,19289.0,10895.0,7801.0,7511.0,916900.0,131351.0
Tuesday,Ingleside,0,94131.0,10,26881.0,12926.0,13427.0,12618.0,859700.0,96889.0
Tuesday,Ingleside,0,94134.0,22,40798.0,17001.0,11867.0,11244.0,547800.0,56716.0
Tuesday,Ingleside,1,94110.0,11,69333.0,29816.0,28913.0,27128.0,768200.0,82111.0
Tuesday,Ingleside,1,94112.0,22,79407.0,23606.0,23081.0,21975.0,602400.0,71625.0
Tuesday,Ingleside,1,94134.0,1,40798.0,17001.0,11867.0,11244.0,547800.0,56716.0
Tuesday,Ingleside,2,94110.0,6,69333.0,29816.0,28913.0,27128.0,768200.0,82111.0
Tuesday,Ingleside,2,94112.0,8,79407.0,23606.0,23081.0,21975.0,602400.0,71625.0
Tuesday,Ingleside,2,94127.0,1,19289.0,10895.0,7801.0,7511.0,916900.0,131351.0
Tuesday,Ingleside,2,94131.0,1,26881.0,12926.0,13427.0,12618.0,859700.0,96889.0
Tuesday,Ingleside,2,94132.0,1,28129.0,9045.0,10769.0,9993.0,733100.0,69223.0
Tuesday,Ingleside,2,94134.0,8,40798.0,17001.0,11867.0,11244.0,547800.0,56716.0
Tuesday,Ingleside,3,94110.0,9,69333.0,29816.0,28913.0,27128.0,768200.0,82111.0
Tuesday,Ingleside,3,94112.0,12,79407.0,23606.0,23081.0,21975.0,602400.0,71625.0
Tuesday,Ingleside,3,94131.0,1,26881.0,12926.0,13427.0,12618.0,859700.0,96889.0
Tuesday,Ingleside,3,94134.0,2,40798.0,17001.0,11867.0,11244.0,547800.0,56716.0
Tuesday,Ingleside,4,94110.0,5,69333.0,29816.0,28913.0,27128.0,768200.0,82111.0
Tuesday,Ingleside,4,94112.0,5,79407.0,23606.0,23081.0,21975.0,602400.0,71625.0
Tuesday,Ingleside,4,94127.0,1,19289.0,10895.0,7801.0,7511.0,916900.0,131351.0
Tuesday,Ingleside,4,94131.0,3,26881.0,12926.0,13427.0,12618.0,859700.0,96889.0
Tuesday,Ingleside,4,94134.0,10,40798.0,17001.0,11867.0,11244.0,547800.0,56716.0
Tuesday,Ingleside,5,94110.0,6,69333.0,29816.0,28913.0,27128.0,768200.0,82111.0
Tuesday,Ingleside,5,94112.0,7,79407.0,23606.0,23081.0,21975.0,602400.0,71625.0
Tuesday,Ingleside,5,94116.0,2,43698.0,16901.0,16283.0,15445.0,734400.0,83407.0
Tuesday,Ingleside,5,94131.0,2,26881.0,12926.0,13427.0,12618.0,859700.0,96889.0
Tuesday,Ingleside,5,94134.0,12,40798.0,17001.0,11867.0,11244.0,547800.0,56716.0
Tuesday,Ingleside,6,94110.0,2,69333.0,29816.0,28913.0,27128.0,768200.0,82111.0
Tuesday,Ingleside,6,94112.0,5,79407.0,23606.0,23081.0,21975.0,602400.0,71625.0
Tuesday,Ingleside,6,94127.0,3,19289.0,10895.0,7801.0,7511.0,916900.0,131351.0
Tuesday,Ingleside,6,94131.0,2,26881.0,12926.0,13427.0,12618.0,859700.0,96889.0
Tuesday,Ingleside,6,94134.0,10,40798.0,17001.0,11867.0,11244.0,547800.0,56716.0
Tuesday,Ingleside,7,94110.0,9,69333.0,29816.0,28913.0,27128.0,768200.0,82111.0
Tuesday,Ingleside,7,94112.0,13,79407.0,23606.0,23081.0,21975.0,602400.0,71625.0
Tuesday,Ingleside,7,94127.0,1,19289.0,10895.0,7801.0,7511.0,916900.0,131351.0
Tuesday,Ingleside,7,94131.0,2,26881.0,12926.0,13427.0,12618.0,859700.0,96889.0
Tuesday,Ingleside,7,94134.0,12,40798.0,17001.0,11867.0,11244.0,547800.0,56716.0
Tuesday,Ingleside,8,94104.0,1,406.0,5232.0,368.0,207.0,1000001.0,48750.0
Tuesday,Ingleside,8,94110.0,11,69333.0,29816.0,28913.0,27128.0,768200.0,82111.0
Tuesday,Ingleside,8,94112.0,15,79407.0,23606.0,23081.0,21975.0,602400.0,71625.0
Tuesday,Ingleside,8,94127.0,2,19289.0,10895.0,7801.0,7511.0,916900.0,131351.0
Tuesday,Ingleside,8,94131.0,6,26881.0,12926.0,13427.0,12618.0,859700.0,96889.0
Tuesday,Ingleside,8,94134.0,21,40798.0,17001.0,11867.0,11244.0,547800.0,56716.0
Tuesday,Ingleside,9,94103.0,1,27170.0,20036.0,14778.0,13098.0,628000.0,43364.0
Tuesday,Ingleside,9,94110.0,18,69333.0,29816.0,28913.0,27128.0,768200.0,82111.0
Tuesday,Ingleside,9,94112.0,22,79407.0,23606.0,23081.0,21975.0,602400.0,71625.0
Tuesday,Ingleside,9,94127.0,12,19289.0,10895.0,7801.0,7511.0,916900.0,131351.0
Tuesday,Ingleside,9,94131.0,6,26881.0,12926.0,13427.0,12618.0,859700.0,96889.0
Tuesday,Ingleside,9,94132.0,1,28129.0,9045.0,10769.0,9993.0,733100.0,69223.0
Tuesday,Ingleside,9,94134.0,10,40798.0,17001.0,11867.0,11244.0,547800.0,56716.0
Tuesday,Ingleside,10,94103.0,1,27170.0,20036.0,14778.0,13098.0,628000.0,43364.0
Tuesday,Ingleside,10,94110.0,13,69333.0,29816.0,28913.0,27128.0,768200.0,82111.0
Tuesday,Ingleside,10,94112.0,28,79407.0,23606.0,23081.0,21975.0,602400.0,71625.0
Tuesday,Ingleside,10,94124.0,1,33996.0,6901.0,10812.0,9717.0,470400.0,50146.0
Tuesday,Ingleside,10,94127.0,8,19289.0,10895.0,7801.0,7511.0,916900.0,131351.0
Tuesday,Ingleside,10,94131.0,13,26881.0,12926.0,13427.0,12618.0,859700.0,96889.0
Tuesday,Ingleside,10,94134.0,12,40798.0,17001.0,11867.0,11244.0,547800.0,56716.0
Tuesday,Ingleside,11,94110.0,14,69333.0,29816.0,28913.0,27128.0,768200.0,82111.0
Tuesday,Ingleside,11,94112.0,26,79407.0,23606.0,23081.0,21975.0,602400.0,71625.0
Tuesday,Ingleside,11,94127.0,13,19289.0,10895.0,7801.0,7511.0,916900.0,131351.0
Tuesday,Ingleside,11,94131.0,12,26881.0,12926.0,13427.0,12618.0,859700.0,96889.0
Tuesday,Ingleside,11,94134.0,16,40798.0,17001.0,11867.0,11244.0,547800.0,56716.0
Tuesday,Ingleside,12,94110.0,24,69333.0,29816.0,28913.0,27128.0,768200.0,82111.0
Tuesday,Ingleside,12,94112.0,52,79407.0,23606.0,23081.0,21975.0,602400.0,71625.0
Tuesday,Ingleside,12,94127.0,7,19289.0,10895.0,7801.0,7511.0,916900.0,131351.0
Tuesday,Ingleside,12,94131.0,21,26881.0,12926.0,13427.0,12618.0,859700.0,96889.0
Tuesday,Ingleside,12,94134.0,13,40798.0,17001.0,11867.0,11244.0,547800.0,56716.0
Tuesday,Ingleside,13,94103.0,1,27170.0,20036.0,14778.0,13098.0,628000.0,43364.0
Tuesday,Ingleside,13,94110.0,20,69333.0,29816.0,28913.0,27128.0,768200.0,82111.0
Tuesday,Ingleside,13,94112.0,36,79407.0,23606.0,23081.0,21975.0,602400.0,71625.0
Tuesday,Ingleside,13,94127.0,5,19289.0,10895.0,7801.0,7511.0,916900.0,131351.0
Tuesday,Ingleside,13,94131.0,11,26881.0,12926.0,13427.0,12618.0,859700.0,96889.0
Tuesday,Ingleside,13,94134.0,12,40798.0,17001.0,11867.0,11244.0,547800.0,56716.0
Tuesday,Ingleside,14,94110.0,13,69333.0,29816.0,28913.0,27128.0,768200.0,82111.0
Tuesday,Ingleside,14,94112.0,33,79407.0,23606.0,23081.0,21975.0,602400.0,71625.0
Tuesday,Ingleside,14,94127.0,4,19289.0,10895.0,7801.0,7511.0,916900.0,131351.0
Tuesday,Ingleside,14,94131.0,7,26881.0,12926.0,13427.0,12618.0,859700.0,96889.0
Tuesday,Ingleside,14,94134.0,11,40798.0,17001.0,11867.0,11244.0,547800.0,56716.0
Tuesday,Ingleside,14,94158.0,1,4792.0,7288.0,2482.0,2271.0,643900.0,82195.0
Tuesday,Ingleside,15,94110.0,18,69333.0,29816.0,28913.0,27128.0,768200.0,82111.0
Tuesday,Ingleside,15,94112.0,37,79407.0,23606.0,23081.0,21975.0,602400.0,71625.0
Tuesday,Ingleside,15,94127.0,8,19289.0,10895.0,7801.0,7511.0,916900.0,131351.0
Tuesday,Ingleside,15,94131.0,2,26881.0,12926.0,13427.0,12618.0,859700.0,96889.0
Tuesday,Ingleside,15,94134.0,16,40798.0,17001.0,11867.0,11244.0,547800.0,56716.0
Tuesday,Ingleside,16,94103.0,2,27170.0,20036.0,14778.0,13098.0,628000.0,43364.0
Tuesday,Ingleside,16,94110.0,20,69333.0,29816.0,28913.0,27128.0,768200.0,82111.0
Tuesday,Ingleside,16,94112.0,45,79407.0,23606.0,23081.0,21975.0,602400.0,71625.0
Tuesday,Ingleside,16,94127.0,10,19289.0,10895.0,7801.0,7511.0,916900.0,131351.0
Tuesday,Ingleside,16,94131.0,7,26881.0,12926.0,13427.0,12618.0,859700.0,96889.0
Tuesday,Ingleside,16,94134.0,18,40798.0,17001.0,11867.0,11244.0,547800.0,56716.0
Tuesday,Ingleside,17,94103.0,1,27170.0,20036.0,14778.0,13098.0,628000.0,43364.0
Tuesday,Ingleside,17,94110.0,20,69333.0,29816.0,28913.0,27128.0,768200.0,82111.0
Tuesday,Ingleside,17,94112.0,35,79407.0,23606.0,23081.0,21975.0,602400.0,71625.0
Tuesday,Ingleside,17,94127.0,10,19289.0,10895.0,7801.0,7511.0,916900.0,131351.0
Tuesday,Ingleside,17,94131.0,2,26881.0,12926.0,13427.0,12618.0,859700.0,96889.0
Tuesday,Ingleside,17,94132.0,1,28129.0,9045.0,10769.0,9993.0,733100.0,69223.0
Tuesday,Ingleside,17,94134.0,17,40798.0,17001.0,11867.0,11244.0,547800.0,56716.0
Tuesday,Ingleside,18,94110.0,19,69333.0,29816.0,28913.0,27128.0,768200.0,82111.0
Tuesday,Ingleside,18,94112.0,48,79407.0,23606.0,23081.0,21975.0,602400.0,71625.0
Tuesday,Ingleside,18,94117.0,2,39169.0,23211.0,19255.0,17939.0,911500.0,94479.0
Tuesday,Ingleside,18,94127.0,5,19289.0,10895.0,7801.0,7511.0,916900.0,131351.0
Tuesday,Ingleside,18,94131.0,11,26881.0,12926.0,13427.0,12618.0,859700.0,96889.0
Tuesday,Ingleside,18,94134.0,20,40798.0,17001.0,11867.0,11244.0,547800.0,56716.0
Tuesday,Ingleside,19,94110.0,23,69333.0,29816.0,28913.0,27128.0,768200.0,82111.0
Tuesday,Ingleside,19,94112.0,35,79407.0,23606.0,23081.0,21975.0,602400.0,71625.0
Tuesday,Ingleside,19,94127.0,4,19289.0,10895.0,7801.0,7511.0,916900.0,131351.0
Tuesday,Ingleside,19,94131.0,3,26881.0,12926.0,13427.0,12618.0,859700.0,96889.0
Tuesday,Ingleside,19,94134.0,20,40798.0,17001.0,11867.0,11244.0,547800.0,56716.0
Tuesday,Ingleside,20,94110.0,38,69333.0,29816.0,28913.0,27128.0,768200.0,82111.0
Tuesday,Ingleside,20,94112.0,33,79407.0,23606.0,23081.0,21975.0,602400.0,71625.0
Tuesday,Ingleside,20,94127.0,5,19289.0,10895.0,7801.0,7511.0,916900.0,131351.0
Tuesday,Ingleside,20,94131.0,4,26881.0,12926.0,13427.0,12618.0,859700.0,96889.0
Tuesday,Ingleside,20,94134.0,13,40798.0,17001.0,11867.0,11244.0,547800.0,56716.0
Tuesday,Ingleside,21,94110.0,19,69333.0,29816.0,28913.0,27128.0,768200.0,82111.0
Tuesday,Ingleside,21,94112.0,17,79407.0,23606.0,23081.0,21975.0,602400.0,71625.0
Tuesday,Ingleside,21,94127.0,2,19289.0,10895.0,7801.0,7511.0,916900.0,131351.0
Tuesday,Ingleside,21,94131.0,7,26881.0,12926.0,13427.0,12618.0,859700.0,96889.0
Tuesday,Ingleside,21,94134.0,11,40798.0,17001.0,11867.0,11244.0,547800.0,56716.0
Tuesday,Ingleside,22,94103.0,2,27170.0,20036.0,14778.0,13098.0,628000.0,43364.0
Tuesday,Ingleside,22,94110.0,8,69333.0,29816.0,28913.0,27128.0,768200.0,82111.0
Tuesday,Ingleside,22,94112.0,25,79407.0,23606.0,23081.0,21975.0,602400.0,71625.0
Tuesday,Ingleside,22,94127.0,1,19289.0,10895.0,7801.0,7511.0,916900.0,131351.0
Tuesday,Ingleside,22,94131.0,5,26881.0,12926.0,13427.0,12618.0,859700.0,96889.0
Tuesday,Ingleside,22,94134.0,6,40798.0,17001.0,11867.0,11244.0,547800.0,56716.0
Tuesday,Ingleside,23,94110.0,12,69333.0,29816.0,28913.0,27128.0,768200.0,82111.0
Tuesday,Ingleside,23,94112.0,26,79407.0,23606.0,23081.0,21975.0,602400.0,71625.0
Tuesday,Ingleside,23,94127.0,1,19289.0,10895.0,7801.0,7511.0,916900.0,131351.0
Tuesday,Ingleside,23,94131.0,7,26881.0,12926.0,13427.0,12618.0,859700.0,96889.0
Tuesday,Ingleside,23,94134.0,11,40798.0,17001.0,11867.0,11244.0,547800.0,56716.0
Tuesday,Mission,0,94102.0,17,31176.0,46472.0,18758.0,16844.0,574100.0,22517.0
Tuesday,Mission,0,94103.0,2,27170.0,20036.0,14778.0,13098.0,628000.0,43364.0
Tuesday,Mission,0,94110.0,88,69333.0,29816.0,28913.0,27128.0,768200.0,82111.0
Tuesday,Mission,0,94114.0,22,31124.0,21837.0,17634.0,16281.0,1000001.0,114689.0
Tuesday,Mission,0,94117.0,1,39169.0,23211.0,19255.0,17939.0,911500.0,94479.0
Tuesday,Mission,0,94131.0,7,26881.0,12926.0,13427.0,12618.0,859700.0,96889.0
Tuesday,Mission,1,94102.0,20,31176.0,46472.0,18758.0,16844.0,574100.0,22517.0
Tuesday,Mission,1,94103.0,2,27170.0,20036.0,14778.0,13098.0,628000.0,43364.0
Tuesday,Mission,1,94110.0,57,69333.0,29816.0,28913.0,27128.0,768200.0,82111.0
Tuesday,Mission,1,94114.0,12,31124.0,21837.0,17634.0,16281.0,1000001.0,114689.0
Tuesday,Mission,1,94117.0,2,39169.0,23211.0,19255.0,17939.0,911500.0,94479.0
Tuesday,Mission,1,94131.0,1,26881.0,12926.0,13427.0,12618.0,859700.0,96889.0
Tuesday,Mission,2,94102.0,16,31176.0,46472.0,18758.0,16844.0,574100.0,22517.0
Tuesday,Mission,2,94103.0,2,27170.0,20036.0,14778.0,13098.0,628000.0,43364.0
Tuesday,Mission,2,94110.0,48,69333.0,29816.0,28913.0,27128.0,768200.0,82111.0
Tuesday,Mission,2,94114.0,10,31124.0,21837.0,17634.0,16281.0,1000001.0,114689.0
Tuesday,Mission,3,94102.0,11,31176.0,46472.0,18758.0,16844.0,574100.0,22517.0
Tuesday,Mission,3,94103.0,2,27170.0,20036.0,14778.0,13098.0,628000.0,43364.0
Tuesday,Mission,3,94110.0,44,69333.0,29816.0,28913.0,27128.0,768200.0,82111.0
Tuesday,Mission,3,94114.0,7,31124.0,21837.0,17634.0,16281.0,1000001.0,114689.0
Tuesday,Mission,3,94117.0,4,39169.0,23211.0,19255.0,17939.0,911500.0,94479.0
Tuesday,Mission,3,94131.0,3,26881.0,12926.0,13427.0,12618.0,859700.0,96889.0
Tuesday,Mission,3,94158.0,3,4792.0,7288.0,2482.0,2271.0,643900.0,82195.0
Tuesday,Mission,4,94103.0,2,27170.0,20036.0,14778.0,13098.0,628000.0,43364.0
Tuesday,Mission,4,94110.0,24,69333.0,29816.0,28913.0,27128.0,768200.0,82111.0
Tuesday,Mission,4,94114.0,5,31124.0,21837.0,17634.0,16281.0,1000001.0,114689.0
Tuesday,Mission,4,94117.0,3,39169.0,23211.0,19255.0,17939.0,911500.0,94479.0
Tuesday,Mission,4,94131.0,1,26881.0,12926.0,13427.0,12618.0,859700.0,96889.0
Tuesday,Mission,4,94158.0,6,4792.0,7288.0,2482.0,2271.0,643900.0,82195.0
Tuesday,Mission,5,94102.0,4,31176.0,46472.0,18758.0,16844.0,574100.0,22517.0
Tuesday,Mission,5,94103.0,3,27170.0,20036.0,14778.0,13098.0,628000.0,43364.0
Tuesday,Mission,5,94110.0,25,69333.0,29816.0,28913.0,27128.0,768200.0,82111.0
Tuesday,Mission,5,94114.0,14,31124.0,21837.0,17634.0,16281.0,1000001.0,114689.0
Tuesday,Mission,5,94117.0,6,39169.0,23211.0,19255.0,17939.0,911500.0,94479.0
Tuesday,Mission,5,94131.0,2,26881.0,12926.0,13427.0,12618.0,859700.0,96889.0
Tuesday,Mission,5,94158.0,3,4792.0,7288.0,2482.0,2271.0,643900.0,82195.0
Tuesday,Mission,6,94102.0,12,31176.0,46472.0,18758.0,16844.0,574100.0,22517.0
Tuesday,Mission,6,94103.0,1,27170.0,20036.0,14778.0,13098.0,628000.0,43364.0
Tuesday,Mission,6,94110.0,23,69333.0,29816.0,28913.0,27128.0,768200.0,82111.0
Tuesday,Mission,6,94114.0,5,31124.0,21837.0,17634.0,16281.0,1000001.0,114689.0
Tuesday,Mission,6,94117.0,5,39169.0,23211.0,19255.0,17939.0,911500.0,94479.0
Tuesday,Mission,6,94131.0,2,26881.0,12926.0,13427.0,12618.0,859700.0,96889.0
Tuesday,Mission,6,94158.0,1,4792.0,7288.0,2482.0,2271.0,643900.0,82195.0
Tuesday,Mission,7,94102.0,4,31176.0,46472.0,18758.0,16844.0,574100.0,22517.0
Tuesday,Mission,7,94103.0,3,27170.0,20036.0,14778.0,13098.0,628000.0,43364.0
Tuesday,Mission,7,94108.0,1,13768.0,50983.0,8843.0,7628.0,856900.0,35427.0
Tuesday,Mission,7,94110.0,32,69333.0,29816.0,28913.0,27128.0,768200.0,82111.0
Tuesday,Mission,7,94114.0,26,31124.0,21837.0,17634.0,16281.0,1000001.0,114689.0
Tuesday,Mission,7,94117.0,5,39169.0,23211.0,19255.0,17939.0,911500.0,94479.0
Tuesday,Mission,7,94158.0,2,4792.0,7288.0,2482.0,2271.0,643900.0,82195.0
Tuesday,Mission,8,94102.0,16,31176.0,46472.0,18758.0,16844.0,574100.0,22517.0
Tuesday,Mission,8,94103.0,7,27170.0,20036.0,14778.0,13098.0,628000.0,43364.0
Tuesday,Mission,8,94110.0,58,69333.0,29816.0,28913.0,27128.0,768200.0,82111.0
Tuesday,Mission,8,94114.0,11,31124.0,21837.0,17634.0,16281.0,1000001.0,114689.0
Tuesday,Mission,8,94117.0,5,39169.0,23211.0,19255.0,17939.0,911500.0,94479.0
Tuesday,Mission,8,94131.0,4,26881.0,12926.0,13427.0,12618.0,859700.0,96889.0
Tuesday,Mission,8,94158.0,6,4792.0,7288.0,2482.0,2271.0,643900.0,82195.0
Tuesday,Mission,9,94102.0,28,31176.0,46472.0,18758.0,16844.0,574100.0,22517.0
Tuesday,Mission,9,94103.0,6,27170.0,20036.0,14778.0,13098.0,628000.0,43364.0
Tuesday,Mission,9,94110.0,61,69333.0,29816.0,28913.0,27128.0,768200.0,82111.0
Tuesday,Mission,9,94114.0,16,31124.0,21837.0,17634.0,16281.0,1000001.0,114689.0
Tuesday,Mission,9,94117.0,5,39169.0,23211.0,19255.0,17939.0,911500.0,94479.0
Tuesday,Mission,9,94131.0,1,26881.0,12926.0,13427.0,12618.0,859700.0,96889.0
Tuesday,Mission,9,94158.0,4,4792.0,7288.0,2482.0,2271.0,643900.0,82195.0
Tuesday,Mission,10,94102.0,19,31176.0,46472.0,18758.0,16844.0,574100.0,22517.0
Tuesday,Mission,10,94103.0,8,27170.0,20036.0,14778.0,13098.0,628000.0,43364.0
Tuesday,Mission,10,94110.0,49,69333.0,29816.0,28913.0,27128.0,768200.0,82111.0
Tuesday,Mission,10,94112.0,5,79407.0,23606.0,23081.0,21975.0,602400.0,71625.0
Tuesday,Mission,10,94114.0,24,31124.0,21837.0,17634.0,16281.0,1000001.0,114689.0
Tuesday,Mission,10,94117.0,4,39169.0,23211.0,19255.0,17939.0,911500.0,94479.0
Tuesday,Mission,10,94131.0,1,26881.0,12926.0,13427.0,12618.0,859700.0,96889.0
Tuesday,Mission,10,94158.0,9,4792.0,7288.0,2482.0,2271.0,643900.0,82195.0
Tuesday,Mission,11,94102.0,20,31176.0,46472.0,18758.0,16844.0,574100.0,22517.0
Tuesday,Mission,11,94103.0,6,27170.0,20036.0,14778.0,13098.0,628000.0,43364.0
Tuesday,Mission,11,94110.0,56,69333.0,29816.0,28913.0,27128.0,768200.0,82111.0
Tuesday,Mission,11,94114.0,18,31124.0,21837.0,17634.0,16281.0,1000001.0,114689.0
Tuesday,Mission,11,94117.0,7,39169.0,23211.0,19255.0,17939.0,911500.0,94479.0
Tuesday,Mission,11,94118.0,1,38319.0,19663.0,18633.0,17171.0,1000001.0,82857.0
Tuesday,Mission,11,94122.0,1,56023.0,23699.0,23633.0,22162.0,774500.0,81768.0
Tuesday,Mission,11,94131.0,2,26881.0,12926.0,13427.0,12618.0,859700.0,96889.0
Tuesday,Mission,11,94158.0,2,4792.0,7288.0,2482.0,2271.0,643900.0,82195.0
Tuesday,Mission,12,94102.0,42,31176.0,46472.0,18758.0,16844.0,574100.0,22517.0
Tuesday,Mission,12,94103.0,8,27170.0,20036.0,14778.0,13098.0,628000.0,43364.0
Tuesday,Mission,12,94110.0,100,69333.0,29816.0,28913.0,27128.0,768200.0,82111.0
Tuesday,Mission,12,94114.0,21,31124.0,21837.0,17634.0,16281.0,1000001.0,114689.0
Tuesday,Mission,12,94117.0,6,39169.0,23211.0,19255.0,17939.0,911500.0,94479.0
Tuesday,Mission,12,94131.0,13,26881.0,12926.0,13427.0,12618.0,859700.0,96889.0
Tuesday,Mission,12,94158.0,5,4792.0,7288.0,2482.0,2271.0,643900.0,82195.0
Tuesday,Mission,13,94102.0,32,31176.0,46472.0,18758.0,16844.0,574100.0,22517.0
Tuesday,Mission,13,94103.0,4,27170.0,20036.0,14778.0,13098.0,628000.0,43364.0
Tuesday,Mission,13,94105.0,1,5846.0,15826.0,4601.0,3586.0,740900.0,163949.0
Tuesday,Mission,13,94110.0,70,69333.0,29816.0,28913.0,27128.0,768200.0,82111.0
Tuesday,Mission,13,94114.0,18,31124.0,21837.0,17634.0,16281.0,1000001.0,114689.0
Tuesday,Mission,13,94117.0,5,39169.0,23211.0,19255.0,17939.0,911500.0,94479.0
Tuesday,Mission,13,94131.0,1,26881.0,12926.0,13427.0,12618.0,859700.0,96889.0
Tuesday,Mission,13,94158.0,5,4792.0,7288.0,2482.0,2271.0,643900.0,82195.0
Tuesday,Mission,14,94102.0,36,31176.0,46472.0,18758.0,16844.0,574100.0,22517.0
Tuesday,Mission,14,94103.0,7,27170.0,20036.0,14778.0,13098.0,628000.0,43364.0
Tuesday,Mission,14,94110.0,75,69333.0,29816.0,28913.0,27128.0,768200.0,82111.0
Tuesday,Mission,14,94114.0,16,31124.0,21837.0,17634.0,16281.0,1000001.0,114689.0
Tuesday,Mission,14,94117.0,6,39169.0,23211.0,19255.0,17939.0,911500.0,94479.0
Tuesday,Mission,14,94123.0,1,23088.0,22622.0,15083.0,13717.0,1000001.0,112650.0
Tuesday,Mission,14,94131.0,2,26881.0,12926.0,13427.0,12618.0,859700.0,96889.0
Tuesday,Mission,14,94158.0,2,4792.0,7288.0,2482.0,2271.0,643900.0,82195.0
Tuesday,Mission,15,94102.0,43,31176.0,46472.0,18758.0,16844.0,574100.0,22517.0
Tuesday,Mission,15,94103.0,11,27170.0,20036.0,14778.0,13098.0,628000.0,43364.0
Tuesday,Mission,15,94110.0,72,69333.0,29816.0,28913.0,27128.0,768200.0,82111.0
Tuesday,Mission,15,94114.0,20,31124.0,21837.0,17634.0,16281.0,1000001.0,114689.0
Tuesday,Mission,15,94117.0,1,39169.0,23211.0,19255.0,17939.0,911500.0,94479.0
Tuesday,Mission,15,94124.0,2,33996.0,6901.0,10812.0,9717.0,470400.0,50146.0
Tuesday,Mission,15,94131.0,9,26881.0,12926.0,13427.0,12618.0,859700.0,96889.0
Tuesday,Mission,16,94102.0,32,31176.0,46472.0,18758.0,16844.0,574100.0,22517.0
Tuesday,Mission,16,94103.0,7,27170.0,20036.0,14778.0,13098.0,628000.0,43364.0
Tuesday,Mission,16,94109.0,1,55984.0,47129.0,37182.0,33342.0,723200.0,60722.0
Tuesday,Mission,16,94110.0,72,69333.0,29816.0,28913.0,27128.0,768200.0,82111.0
Tuesday,Mission,16,94114.0,24,31124.0,21837.0,17634.0,16281.0,1000001.0,114689.0
Tuesday,Mission,16,94117.0,15,39169.0,23211.0,19255.0,17939.0,911500.0,94479.0
Tuesday,Mission,16,94131.0,1,26881.0,12926.0,13427.0,12618.0,859700.0,96889.0
Tuesday,Mission,16,94158.0,3,4792.0,7288.0,2482.0,2271.0,643900.0,82195.0
Tuesday,Mission,17,94102.0,25,31176.0,46472.0,18758.0,16844.0,574100.0,22517.0
Tuesday,Mission,17,94103.0,8,27170.0,20036.0,14778.0,13098.0,628000.0,43364.0
Tuesday,Mission,17,94110.0,88,69333.0,29816.0,28913.0,27128.0,768200.0,82111.0
Tuesday,Mission,17,94114.0,14,31124.0,21837.0,17634.0,16281.0,1000001.0,114689.0
Tuesday,Mission,17,94117.0,7,39169.0,23211.0,19255.0,17939.0,911500.0,94479.0
Tuesday,Mission,17,94131.0,4,26881.0,12926.0,13427.0,12618.0,859700.0,96889.0
Tuesday,Mission,17,94134.0,1,40798.0,17001.0,11867.0,11244.0,547800.0,56716.0
Tuesday,Mission,17,94158.0,8,4792.0,7288.0,2482.0,2271.0,643900.0,82195.0
Tuesday,Mission,18,94102.0,27,31176.0,46472.0,18758.0,16844.0,574100.0,22517.0
Tuesday,Mission,18,94103.0,9,27170.0,20036.0,14778.0,13098.0,628000.0,43364.0
Tuesday,Mission,18,94110.0,130,69333.0,29816.0,28913.0,27128.0,768200.0,82111.0
Tuesday,Mission,18,94114.0,28,31124.0,21837.0,17634.0,16281.0,1000001.0,114689.0
Tuesday,Mission,18,94117.0,17,39169.0,23211.0,19255.0,17939.0,911500.0,94479.0
Tuesday,Mission,18,94124.0,1,33996.0,6901.0,10812.0,9717.0,470400.0,50146.0
Tuesday,Mission,18,94131.0,9,26881.0,12926.0,13427.0,12618.0,859700.0,96889.0
Tuesday,Mission,18,94158.0,1,4792.0,7288.0,2482.0,2271.0,643900.0,82195.0
Tuesday,Mission,19,94102.0,31,31176.0,46472.0,18758.0,16844.0,574100.0,22517.0
Tuesday,Mission,19,94103.0,25,27170.0,20036.0,14778.0,13098.0,628000.0,43364.0
Tuesday,Mission,19,94110.0,91,69333.0,29816.0,28913.0,27128.0,768200.0,82111.0
Tuesday,Mission,19,94114.0,26,31124.0,21837.0,17634.0,16281.0,1000001.0,114689.0
Tuesday,Mission,19,94117.0,8,39169.0,23211.0,19255.0,17939.0,911500.0,94479.0
Tuesday,Mission,19,94131.0,6,26881.0,12926.0,13427.0,12618.0,859700.0,96889.0
Tuesday,Mission,19,94158.0,2,4792.0,7288.0,2482.0,2271.0,643900.0,82195.0
Tuesday,Mission,20,94102.0,20,31176.0,46472.0,18758.0,16844.0,574100.0,22517.0
Tuesday,Mission,20,94103.0,9,27170.0,20036.0,14778.0,13098.0,628000.0,43364.0
Tuesday,Mission,20,94110.0,84,69333.0,29816.0,28913.0,27128.0,768200.0,82111.0
Tuesday,Mission,20,94114.0,23,31124.0,21837.0,17634.0,16281.0,1000001.0,114689.0
Tuesday,Mission,20,94117.0,20,39169.0,23211.0,19255.0,17939.0,911500.0,94479.0
Tuesday,Mission,20,94131.0,2,26881.0,12926.0,13427.0,12618.0,859700.0,96889.0
Tuesday,Mission,20,94158.0,2,4792.0,7288.0,2482.0,2271.0,643900.0,82195.0
Tuesday,Mission,21,94102.0,17,31176.0,46472.0,18758.0,16844.0,574100.0,22517.0
Tuesday,Mission,21,94103.0,3,27170.0,20036.0,14778.0,13098.0,628000.0,43364.0
Tuesday,Mission,21,94109.0,1,55984.0,47129.0,37182.0,33342.0,723200.0,60722.0
Tuesday,Mission,21,94110.0,82,69333.0,29816.0,28913.0,27128.0,768200.0,82111.0
Tuesday,Mission,21,94114.0,16,31124.0,21837.0,17634.0,16281.0,1000001.0,114689.0
Tuesday,Mission,21,94117.0,4,39169.0,23211.0,19255.0,17939.0,911500.0,94479.0
Tuesday,Mission,21,94131.0,5,26881.0,12926.0,13427.0,12618.0,859700.0,96889.0
Tuesday,Mission,21,94158.0,4,4792.0,7288.0,2482.0,2271.0,643900.0,82195.0
Tuesday,Mission,22,94102.0,13,31176.0,46472.0,18758.0,16844.0,574100.0,22517.0
Tuesday,Mission,22,94103.0,1,27170.0,20036.0,14778.0,13098.0,628000.0,43364.0
Tuesday,Mission,22,94110.0,68,69333.0,29816.0,28913.0,27128.0,768200.0,82111.0
Tuesday,Mission,22,94114.0,18,31124.0,21837.0,17634.0,16281.0,1000001.0,114689.0
Tuesday,Mission,22,94117.0,3,39169.0,23211.0,19255.0,17939.0,911500.0,94479.0
Tuesday,Mission,22,94158.0,2,4792.0,7288.0,2482.0,2271.0,643900.0,82195.0
Tuesday,Mission,23,94102.0,13,31176.0,46472.0,18758.0,16844.0,574100.0,22517.0
Tuesday,Mission,23,94103.0,1,27170.0,20036.0,14778.0,13098.0,628000.0,43364.0
Tuesday,Mission,23,94110.0,67,69333.0,29816.0,28913.0,27128.0,768200.0,82111.0
Tuesday,Mission,23,94114.0,17,31124.0,21837.0,17634.0,16281.0,1000001.0,114689.0
Tuesday,Mission,23,94117.0,8,39169.0,23211.0,19255.0,17939.0,911500.0,94479.0
Tuesday,Mission,23,94131.0,3,26881.0,12926.0,13427.0,12618.0,859700.0,96889.0
Tuesday,Mission,23,94158.0,1,4792.0,7288.0,2482.0,2271.0,643900.0,82195.0
Tuesday,Northern,0,94102.0,24,31176.0,46472.0,18758.0,16844.0,574100.0,22517.0
Tuesday,Northern,0,94109.0,29,55984.0,47129.0,37182.0,33342.0,723200.0,60722.0
Tuesday,Northern,0,94115.0,24,33021.0,29596.0,18884.0,17289.0,965800.0,76952.0
Tuesday,Northern,0,94117.0,10,39169.0,23211.0,19255.0,17939.0,911500.0,94479.0
Tuesday,Northern,0,94123.0,25,23088.0,22622.0,15083.0,13717.0,1000001.0,112650.0
Tuesday,Northern,1,94102.0,25,31176.0,46472.0,18758.0,16844.0,574100.0,22517.0
Tuesday,Northern,1,94109.0,15,55984.0,47129.0,37182.0,33342.0,723200.0,60722.0
Tuesday,Northern,1,94115.0,3,33021.0,29596.0,18884.0,17289.0,965800.0,76952.0
Tuesday,Northern,1,94117.0,3,39169.0,23211.0,19255.0,17939.0,911500.0,94479.0
Tuesday,Northern,1,94123.0,10,23088.0,22622.0,15083.0,13717.0,1000001.0,112650.0
Tuesday,Northern,2,94102.0,13,31176.0,46472.0,18758.0,16844.0,574100.0,22517.0
Tuesday,Northern,2,94109.0,10,55984.0,47129.0,37182.0,33342.0,723200.0,60722.0
Tuesday,Northern,2,94115.0,7,33021.0,29596.0,18884.0,17289.0,965800.0,76952.0
Tuesday,Northern,2,94117.0,3,39169.0,23211.0,19255.0,17939.0,911500.0,94479.0
Tuesday,Northern,2,94123.0,5,23088.0,22622.0,15083.0,13717.0,1000001.0,112650.0
Tuesday,Northern,3,94102.0,15,31176.0,46472.0,18758.0,16844.0,574100.0,22517.0
Tuesday,Northern,3,94109.0,14,55984.0,47129.0,37182.0,33342.0,723200.0,60722.0
Tuesday,Northern,3,94115.0,8,33021.0,29596.0,18884.0,17289.0,965800.0,76952.0
Tuesday,Northern,3,94117.0,1,39169.0,23211.0,19255.0,17939.0,911500.0,94479.0
Tuesday,Northern,3,94123.0,6,23088.0,22622.0,15083.0,13717.0,1000001.0,112650.0
Tuesday,Northern,4,94102.0,8,31176.0,46472.0,18758.0,16844.0,574100.0,22517.0
Tuesday,Northern,4,94109.0,10,55984.0,47129.0,37182.0,33342.0,723200.0,60722.0
Tuesday,Northern,4,94115.0,1,33021.0,29596.0,18884.0,17289.0,965800.0,76952.0
Tuesday,Northern,4,94117.0,2,39169.0,23211.0,19255.0,17939.0,911500.0,94479.0
Tuesday,Northern,4,94123.0,1,23088.0,22622.0,15083.0,13717.0,1000001.0,112650.0
Tuesday,Northern,5,94102.0,5,31176.0,46472.0,18758.0,16844.0,574100.0,22517.0
Tuesday,Northern,5,94109.0,11,55984.0,47129.0,37182.0,33342.0,723200.0,60722.0
Tuesday,Northern,5,94115.0,3,33021.0,29596.0,18884.0,17289.0,965800.0,76952.0
Tuesday,Northern,5,94123.0,1,23088.0,22622.0,15083.0,13717.0,1000001.0,112650.0
Tuesday,Northern,6,94102.0,11,31176.0,46472.0,18758.0,16844.0,574100.0,22517.0
Tuesday,Northern,6,94109.0,9,55984.0,47129.0,37182.0,33342.0,723200.0,60722.0
Tuesday,Northern,6,94112.0,1,79407.0,23606.0,23081.0,21975.0,602400.0,71625.0
Tuesday,Northern,6,94115.0,8,33021.0,29596.0,18884.0,17289.0,965800.0,76952.0
Tuesday,Northern,6,94117.0,4,39169.0,23211.0,19255.0,17939.0,911500.0,94479.0
Tuesday,Northern,6,94129.0,1,3183.0,1381.0,1132.0,1086.0,,143320.0
Tuesday,Northern,7,94102.0,30,31176.0,46472.0,18758.0,16844.0,574100.0,22517.0
Tuesday,Northern,7,94109.0,15,55984.0,47129.0,37182.0,33342.0,723200.0,60722.0
Tuesday,Northern,7,94111.0,2,3713.0,10791.0,2811.0,2365.0,882000.0,89722.0
Tuesday,Northern,7,94115.0,4,33021.0,29596.0,18884.0,17289.0,965800.0,76952.0
Tuesday,Northern,7,94117.0,3,39169.0,23211.0,19255.0,17939.0,911500.0,94479.0
Tuesday,Northern,7,94123.0,7,23088.0,22622.0,15083.0,13717.0,1000001.0,112650.0
Tuesday,Northern,8,94102.0,31,31176.0,46472.0,18758.0,16844.0,574100.0,22517.0
Tuesday,Northern,8,94109.0,21,55984.0,47129.0,37182.0,33342.0,723200.0,60722.0
Tuesday,Northern,8,94115.0,17,33021.0,29596.0,18884.0,17289.0,965800.0,76952.0
Tuesday,Northern,8,94117.0,12,39169.0,23211.0,19255.0,17939.0,911500.0,94479.0
Tuesday,Northern,8,94118.0,1,38319.0,19663.0,18633.0,17171.0,1000001.0,82857.0
Tuesday,Northern,8,94123.0,14,23088.0,22622.0,15083.0,13717.0,1000001.0,112650.0
Tuesday,Northern,9,94102.0,36,31176.0,46472.0,18758.0,16844.0,574100.0,22517.0
Tuesday,Northern,9,94109.0,14,55984.0,47129.0,37182.0,33342.0,723200.0,60722.0
Tuesday,Northern,9,94110.0,2,69333.0,29816.0,28913.0,27128.0,768200.0,82111.0
Tuesday,Northern,9,94111.0,2,3713.0,10791.0,2811.0,2365.0,882000.0,89722.0
Tuesday,Northern,9,94115.0,14,33021.0,29596.0,18884.0,17289.0,965800.0,76952.0
Tuesday,Northern,9,94117.0,9,39169.0,23211.0,19255.0,17939.0,911500.0,94479.0
Tuesday,Northern,9,94123.0,7,23088.0,22622.0,15083.0,13717.0,1000001.0,112650.0
Tuesday,Northern,10,94102.0,36,31176.0,46472.0,18758.0,16844.0,574100.0,22517.0
Tuesday,Northern,10,94109.0,25,55984.0,47129.0,37182.0,33342.0,723200.0,60722.0
Tuesday,Northern,10,94115.0,16,33021.0,29596.0,18884.0,17289.0,965800.0,76952.0
Tuesday,Northern,10,94117.0,25,39169.0,23211.0,19255.0,17939.0,911500.0,94479.0
Tuesday,Northern,10,94118.0,1,38319.0,19663.0,18633.0,17171.0,1000001.0,82857.0
Tuesday,Northern,10,94123.0,20,23088.0,22622.0,15083.0,13717.0,1000001.0,112650.0
Tuesday,Northern,11,94102.0,58,31176.0,46472.0,18758.0,16844.0,574100.0,22517.0
Tuesday,Northern,11,94109.0,25,55984.0,47129.0,37182.0,33342.0,723200.0,60722.0
Tuesday,Northern,11,94115.0,16,33021.0,29596.0,18884.0,17289.0,965800.0,76952.0
Tuesday,Northern,11,94117.0,22,39169.0,23211.0,19255.0,17939.0,911500.0,94479.0
Tuesday,Northern,11,94123.0,14,23088.0,22622.0,15083.0,13717.0,1000001.0,112650.0
Tuesday,Northern,11,94129.0,1,3183.0,1381.0,1132.0,1086.0,,143320.0
Tuesday,Northern,12,94102.0,54,31176.0,46472.0,18758.0,16844.0,574100.0,22517.0
Tuesday,Northern,12,94109.0,33,55984.0,47129.0,37182.0,33342.0,723200.0,60722.0
Tuesday,Northern,12,94111.0,2,3713.0,10791.0,2811.0,2365.0,882000.0,89722.0
Tuesday,Northern,12,94115.0,29,33021.0,29596.0,18884.0,17289.0,965800.0,76952.0
Tuesday,Northern,12,94117.0,14,39169.0,23211.0,19255.0,17939.0,911500.0,94479.0
Tuesday,Northern,12,94118.0,1,38319.0,19663.0,18633.0,17171.0,1000001.0,82857.0
Tuesday,Northern,12,94123.0,27,23088.0,22622.0,15083.0,13717.0,1000001.0,112650.0
Tuesday,Northern,12,94132.0,1,28129.0,9045.0,10769.0,9993.0,733100.0,69223.0
Tuesday,Northern,13,94102.0,39,31176.0,46472.0,18758.0,16844.0,574100.0,22517.0
Tuesday,Northern,13,94109.0,34,55984.0,47129.0,37182.0,33342.0,723200.0,60722.0
Tuesday,Northern,13,94115.0,11,33021.0,29596.0,18884.0,17289.0,965800.0,76952.0
Tuesday,Northern,13,94117.0,17,39169.0,23211.0,19255.0,17939.0,911500.0,94479.0
Tuesday,Northern,13,94123.0,11,23088.0,22622.0,15083.0,13717.0,1000001.0,112650.0
Tuesday,Northern,14,94102.0,58,31176.0,46472.0,18758.0,16844.0,574100.0,22517.0
Tuesday,Northern,14,94109.0,16,55984.0,47129.0,37182.0,33342.0,723200.0,60722.0
Tuesday,Northern,14,94115.0,15,33021.0,29596.0,18884.0,17289.0,965800.0,76952.0
Tuesday,Northern,14,94117.0,23,39169.0,23211.0,19255.0,17939.0,911500.0,94479.0
Tuesday,Northern,14,94123.0,17,23088.0,22622.0,15083.0,13717.0,1000001.0,112650.0
Tuesday,Northern,15,94102.0,70,31176.0,46472.0,18758.0,16844.0,574100.0,22517.0
Tuesday,Northern,15,94109.0,28,55984.0,47129.0,37182.0,33342.0,723200.0,60722.0
Tuesday,Northern,15,94115.0,24,33021.0,29596.0,18884.0,17289.0,965800.0,76952.0
Tuesday,Northern,15,94117.0,10,39169.0,23211.0,19255.0,17939.0,911500.0,94479.0
Tuesday,Northern,15,94123.0,27,23088.0,22622.0,15083.0,13717.0,1000001.0,112650.0
Tuesday,Northern,15,94132.0,1,28129.0,9045.0,10769.0,9993.0,733100.0,69223.0
Tuesday,Northern,15,94158.0,2,4792.0,7288.0,2482.0,2271.0,643900.0,82195.0
Tuesday,Northern,16,94102.0,53,31176.0,46472.0,18758.0,16844.0,574100.0,22517.0
Tuesday,Northern,16,94108.0,1,13768.0,50983.0,8843.0,7628.0,856900.0,35427.0
Tuesday,Northern,16,94109.0,23,55984.0,47129.0,37182.0,33342.0,723200.0,60722.0
Tuesday,Northern,16,94111.0,1,3713.0,10791.0,2811.0,2365.0,882000.0,89722.0
Tuesday,Northern,16,94115.0,19,33021.0,29596.0,18884.0,17289.0,965800.0,76952.0
Tuesday,Northern,16,94117.0,14,39169.0,23211.0,19255.0,17939.0,911500.0,94479.0
Tuesday,Northern,16,94123.0,17,23088.0,22622.0,15083.0,13717.0,1000001.0,112650.0
Tuesday,Northern,17,94102.0,70,31176.0,46472.0,18758.0,16844.0,574100.0,22517.0
Tuesday,Northern,17,94104.0,1,406.0,5232.0,368.0,207.0,1000001.0,48750.0
Tuesday,Northern,17,94109.0,37,55984.0,47129.0,37182.0,33342.0,723200.0,60722.0
Tuesday,Northern,17,94115.0,29,33021.0,29596.0,18884.0,17289.0,965800.0,76952.0
Tuesday,Northern,17,94117.0,15,39169.0,23211.0,19255.0,17939.0,911500.0,94479.0
Tuesday,Northern,17,94123.0,20,23088.0,22622.0,15083.0,13717.0,1000001.0,112650.0
Tuesday,Northern,18,94102.0,78,31176.0,46472.0,18758.0,16844.0,574100.0,22517.0
Tuesday,Northern,18,94105.0,1,5846.0,15826.0,4601.0,3586.0,740900.0,163949.0
Tuesday,Northern,18,94109.0,38,55984.0,47129.0,37182.0,33342.0,723200.0,60722.0
Tuesday,Northern,18,94110.0,2,69333.0,29816.0,28913.0,27128.0,768200.0,82111.0
Tuesday,Northern,18,94115.0,33,33021.0,29596.0,18884.0,17289.0,965800.0,76952.0
Tuesday,Northern,18,94117.0,19,39169.0,23211.0,19255.0,17939.0,911500.0,94479.0
Tuesday,Northern,18,94123.0,34,23088.0,22622.0,15083.0,13717.0,1000001.0,112650.0
Tuesday,Northern,18,94131.0,1,26881.0,12926.0,13427.0,12618.0,859700.0,96889.0
Tuesday,Northern,19,94102.0,77,31176.0,46472.0,18758.0,16844.0,574100.0,22517.0
Tuesday,Northern,19,94109.0,52,55984.0,47129.0,37182.0,33342.0,723200.0,60722.0
Tuesday,Northern,19,94115.0,26,33021.0,29596.0,18884.0,17289.0,965800.0,76952.0
Tuesday,Northern,19,94117.0,13,39169.0,23211.0,19255.0,17939.0,911500.0,94479.0
Tuesday,Northern,19,94123.0,30,23088.0,22622.0,15083.0,13717.0,1000001.0,112650.0
Tuesday,Northern,20,94102.0,49,31176.0,46472.0,18758.0,16844.0,574100.0,22517.0
Tuesday,Northern,20,94109.0,42,55984.0,47129.0,37182.0,33342.0,723200.0,60722.0
Tuesday,Northern,20,94115.0,35,33021.0,29596.0,18884.0,17289.0,965800.0,76952.0
Tuesday,Northern,20,94117.0,11,39169.0,23211.0,19255.0,17939.0,911500.0,94479.0
Tuesday,Northern,20,94123.0,24,23088.0,22622.0,15083.0,13717.0,1000001.0,112650.0
Tuesday,Northern,21,94102.0,45,31176.0,46472.0,18758.0,16844.0,574100.0,22517.0
Tuesday,Northern,21,94109.0,34,55984.0,47129.0,37182.0,33342.0,723200.0,60722.0
Tuesday,Northern,21,94111.0,1,3713.0,10791.0,2811.0,2365.0,882000.0,89722.0
Tuesday,Northern,21,94115.0,21,33021.0,29596.0,18884.0,17289.0,965800.0,76952.0
Tuesday,Northern,21,94117.0,4,39169.0,23211.0,19255.0,17939.0,911500.0,94479.0
Tuesday,Northern,21,94118.0,1,38319.0,19663.0,18633.0,17171.0,1000001.0,82857.0
Tuesday,Northern,21,94123.0,22,23088.0,22622.0,15083.0,13717.0,1000001.0,112650.0
Tuesday,Northern,22,94102.0,55,31176.0,46472.0,18758.0,16844.0,574100.0,22517.0
Tuesday,Northern,22,94109.0,26,55984.0,47129.0,37182.0,33342.0,723200.0,60722.0
Tuesday,Northern,22,94115.0,4,33021.0,29596.0,18884.0,17289.0,965800.0,76952.0
Tuesday,Northern,22,94117.0,7,39169.0,23211.0,19255.0,17939.0,911500.0,94479.0
Tuesday,Northern,22,94123.0,23,23088.0,22622.0,15083.0,13717.0,1000001.0,112650.0
Tuesday,Northern,23,94102.0,30,31176.0,46472.0,18758.0,16844.0,574100.0,22517.0
Tuesday,Northern,23,94109.0,25,55984.0,47129.0,37182.0,33342.0,723200.0,60722.0
Tuesday,Northern,23,94115.0,9,33021.0,29596.0,18884.0,17289.0,965800.0,76952.0
Tuesday,Northern,23,94117.0,9,39169.0,23211.0,19255.0,17939.0,911500.0,94479.0
Tuesday,Northern,23,94123.0,13,23088.0,22622.0,15083.0,13717.0,1000001.0,112650.0
Tuesday,Out of SF,0,94103.0,7,27170.0,20036.0,14778.0,13098.0,628000.0,43364.0
Tuesday,Out of SF,0,94108.0,1,13768.0,50983.0,8843.0,7628.0,856900.0,35427.0
Tuesday,Out of SF,0,94112.0,1,79407.0,23606.0,23081.0,21975.0,602400.0,71625.0
Tuesday,Out of SF,0,94118.0,1,38319.0,19663.0,18633.0,17171.0,1000001.0,82857.0
Tuesday,Out of SF,0,94124.0,4,33996.0,6901.0,10812.0,9717.0,470400.0,50146.0
Tuesday,Out of SF,0,94134.0,1,40798.0,17001.0,11867.0,11244.0,547800.0,56716.0
Tuesday,Out of SF,0,94158.0,6,4792.0,7288.0,2482.0,2271.0,643900.0,82195.0
Tuesday,Out of SF,1,94103.0,2,27170.0,20036.0,14778.0,13098.0,628000.0,43364.0
Tuesday,Out of SF,1,94134.0,1,40798.0,17001.0,11867.0,11244.0,547800.0,56716.0
Tuesday,Out of SF,2,94103.0,1,27170.0,20036.0,14778.0,13098.0,628000.0,43364.0
Tuesday,Out of SF,3,94102.0,1,31176.0,46472.0,18758.0,16844.0,574100.0,22517.0
Tuesday,Out of SF,3,94103.0,2,27170.0,20036.0,14778.0,13098.0,628000.0,43364.0
Tuesday,Out of SF,3,94158.0,4,4792.0,7288.0,2482.0,2271.0,643900.0,82195.0
Tuesday,Out of SF,4,94124.0,1,33996.0,6901.0,10812.0,9717.0,470400.0,50146.0
Tuesday,Out of SF,5,94117.0,2,39169.0,23211.0,19255.0,17939.0,911500.0,94479.0
Tuesday,Out of SF,5,94158.0,3,4792.0,7288.0,2482.0,2271.0,643900.0,82195.0
Tuesday,Out of SF,7,94102.0,1,31176.0,46472.0,18758.0,16844.0,574100.0,22517.0
Tuesday,Out of SF,7,94108.0,2,13768.0,50983.0,8843.0,7628.0,856900.0,35427.0
Tuesday,Out of SF,7,94118.0,2,38319.0,19663.0,18633.0,17171.0,1000001.0,82857.0
Tuesday,Out of SF,8,94103.0,18,27170.0,20036.0,14778.0,13098.0,628000.0,43364.0
Tuesday,Out of SF,8,94108.0,3,13768.0,50983.0,8843.0,7628.0,856900.0,35427.0
Tuesday,Out of SF,8,94110.0,1,69333.0,29816.0,28913.0,27128.0,768200.0,82111.0
Tuesday,Out of SF,8,94115.0,1,33021.0,29596.0,18884.0,17289.0,965800.0,76952.0
Tuesday,Out of SF,9,94105.0,1,5846.0,15826.0,4601.0,3586.0,740900.0,163949.0
Tuesday,Out of SF,9,94116.0,1,43698.0,16901.0,16283.0,15445.0,734400.0,83407.0
Tuesday,Out of SF,9,94158.0,4,4792.0,7288.0,2482.0,2271.0,643900.0,82195.0
Tuesday,Out of SF,10,94102.0,1,31176.0,46472.0,18758.0,16844.0,574100.0,22517.0
Tuesday,Out of SF,10,94103.0,1,27170.0,20036.0,14778.0,13098.0,628000.0,43364.0
Tuesday,Out of SF,10,94108.0,1,13768.0,50983.0,8843.0,7628.0,856900.0,35427.0
Tuesday,Out of SF,10,94110.0,1,69333.0,29816.0,28913.0,27128.0,768200.0,82111.0
Tuesday,Out of SF,10,94112.0,1,79407.0,23606.0,23081.0,21975.0,602400.0,71625.0
Tuesday,Out of SF,10,94116.0,3,43698.0,16901.0,16283.0,15445.0,734400.0,83407.0
Tuesday,Out of SF,10,94118.0,3,38319.0,19663.0,18633.0,17171.0,1000001.0,82857.0
Tuesday,Out of SF,10,94134.0,1,40798.0,17001.0,11867.0,11244.0,547800.0,56716.0
Tuesday,Out of SF,10,94158.0,9,4792.0,7288.0,2482.0,2271.0,643900.0,82195.0
Tuesday,Out of SF,11,94103.0,3,27170.0,20036.0,14778.0,13098.0,628000.0,43364.0
Tuesday,Out of SF,11,94108.0,1,13768.0,50983.0,8843.0,7628.0,856900.0,35427.0
Tuesday,Out of SF,11,94112.0,2,79407.0,23606.0,23081.0,21975.0,602400.0,71625.0
Tuesday,Out of SF,11,94116.0,2,43698.0,16901.0,16283.0,15445.0,734400.0,83407.0
Tuesday,Out of SF,11,94158.0,1,4792.0,7288.0,2482.0,2271.0,643900.0,82195.0
Tuesday,Out of SF,12,94102.0,2,31176.0,46472.0,18758.0,16844.0,574100.0,22517.0
Tuesday,Out of SF,12,94103.0,4,27170.0,20036.0,14778.0,13098.0,628000.0,43364.0
Tuesday,Out of SF,12,94104.0,2,406.0,5232.0,368.0,207.0,1000001.0,48750.0
Tuesday,Out of SF,12,94108.0,1,13768.0,50983.0,8843.0,7628.0,856900.0,35427.0
Tuesday,Out of SF,12,94110.0,1,69333.0,29816.0,28913.0,27128.0,768200.0,82111.0
Tuesday,Out of SF,12,94116.0,3,43698.0,16901.0,16283.0,15445.0,734400.0,83407.0
Tuesday,Out of SF,12,94124.0,1,33996.0,6901.0,10812.0,9717.0,470400.0,50146.0
Tuesday,Out of SF,12,94158.0,5,4792.0,7288.0,2482.0,2271.0,643900.0,82195.0
Tuesday,Out of SF,13,94103.0,3,27170.0,20036.0,14778.0,13098.0,628000.0,43364.0
Tuesday,Out of SF,13,94108.0,6,13768.0,50983.0,8843.0,7628.0,856900.0,35427.0
Tuesday,Out of SF,13,94134.0,1,40798.0,17001.0,11867.0,11244.0,547800.0,56716.0
Tuesday,Out of SF,13,94158.0,1,4792.0,7288.0,2482.0,2271.0,643900.0,82195.0
Tuesday,Out of SF,14,94102.0,2,31176.0,46472.0,18758.0,16844.0,574100.0,22517.0
Tuesday,Out of SF,14,94103.0,5,27170.0,20036.0,14778.0,13098.0,628000.0,43364.0
Tuesday,Out of SF,14,94108.0,4,13768.0,50983.0,8843.0,7628.0,856900.0,35427.0
Tuesday,Out of SF,14,94110.0,2,69333.0,29816.0,28913.0,27128.0,768200.0,82111.0
Tuesday,Out of SF,14,94112.0,1,79407.0,23606.0,23081.0,21975.0,602400.0,71625.0
Tuesday,Out of SF,14,94116.0,5,43698.0,16901.0,16283.0,15445.0,734400.0,83407.0
Tuesday,Out of SF,14,94118.0,2,38319.0,19663.0,18633.0,17171.0,1000001.0,82857.0
Tuesday,Out of SF,14,94124.0,1,33996.0,6901.0,10812.0,9717.0,470400.0,50146.0
Tuesday,Out of SF,14,94130.0,1,2880.0,3196.0,786.0,656.0,,37500.0
Tuesday,Out of SF,15,94103.0,5,27170.0,20036.0,14778.0,13098.0,628000.0,43364.0
Tuesday,Out of SF,15,94108.0,1,13768.0,50983.0,8843.0,7628.0,856900.0,35427.0
Tuesday,Out of SF,15,94117.0,1,39169.0,23211.0,19255.0,17939.0,911500.0,94479.0
Tuesday,Out of SF,15,94124.0,2,33996.0,6901.0,10812.0,9717.0,470400.0,50146.0
Tuesday,Out of SF,15,94158.0,5,4792.0,7288.0,2482.0,2271.0,643900.0,82195.0
Tuesday,Out of SF,16,94103.0,4,27170.0,20036.0,14778.0,13098.0,628000.0,43364.0
Tuesday,Out of SF,16,94108.0,1,13768.0,50983.0,8843.0,7628.0,856900.0,35427.0
Tuesday,Out of SF,16,94110.0,3,69333.0,29816.0,28913.0,27128.0,768200.0,82111.0
Tuesday,Out of SF,16,94158.0,3,4792.0,7288.0,2482.0,2271.0,643900.0,82195.0
Tuesday,Out of SF,17,94103.0,8,27170.0,20036.0,14778.0,13098.0,628000.0,43364.0
Tuesday,Out of SF,17,94112.0,2,79407.0,23606.0,23081.0,21975.0,602400.0,71625.0
Tuesday,Out of SF,17,94116.0,2,43698.0,16901.0,16283.0,15445.0,734400.0,83407.0
Tuesday,Out of SF,17,94118.0,2,38319.0,19663.0,18633.0,17171.0,1000001.0,82857.0
Tuesday,Out of SF,17,94132.0,1,28129.0,9045.0,10769.0,9993.0,733100.0,69223.0
Tuesday,Out of SF,17,94158.0,2,4792.0,7288.0,2482.0,2271.0,643900.0,82195.0
Tuesday,Out of SF,18,94103.0,6,27170.0,20036.0,14778.0,13098.0,628000.0,43364.0
Tuesday,Out of SF,18,94110.0,1,69333.0,29816.0,28913.0,27128.0,768200.0,82111.0
Tuesday,Out of SF,18,94158.0,2,4792.0,7288.0,2482.0,2271.0,643900.0,82195.0
Tuesday,Out of SF,19,94108.0,2,13768.0,50983.0,8843.0,7628.0,856900.0,35427.0
Tuesday,Out of SF,19,94110.0,3,69333.0,29816.0,28913.0,27128.0,768200.0,82111.0
Tuesday,Out of SF,19,94124.0,2,33996.0,6901.0,10812.0,9717.0,470400.0,50146.0
Tuesday,Out of SF,20,94108.0,4,13768.0,50983.0,8843.0,7628.0,856900.0,35427.0
Tuesday,Out of SF,20,94110.0,1,69333.0,29816.0,28913.0,27128.0,768200.0,82111.0
Tuesday,Out of SF,20,94132.0,1,28129.0,9045.0,10769.0,9993.0,733100.0,69223.0
Tuesday,Out of SF,21,94102.0,2,31176.0,46472.0,18758.0,16844.0,574100.0,22517.0
Tuesday,Out of SF,21,94103.0,1,27170.0,20036.0,14778.0,13098.0,628000.0,43364.0
Tuesday,Out of SF,21,94105.0,1,5846.0,15826.0,4601.0,3586.0,740900.0,163949.0
Tuesday,Out of SF,21,94108.0,2,13768.0,50983.0,8843.0,7628.0,856900.0,35427.0
Tuesday,Out of SF,21,94118.0,2,38319.0,19663.0,18633.0,17171.0,1000001.0,82857.0
Tuesday,Out of SF,21,94158.0,1,4792.0,7288.0,2482.0,2271.0,643900.0,82195.0
Tuesday,Out of SF,22,94158.0,1,4792.0,7288.0,2482.0,2271.0,643900.0,82195.0
Tuesday,Out of SF,23,94158.0,1,4792.0,7288.0,2482.0,2271.0,643900.0,82195.0
Tuesday,Park,0,94114.0,4,31124.0,21837.0,17634.0,16281.0,1000001.0,114689.0
Tuesday,Park,0,94115.0,1,33021.0,29596.0,18884.0,17289.0,965800.0,76952.0
Tuesday,Park,0,94117.0,18,39169.0,23211.0,19255.0,17939.0,911500.0,94479.0
Tuesday,Park,0,94118.0,5,38319.0,19663.0,18633.0,17171.0,1000001.0,82857.0
Tuesday,Park,0,94122.0,3,56023.0,23699.0,23633.0,22162.0,774500.0,81768.0
Tuesday,Park,0,94131.0,2,26881.0,12926.0,13427.0,12618.0,859700.0,96889.0
Tuesday,Park,1,94114.0,1,31124.0,21837.0,17634.0,16281.0,1000001.0,114689.0
Tuesday,Park,1,94117.0,3,39169.0,23211.0,19255.0,17939.0,911500.0,94479.0
Tuesday,Park,1,94118.0,2,38319.0,19663.0,18633.0,17171.0,1000001.0,82857.0
Tuesday,Park,1,94122.0,2,56023.0,23699.0,23633.0,22162.0,774500.0,81768.0
Tuesday,Park,1,94131.0,1,26881.0,12926.0,13427.0,12618.0,859700.0,96889.0
Tuesday,Park,2,94115.0,3,33021.0,29596.0,18884.0,17289.0,965800.0,76952.0
Tuesday,Park,2,94117.0,8,39169.0,23211.0,19255.0,17939.0,911500.0,94479.0
Tuesday,Park,2,94122.0,1,56023.0,23699.0,23633.0,22162.0,774500.0,81768.0
Tuesday,Park,2,94131.0,1,26881.0,12926.0,13427.0,12618.0,859700.0,96889.0
Tuesday,Park,3,94102.0,4,31176.0,46472.0,18758.0,16844.0,574100.0,22517.0
Tuesday,Park,3,94114.0,3,31124.0,21837.0,17634.0,16281.0,1000001.0,114689.0
Tuesday,Park,3,94117.0,10,39169.0,23211.0,19255.0,17939.0,911500.0,94479.0
Tuesday,Park,3,94118.0,1,38319.0,19663.0,18633.0,17171.0,1000001.0,82857.0
Tuesday,Park,3,94131.0,1,26881.0,12926.0,13427.0,12618.0,859700.0,96889.0
Tuesday,Park,4,94114.0,2,31124.0,21837.0,17634.0,16281.0,1000001.0,114689.0
Tuesday,Park,4,94117.0,4,39169.0,23211.0,19255.0,17939.0,911500.0,94479.0
Tuesday,Park,4,94118.0,5,38319.0,19663.0,18633.0,17171.0,1000001.0,82857.0
Tuesday,Park,4,94131.0,1,26881.0,12926.0,13427.0,12618.0,859700.0,96889.0
Tuesday,Park,5,94114.0,1,31124.0,21837.0,17634.0,16281.0,1000001.0,114689.0
Tuesday,Park,5,94117.0,9,39169.0,23211.0,19255.0,17939.0,911500.0,94479.0
Tuesday,Park,5,94131.0,2,26881.0,12926.0,13427.0,12618.0,859700.0,96889.0
Tuesday,Park,6,94114.0,5,31124.0,21837.0,17634.0,16281.0,1000001.0,114689.0
Tuesday,Park,6,94117.0,4,39169.0,23211.0,19255.0,17939.0,911500.0,94479.0
Tuesday,Park,7,94102.0,1,31176.0,46472.0,18758.0,16844.0,574100.0,22517.0
Tuesday,Park,7,94114.0,7,31124.0,21837.0,17634.0,16281.0,1000001.0,114689.0
Tuesday,Park,7,94117.0,41,39169.0,23211.0,19255.0,17939.0,911500.0,94479.0
Tuesday,Park,7,94131.0,1,26881.0,12926.0,13427.0,12618.0,859700.0,96889.0
Tuesday,Park,8,94114.0,4,31124.0,21837.0,17634.0,16281.0,1000001.0,114689.0
Tuesday,Park,8,94117.0,41,39169.0,23211.0,19255.0,17939.0,911500.0,94479.0
Tuesday,Park,8,94118.0,7,38319.0,19663.0,18633.0,17171.0,1000001.0,82857.0
Tuesday,Park,8,94122.0,5,56023.0,23699.0,23633.0,22162.0,774500.0,81768.0
Tuesday,Park,8,94131.0,2,26881.0,12926.0,13427.0,12618.0,859700.0,96889.0
Tuesday,Park,9,94102.0,1,31176.0,46472.0,18758.0,16844.0,574100.0,22517.0
Tuesday,Park,9,94114.0,11,31124.0,21837.0,17634.0,16281.0,1000001.0,114689.0
Tuesday,Park,9,94115.0,2,33021.0,29596.0,18884.0,17289.0,965800.0,76952.0
Tuesday,Park,9,94117.0,33,39169.0,23211.0,19255.0,17939.0,911500.0,94479.0
Tuesday,Park,9,94118.0,5,38319.0,19663.0,18633.0,17171.0,1000001.0,82857.0
Tuesday,Park,9,94122.0,3,56023.0,23699.0,23633.0,22162.0,774500.0,81768.0
Tuesday,Park,9,94131.0,3,26881.0,12926.0,13427.0,12618.0,859700.0,96889.0
Tuesday,Park,10,94114.0,5,31124.0,21837.0,17634.0,16281.0,1000001.0,114689.0
Tuesday,Park,10,94115.0,1,33021.0,29596.0,18884.0,17289.0,965800.0,76952.0
Tuesday,Park,10,94117.0,36,39169.0,23211.0,19255.0,17939.0,911500.0,94479.0
Tuesday,Park,10,94118.0,9,38319.0,19663.0,18633.0,17171.0,1000001.0,82857.0
Tuesday,Park,10,94122.0,2,56023.0,23699.0,23633.0,22162.0,774500.0,81768.0
Tuesday,Park,10,94131.0,3,26881.0,12926.0,13427.0,12618.0,859700.0,96889.0
Tuesday,Park,11,94102.0,1,31176.0,46472.0,18758.0,16844.0,574100.0,22517.0
Tuesday,Park,11,94112.0,1,79407.0,23606.0,23081.0,21975.0,602400.0,71625.0
Tuesday,Park,11,94114.0,8,31124.0,21837.0,17634.0,16281.0,1000001.0,114689.0
Tuesday,Park,11,94115.0,2,33021.0,29596.0,18884.0,17289.0,965800.0,76952.0
Tuesday,Park,11,94117.0,27,39169.0,23211.0,19255.0,17939.0,911500.0,94479.0
Tuesday,Park,11,94118.0,12,38319.0,19663.0,18633.0,17171.0,1000001.0,82857.0
Tuesday,Park,11,94122.0,6,56023.0,23699.0,23633.0,22162.0,774500.0,81768.0
Tuesday,Park,11,94131.0,5,26881.0,12926.0,13427.0,12618.0,859700.0,96889.0
Tuesday,Park,12,94102.0,1,31176.0,46472.0,18758.0,16844.0,574100.0,22517.0
Tuesday,Park,12,94103.0,1,27170.0,20036.0,14778.0,13098.0,628000.0,43364.0
Tuesday,Park,12,94114.0,16,31124.0,21837.0,17634.0,16281.0,1000001.0,114689.0
Tuesday,Park,12,94115.0,4,33021.0,29596.0,18884.0,17289.0,965800.0,76952.0
Tuesday,Park,12,94117.0,41,39169.0,23211.0,19255.0,17939.0,911500.0,94479.0
Tuesday,Park,12,94118.0,9,38319.0,19663.0,18633.0,17171.0,1000001.0,82857.0
Tuesday,Park,12,94122.0,4,56023.0,23699.0,23633.0,22162.0,774500.0,81768.0
Tuesday,Park,12,94131.0,5,26881.0,12926.0,13427.0,12618.0,859700.0,96889.0
Tuesday,Park,13,94114.0,4,31124.0,21837.0,17634.0,16281.0,1000001.0,114689.0
Tuesday,Park,13,94115.0,2,33021.0,29596.0,18884.0,17289.0,965800.0,76952.0
Tuesday,Park,13,94117.0,25,39169.0,23211.0,19255.0,17939.0,911500.0,94479.0
Tuesday,Park,13,94118.0,5,38319.0,19663.0,18633.0,17171.0,1000001.0,82857.0
Tuesday,Park,13,94122.0,5,56023.0,23699.0,23633.0,22162.0,774500.0,81768.0
Tuesday,Park,13,94131.0,7,26881.0,12926.0,13427.0,12618.0,859700.0,96889.0
Tuesday,Park,14,94110.0,1,69333.0,29816.0,28913.0,27128.0,768200.0,82111.0
Tuesday,Park,14,94114.0,6,31124.0,21837.0,17634.0,16281.0,1000001.0,114689.0
Tuesday,Park,14,94115.0,3,33021.0,29596.0,18884.0,17289.0,965800.0,76952.0
Tuesday,Park,14,94117.0,24,39169.0,23211.0,19255.0,17939.0,911500.0,94479.0
Tuesday,Park,14,94118.0,17,38319.0,19663.0,18633.0,17171.0,1000001.0,82857.0
Tuesday,Park,14,94122.0,2,56023.0,23699.0,23633.0,22162.0,774500.0,81768.0
Tuesday,Park,14,94130.0,2,2880.0,3196.0,786.0,656.0,,37500.0
Tuesday,Park,14,94131.0,6,26881.0,12926.0,13427.0,12618.0,859700.0,96889.0
Tuesday,Park,15,94102.0,2,31176.0,46472.0,18758.0,16844.0,574100.0,22517.0
Tuesday,Park,15,94110.0,1,69333.0,29816.0,28913.0,27128.0,768200.0,82111.0
Tuesday,Park,15,94114.0,10,31124.0,21837.0,17634.0,16281.0,1000001.0,114689.0
Tuesday,Park,15,94117.0,19,39169.0,23211.0,19255.0,17939.0,911500.0,94479.0
Tuesday,Park,15,94118.0,14,38319.0,19663.0,18633.0,17171.0,1000001.0,82857.0
Tuesday,Park,15,94122.0,7,56023.0,23699.0,23633.0,22162.0,774500.0,81768.0
Tuesday,Park,15,94131.0,6,26881.0,12926.0,13427.0,12618.0,859700.0,96889.0
Tuesday,Park,16,94102.0,1,31176.0,46472.0,18758.0,16844.0,574100.0,22517.0
Tuesday,Park,16,94114.0,3,31124.0,21837.0,17634.0,16281.0,1000001.0,114689.0
Tuesday,Park,16,94115.0,1,33021.0,29596.0,18884.0,17289.0,965800.0,76952.0
Tuesday,Park,16,94117.0,26,39169.0,23211.0,19255.0,17939.0,911500.0,94479.0
Tuesday,Park,16,94118.0,7,38319.0,19663.0,18633.0,17171.0,1000001.0,82857.0
Tuesday,Park,16,94122.0,2,56023.0,23699.0,23633.0,22162.0,774500.0,81768.0
Tuesday,Park,16,94131.0,1,26881.0,12926.0,13427.0,12618.0,859700.0,96889.0
Tuesday,Park,17,94114.0,5,31124.0,21837.0,17634.0,16281.0,1000001.0,114689.0
Tuesday,Park,17,94117.0,26,39169.0,23211.0,19255.0,17939.0,911500.0,94479.0
Tuesday,Park,17,94118.0,10,38319.0,19663.0,18633.0,17171.0,1000001.0,82857.0
Tuesday,Park,17,94122.0,1,56023.0,23699.0,23633.0,22162.0,774500.0,81768.0
Tuesday,Park,17,94131.0,2,26881.0,12926.0,13427.0,12618.0,859700.0,96889.0
Tuesday,Park,18,94102.0,1,31176.0,46472.0,18758.0,16844.0,574100.0,22517.0
Tuesday,Park,18,94105.0,1,5846.0,15826.0,4601.0,3586.0,740900.0,163949.0
Tuesday,Park,18,94114.0,5,31124.0,21837.0,17634.0,16281.0,1000001.0,114689.0
Tuesday,Park,18,94117.0,32,39169.0,23211.0,19255.0,17939.0,911500.0,94479.0
Tuesday,Park,18,94118.0,8,38319.0,19663.0,18633.0,17171.0,1000001.0,82857.0
Tuesday,Park,18,94122.0,4,56023.0,23699.0,23633.0,22162.0,774500.0,81768.0
Tuesday,Park,18,94131.0,2,26881.0,12926.0,13427.0,12618.0,859700.0,96889.0
Tuesday,Park,19,94102.0,1,31176.0,46472.0,18758.0,16844.0,574100.0,22517.0
Tuesday,Park,19,94114.0,5,31124.0,21837.0,17634.0,16281.0,1000001.0,114689.0
Tuesday,Park,19,94117.0,30,39169.0,23211.0,19255.0,17939.0,911500.0,94479.0
Tuesday,Park,19,94118.0,2,38319.0,19663.0,18633.0,17171.0,1000001.0,82857.0
Tuesday,Park,19,94122.0,2,56023.0,23699.0,23633.0,22162.0,774500.0,81768.0
Tuesday,Park,19,94131.0,1,26881.0,12926.0,13427.0,12618.0,859700.0,96889.0
Tuesday,Park,20,94108.0,1,13768.0,50983.0,8843.0,7628.0,856900.0,35427.0
Tuesday,Park,20,94114.0,4,31124.0,21837.0,17634.0,16281.0,1000001.0,114689.0
Tuesday,Park,20,94115.0,1,33021.0,29596.0,18884.0,17289.0,965800.0,76952.0
Tuesday,Park,20,94117.0,24,39169.0,23211.0,19255.0,17939.0,911500.0,94479.0
Tuesday,Park,20,94118.0,3,38319.0,19663.0,18633.0,17171.0,1000001.0,82857.0
Tuesday,Park,20,94122.0,4,56023.0,23699.0,23633.0,22162.0,774500.0,81768.0
Tuesday,Park,20,94127.0,1,19289.0,10895.0,7801.0,7511.0,916900.0,131351.0
Tuesday,Park,20,94131.0,4,26881.0,12926.0,13427.0,12618.0,859700.0,96889.0
Tuesday,Park,21,94110.0,1,69333.0,29816.0,28913.0,27128.0,768200.0,82111.0
Tuesday,Park,21,94114.0,5,31124.0,21837.0,17634.0,16281.0,1000001.0,114689.0
Tuesday,Park,21,94117.0,17,39169.0,23211.0,19255.0,17939.0,911500.0,94479.0
Tuesday,Park,21,94118.0,2,38319.0,19663.0,18633.0,17171.0,1000001.0,82857.0
Tuesday,Park,21,94122.0,3,56023.0,23699.0,23633.0,22162.0,774500.0,81768.0
Tuesday,Park,21,94131.0,1,26881.0,12926.0,13427.0,12618.0,859700.0,96889.0
Tuesday,Park,22,94114.0,8,31124.0,21837.0,17634.0,16281.0,1000001.0,114689.0
Tuesday,Park,22,94115.0,3,33021.0,29596.0,18884.0,17289.0,965800.0,76952.0
Tuesday,Park,22,94117.0,14,39169.0,23211.0,19255.0,17939.0,911500.0,94479.0
Tuesday,Park,22,94118.0,6,38319.0,19663.0,18633.0,17171.0,1000001.0,82857.0
Tuesday,Park,22,94122.0,2,56023.0,23699.0,23633.0,22162.0,774500.0,81768.0
Tuesday,Park,22,94131.0,1,26881.0,12926.0,13427.0,12618.0,859700.0,96889.0
Tuesday,Park,23,94114.0,2,31124.0,21837.0,17634.0,16281.0,1000001.0,114689.0
Tuesday,Park,23,94117.0,22,39169.0,23211.0,19255.0,17939.0,911500.0,94479.0
Tuesday,Park,23,94118.0,6,38319.0,19663.0,18633.0,17171.0,1000001.0,82857.0
Tuesday,Park,23,94131.0,1,26881.0,12926.0,13427.0,12618.0,859700.0,96889.0
Tuesday,Richmond,0,94115.0,9,33021.0,29596.0,18884.0,17289.0,965800.0,76952.0
Tuesday,Richmond,0,94118.0,23,38319.0,19663.0,18633.0,17171.0,1000001.0,82857.0
Tuesday,Richmond,0,94122.0,15,56023.0,23699.0,23633.0,22162.0,774500.0,81768.0
Tuesday,Richmond,1,94115.0,1,33021.0,29596.0,18884.0,17289.0,965800.0,76952.0
Tuesday,Richmond,1,94118.0,8,38319.0,19663.0,18633.0,17171.0,1000001.0,82857.0
Tuesday,Richmond,1,94122.0,1,56023.0,23699.0,23633.0,22162.0,774500.0,81768.0
Tuesday,Richmond,2,94118.0,5,38319.0,19663.0,18633.0,17171.0,1000001.0,82857.0
Tuesday,Richmond,2,94122.0,4,56023.0,23699.0,23633.0,22162.0,774500.0,81768.0
Tuesday,Richmond,3,94110.0,1,69333.0,29816.0,28913.0,27128.0,768200.0,82111.0
Tuesday,Richmond,3,94115.0,2,33021.0,29596.0,18884.0,17289.0,965800.0,76952.0
Tuesday,Richmond,3,94118.0,3,38319.0,19663.0,18633.0,17171.0,1000001.0,82857.0
Tuesday,Richmond,3,94122.0,2,56023.0,23699.0,23633.0,22162.0,774500.0,81768.0
Tuesday,Richmond,4,94115.0,1,33021.0,29596.0,18884.0,17289.0,965800.0,76952.0
Tuesday,Richmond,4,94118.0,6,38319.0,19663.0,18633.0,17171.0,1000001.0,82857.0
Tuesday,Richmond,4,94122.0,3,56023.0,23699.0,23633.0,22162.0,774500.0,81768.0
Tuesday,Richmond,5,94118.0,7,38319.0,19663.0,18633.0,17171.0,1000001.0,82857.0
Tuesday,Richmond,5,94122.0,1,56023.0,23699.0,23633.0,22162.0,774500.0,81768.0
Tuesday,Richmond,6,94115.0,3,33021.0,29596.0,18884.0,17289.0,965800.0,76952.0
Tuesday,Richmond,6,94118.0,9,38319.0,19663.0,18633.0,17171.0,1000001.0,82857.0
Tuesday,Richmond,6,94122.0,7,56023.0,23699.0,23633.0,22162.0,774500.0,81768.0
Tuesday,Richmond,7,94115.0,4,33021.0,29596.0,18884.0,17289.0,965800.0,76952.0
Tuesday,Richmond,7,94118.0,6,38319.0,19663.0,18633.0,17171.0,1000001.0,82857.0
Tuesday,Richmond,7,94122.0,3,56023.0,23699.0,23633.0,22162.0,774500.0,81768.0
Tuesday,Richmond,8,94115.0,7,33021.0,29596.0,18884.0,17289.0,965800.0,76952.0
Tuesday,Richmond,8,94118.0,24,38319.0,19663.0,18633.0,17171.0,1000001.0,82857.0
Tuesday,Richmond,8,94122.0,18,56023.0,23699.0,23633.0,22162.0,774500.0,81768.0
Tuesday,Richmond,9,94111.0,1,3713.0,10791.0,2811.0,2365.0,882000.0,89722.0
Tuesday,Richmond,9,94115.0,4,33021.0,29596.0,18884.0,17289.0,965800.0,76952.0
Tuesday,Richmond,9,94118.0,21,38319.0,19663.0,18633.0,17171.0,1000001.0,82857.0
Tuesday,Richmond,9,94122.0,18,56023.0,23699.0,23633.0,22162.0,774500.0,81768.0
Tuesday,Richmond,10,94102.0,1,31176.0,46472.0,18758.0,16844.0,574100.0,22517.0
Tuesday,Richmond,10,94115.0,7,33021.0,29596.0,18884.0,17289.0,965800.0,76952.0
Tuesday,Richmond,10,94118.0,22,38319.0,19663.0,18633.0,17171.0,1000001.0,82857.0
Tuesday,Richmond,10,94122.0,20,56023.0,23699.0,23633.0,22162.0,774500.0,81768.0
Tuesday,Richmond,11,94111.0,1,3713.0,10791.0,2811.0,2365.0,882000.0,89722.0
Tuesday,Richmond,11,94115.0,12,33021.0,29596.0,18884.0,17289.0,965800.0,76952.0
Tuesday,Richmond,11,94118.0,31,38319.0,19663.0,18633.0,17171.0,1000001.0,82857.0
Tuesday,Richmond,11,94122.0,20,56023.0,23699.0,23633.0,22162.0,774500.0,81768.0
Tuesday,Richmond,12,94115.0,18,33021.0,29596.0,18884.0,17289.0,965800.0,76952.0
Tuesday,Richmond,12,94118.0,38,38319.0,19663.0,18633.0,17171.0,1000001.0,82857.0
Tuesday,Richmond,12,94122.0,31,56023.0,23699.0,23633.0,22162.0,774500.0,81768.0
Tuesday,Richmond,13,94108.0,3,13768.0,50983.0,8843.0,7628.0,856900.0,35427.0
Tuesday,Richmond,13,94115.0,7,33021.0,29596.0,18884.0,17289.0,965800.0,76952.0
Tuesday,Richmond,13,94118.0,32,38319.0,19663.0,18633.0,17171.0,1000001.0,82857.0
Tuesday,Richmond,13,94122.0,18,56023.0,23699.0,23633.0,22162.0,774500.0,81768.0
Tuesday,Richmond,14,94110.0,1,69333.0,29816.0,28913.0,27128.0,768200.0,82111.0
Tuesday,Richmond,14,94115.0,5,33021.0,29596.0,18884.0,17289.0,965800.0,76952.0
Tuesday,Richmond,14,94118.0,30,38319.0,19663.0,18633.0,17171.0,1000001.0,82857.0
Tuesday,Richmond,14,94122.0,24,56023.0,23699.0,23633.0,22162.0,774500.0,81768.0
Tuesday,Richmond,15,94103.0,1,27170.0,20036.0,14778.0,13098.0,628000.0,43364.0
Tuesday,Richmond,15,94115.0,9,33021.0,29596.0,18884.0,17289.0,965800.0,76952.0
Tuesday,Richmond,15,94118.0,30,38319.0,19663.0,18633.0,17171.0,1000001.0,82857.0
Tuesday,Richmond,15,94122.0,27,56023.0,23699.0,23633.0,22162.0,774500.0,81768.0
Tuesday,Richmond,16,94115.0,9,33021.0,29596.0,18884.0,17289.0,965800.0,76952.0
Tuesday,Richmond,16,94118.0,33,38319.0,19663.0,18633.0,17171.0,1000001.0,82857.0
Tuesday,Richmond,16,94122.0,37,56023.0,23699.0,23633.0,22162.0,774500.0,81768.0
Tuesday,Richmond,17,94115.0,9,33021.0,29596.0,18884.0,17289.0,965800.0,76952.0
Tuesday,Richmond,17,94118.0,32,38319.0,19663.0,18633.0,17171.0,1000001.0,82857.0
Tuesday,Richmond,17,94122.0,20,56023.0,23699.0,23633.0,22162.0,774500.0,81768.0
Tuesday,Richmond,18,94111.0,1,3713.0,10791.0,2811.0,2365.0,882000.0,89722.0
Tuesday,Richmond,18,94115.0,5,33021.0,29596.0,18884.0,17289.0,965800.0,76952.0
Tuesday,Richmond,18,94118.0,33,38319.0,19663.0,18633.0,17171.0,1000001.0,82857.0
Tuesday,Richmond,18,94122.0,28,56023.0,23699.0,23633.0,22162.0,774500.0,81768.0
Tuesday,Richmond,19,94115.0,7,33021.0,29596.0,18884.0,17289.0,965800.0,76952.0
Tuesday,Richmond,19,94118.0,34,38319.0,19663.0,18633.0,17171.0,1000001.0,82857.0
Tuesday,Richmond,19,94122.0,21,56023.0,23699.0,23633.0,22162.0,774500.0,81768.0
Tuesday,Richmond,19,94129.0,1,3183.0,1381.0,1132.0,1086.0,,143320.0
Tuesday,Richmond,20,94115.0,4,33021.0,29596.0,18884.0,17289.0,965800.0,76952.0
Tuesday,Richmond,20,94118.0,30,38319.0,19663.0,18633.0,17171.0,1000001.0,82857.0
Tuesday,Richmond,20,94122.0,14,56023.0,23699.0,23633.0,22162.0,774500.0,81768.0
Tuesday,Richmond,21,94115.0,6,33021.0,29596.0,18884.0,17289.0,965800.0,76952.0
Tuesday,Richmond,21,94118.0,47,38319.0,19663.0,18633.0,17171.0,1000001.0,82857.0
Tuesday,Richmond,21,94122.0,13,56023.0,23699.0,23633.0,22162.0,774500.0,81768.0
Tuesday,Richmond,22,94115.0,3,33021.0,29596.0,18884.0,17289.0,965800.0,76952.0
Tuesday,Richmond,22,94118.0,27,38319.0,19663.0,18633.0,17171.0,1000001.0,82857.0
Tuesday,Richmond,22,94122.0,7,56023.0,23699.0,23633.0,22162.0,774500.0,81768.0
Tuesday,Richmond,23,94115.0,2,33021.0,29596.0,18884.0,17289.0,965800.0,76952.0
Tuesday,Richmond,23,94118.0,13,38319.0,19663.0,18633.0,17171.0,1000001.0,82857.0
Tuesday,Richmond,23,94122.0,4,56023.0,23699.0,23633.0,22162.0,774500.0,81768.0
Tuesday,Southern,0,94102.0,11,31176.0,46472.0,18758.0,16844.0,574100.0,22517.0
Tuesday,Southern,0,94103.0,52,27170.0,20036.0,14778.0,13098.0,628000.0,43364.0
Tuesday,Southern,0,94104.0,7,406.0,5232.0,368.0,207.0,1000001.0,48750.0
Tuesday,Southern,0,94105.0,26,5846.0,15826.0,4601.0,3586.0,740900.0,163949.0
Tuesday,Southern,0,94110.0,1,69333.0,29816.0,28913.0,27128.0,768200.0,82111.0
Tuesday,Southern,0,94118.0,2,38319.0,19663.0,18633.0,17171.0,1000001.0,82857.0
Tuesday,Southern,0,94123.0,1,23088.0,22622.0,15083.0,13717.0,1000001.0,112650.0
Tuesday,Southern,0,94158.0,29,4792.0,7288.0,2482.0,2271.0,643900.0,82195.0
Tuesday,Southern,1,94102.0,3,31176.0,46472.0,18758.0,16844.0,574100.0,22517.0
Tuesday,Southern,1,94103.0,29,27170.0,20036.0,14778.0,13098.0,628000.0,43364.0
Tuesday,Southern,1,94105.0,13,5846.0,15826.0,4601.0,3586.0,740900.0,163949.0
Tuesday,Southern,1,94130.0,2,2880.0,3196.0,786.0,656.0,,37500.0
Tuesday,Southern,1,94158.0,7,4792.0,7288.0,2482.0,2271.0,643900.0,82195.0
Tuesday,Southern,2,94102.0,3,31176.0,46472.0,18758.0,16844.0,574100.0,22517.0
Tuesday,Southern,2,94103.0,21,27170.0,20036.0,14778.0,13098.0,628000.0,43364.0
Tuesday,Southern,2,94104.0,4,406.0,5232.0,368.0,207.0,1000001.0,48750.0
Tuesday,Southern,2,94105.0,11,5846.0,15826.0,4601.0,3586.0,740900.0,163949.0
Tuesday,Southern,2,94158.0,2,4792.0,7288.0,2482.0,2271.0,643900.0,82195.0
Tuesday,Southern,3,94102.0,5,31176.0,46472.0,18758.0,16844.0,574100.0,22517.0
Tuesday,Southern,3,94103.0,18,27170.0,20036.0,14778.0,13098.0,628000.0,43364.0
Tuesday,Southern,3,94105.0,4,5846.0,15826.0,4601.0,3586.0,740900.0,163949.0
Tuesday,Southern,3,94158.0,5,4792.0,7288.0,2482.0,2271.0,643900.0,82195.0
Tuesday,Southern,4,94102.0,7,31176.0,46472.0,18758.0,16844.0,574100.0,22517.0
Tuesday,Southern,4,94103.0,24,27170.0,20036.0,14778.0,13098.0,628000.0,43364.0
Tuesday,Southern,4,94104.0,2,406.0,5232.0,368.0,207.0,1000001.0,48750.0
Tuesday,Southern,4,94105.0,5,5846.0,15826.0,4601.0,3586.0,740900.0,163949.0
Tuesday,Southern,4,94122.0,1,56023.0,23699.0,23633.0,22162.0,774500.0,81768.0
Tuesday,Southern,4,94158.0,7,4792.0,7288.0,2482.0,2271.0,643900.0,82195.0
Tuesday,Southern,5,94102.0,1,31176.0,46472.0,18758.0,16844.0,574100.0,22517.0
Tuesday,Southern,5,94103.0,15,27170.0,20036.0,14778.0,13098.0,628000.0,43364.0
Tuesday,Southern,5,94104.0,1,406.0,5232.0,368.0,207.0,1000001.0,48750.0
Tuesday,Southern,5,94105.0,6,5846.0,15826.0,4601.0,3586.0,740900.0,163949.0
Tuesday,Southern,5,94107.0,3,26599.0,14845.0,15141.0,13736.0,719700.0,114439.0
Tuesday,Southern,5,94108.0,1,13768.0,50983.0,8843.0,7628.0,856900.0,35427.0
Tuesday,Southern,5,94130.0,1,2880.0,3196.0,786.0,656.0,,37500.0
Tuesday,Southern,5,94158.0,5,4792.0,7288.0,2482.0,2271.0,643900.0,82195.0
Tuesday,Southern,6,94102.0,2,31176.0,46472.0,18758.0,16844.0,574100.0,22517.0
Tuesday,Southern,6,94103.0,17,27170.0,20036.0,14778.0,13098.0,628000.0,43364.0
Tuesday,Southern,6,94105.0,6,5846.0,15826.0,4601.0,3586.0,740900.0,163949.0
Tuesday,Southern,6,94107.0,1,26599.0,14845.0,15141.0,13736.0,719700.0,114439.0
Tuesday,Southern,6,94130.0,7,2880.0,3196.0,786.0,656.0,,37500.0
Tuesday,Southern,6,94158.0,3,4792.0,7288.0,2482.0,2271.0,643900.0,82195.0
Tuesday,Southern,7,94102.0,9,31176.0,46472.0,18758.0,16844.0,574100.0,22517.0
Tuesday,Southern,7,94103.0,24,27170.0,20036.0,14778.0,13098.0,628000.0,43364.0
Tuesday,Southern,7,94104.0,2,406.0,5232.0,368.0,207.0,1000001.0,48750.0
Tuesday,Southern,7,94105.0,15,5846.0,15826.0,4601.0,3586.0,740900.0,163949.0
Tuesday,Southern,7,94130.0,3,2880.0,3196.0,786.0,656.0,,37500.0
Tuesday,Southern,7,94158.0,10,4792.0,7288.0,2482.0,2271.0,643900.0,82195.0
Tuesday,Southern,8,94102.0,14,31176.0,46472.0,18758.0,16844.0,574100.0,22517.0
Tuesday,Southern,8,94103.0,64,27170.0,20036.0,14778.0,13098.0,628000.0,43364.0
Tuesday,Southern,8,94104.0,4,406.0,5232.0,368.0,207.0,1000001.0,48750.0
Tuesday,Southern,8,94105.0,21,5846.0,15826.0,4601.0,3586.0,740900.0,163949.0
Tuesday,Southern,8,94107.0,4,26599.0,14845.0,15141.0,13736.0,719700.0,114439.0
Tuesday,Southern,8,94130.0,3,2880.0,3196.0,786.0,656.0,,37500.0
Tuesday,Southern,8,94158.0,27,4792.0,7288.0,2482.0,2271.0,643900.0,82195.0
Tuesday,Southern,9,94102.0,12,31176.0,46472.0,18758.0,16844.0,574100.0,22517.0
Tuesday,Southern,9,94103.0,72,27170.0,20036.0,14778.0,13098.0,628000.0,43364.0
Tuesday,Southern,9,94105.0,26,5846.0,15826.0,4601.0,3586.0,740900.0,163949.0
Tuesday,Southern,9,94107.0,3,26599.0,14845.0,15141.0,13736.0,719700.0,114439.0
Tuesday,Southern,9,94130.0,2,2880.0,3196.0,786.0,656.0,,37500.0
Tuesday,Southern,9,94158.0,22,4792.0,7288.0,2482.0,2271.0,643900.0,82195.0
Tuesday,Southern,10,94102.0,2,31176.0,46472.0,18758.0,16844.0,574100.0,22517.0
Tuesday,Southern,10,94103.0,59,27170.0,20036.0,14778.0,13098.0,628000.0,43364.0
Tuesday,Southern,10,94104.0,4,406.0,5232.0,368.0,207.0,1000001.0,48750.0
Tuesday,Southern,10,94105.0,7,5846.0,15826.0,4601.0,3586.0,740900.0,163949.0
Tuesday,Southern,10,94107.0,1,26599.0,14845.0,15141.0,13736.0,719700.0,114439.0
Tuesday,Southern,10,94112.0,1,79407.0,23606.0,23081.0,21975.0,602400.0,71625.0
Tuesday,Southern,10,94130.0,4,2880.0,3196.0,786.0,656.0,,37500.0
Tuesday,Southern,10,94158.0,18,4792.0,7288.0,2482.0,2271.0,643900.0,82195.0
Tuesday,Southern,11,94102.0,8,31176.0,46472.0,18758.0,16844.0,574100.0,22517.0
Tuesday,Southern,11,94103.0,83,27170.0,20036.0,14778.0,13098.0,628000.0,43364.0
Tuesday,Southern,11,94104.0,3,406.0,5232.0,368.0,207.0,1000001.0,48750.0
Tuesday,Southern,11,94105.0,15,5846.0,15826.0,4601.0,3586.0,740900.0,163949.0
Tuesday,Southern,11,94107.0,1,26599.0,14845.0,15141.0,13736.0,719700.0,114439.0
Tuesday,Southern,11,94158.0,25,4792.0,7288.0,2482.0,2271.0,643900.0,82195.0
Tuesday,Southern,12,94102.0,13,31176.0,46472.0,18758.0,16844.0,574100.0,22517.0
Tuesday,Southern,12,94103.0,92,27170.0,20036.0,14778.0,13098.0,628000.0,43364.0
Tuesday,Southern,12,94104.0,2,406.0,5232.0,368.0,207.0,1000001.0,48750.0
Tuesday,Southern,12,94105.0,35,5846.0,15826.0,4601.0,3586.0,740900.0,163949.0
Tuesday,Southern,12,94107.0,1,26599.0,14845.0,15141.0,13736.0,719700.0,114439.0
Tuesday,Southern,12,94111.0,1,3713.0,10791.0,2811.0,2365.0,882000.0,89722.0
Tuesday,Southern,12,94130.0,6,2880.0,3196.0,786.0,656.0,,37500.0
Tuesday,Southern,12,94158.0,16,4792.0,7288.0,2482.0,2271.0,643900.0,82195.0
Tuesday,Southern,13,94102.0,18,31176.0,46472.0,18758.0,16844.0,574100.0,22517.0
Tuesday,Southern,13,94103.0,87,27170.0,20036.0,14778.0,13098.0,628000.0,43364.0
Tuesday,Southern,13,94104.0,2,406.0,5232.0,368.0,207.0,1000001.0,48750.0
Tuesday,Southern,13,94105.0,33,5846.0,15826.0,4601.0,3586.0,740900.0,163949.0
Tuesday,Southern,13,94107.0,3,26599.0,14845.0,15141.0,13736.0,719700.0,114439.0
Tuesday,Southern,13,94108.0,2,13768.0,50983.0,8843.0,7628.0,856900.0,35427.0
Tuesday,Southern,13,94130.0,4,2880.0,3196.0,786.0,656.0,,37500.0
Tuesday,Southern,13,94158.0,22,4792.0,7288.0,2482.0,2271.0,643900.0,82195.0
Tuesday,Southern,14,94102.0,9,31176.0,46472.0,18758.0,16844.0,574100.0,22517.0
Tuesday,Southern,14,94103.0,80,27170.0,20036.0,14778.0,13098.0,628000.0,43364.0
Tuesday,Southern,14,94104.0,1,406.0,5232.0,368.0,207.0,1000001.0,48750.0
Tuesday,Southern,14,94105.0,24,5846.0,15826.0,4601.0,3586.0,740900.0,163949.0
Tuesday,Southern,14,94109.0,1,55984.0,47129.0,37182.0,33342.0,723200.0,60722.0
Tuesday,Southern,14,94130.0,6,2880.0,3196.0,786.0,656.0,,37500.0
Tuesday,Southern,14,94158.0,13,4792.0,7288.0,2482.0,2271.0,643900.0,82195.0
Tuesday,Southern,15,94102.0,6,31176.0,46472.0,18758.0,16844.0,574100.0,22517.0
Tuesday,Southern,15,94103.0,89,27170.0,20036.0,14778.0,13098.0,628000.0,43364.0
Tuesday,Southern,15,94104.0,4,406.0,5232.0,368.0,207.0,1000001.0,48750.0
Tuesday,Southern,15,94105.0,27,5846.0,15826.0,4601.0,3586.0,740900.0,163949.0
Tuesday,Southern,15,94107.0,1,26599.0,14845.0,15141.0,13736.0,719700.0,114439.0
Tuesday,Southern,15,94130.0,3,2880.0,3196.0,786.0,656.0,,37500.0
Tuesday,Southern,15,94158.0,19,4792.0,7288.0,2482.0,2271.0,643900.0,82195.0
Tuesday,Southern,16,94102.0,20,31176.0,46472.0,18758.0,16844.0,574100.0,22517.0
Tuesday,Southern,16,94103.0,52,27170.0,20036.0,14778.0,13098.0,628000.0,43364.0
Tuesday,Southern,16,94104.0,7,406.0,5232.0,368.0,207.0,1000001.0,48750.0
Tuesday,Southern,16,94105.0,22,5846.0,15826.0,4601.0,3586.0,740900.0,163949.0
Tuesday,Southern,16,94107.0,2,26599.0,14845.0,15141.0,13736.0,719700.0,114439.0
Tuesday,Southern,16,94130.0,1,2880.0,3196.0,786.0,656.0,,37500.0
Tuesday,Southern,16,94158.0,17,4792.0,7288.0,2482.0,2271.0,643900.0,82195.0
Tuesday,Southern,17,94102.0,14,31176.0,46472.0,18758.0,16844.0,574100.0,22517.0
Tuesday,Southern,17,94103.0,78,27170.0,20036.0,14778.0,13098.0,628000.0,43364.0
Tuesday,Southern,17,94104.0,3,406.0,5232.0,368.0,207.0,1000001.0,48750.0
Tuesday,Southern,17,94105.0,46,5846.0,15826.0,4601.0,3586.0,740900.0,163949.0
Tuesday,Southern,17,94107.0,7,26599.0,14845.0,15141.0,13736.0,719700.0,114439.0
Tuesday,Southern,17,94130.0,4,2880.0,3196.0,786.0,656.0,,37500.0
Tuesday,Southern,17,94158.0,27,4792.0,7288.0,2482.0,2271.0,643900.0,82195.0
Tuesday,Southern,18,94102.0,13,31176.0,46472.0,18758.0,16844.0,574100.0,22517.0
Tuesday,Southern,18,94103.0,82,27170.0,20036.0,14778.0,13098.0,628000.0,43364.0
Tuesday,Southern,18,94104.0,3,406.0,5232.0,368.0,207.0,1000001.0,48750.0
Tuesday,Southern,18,94105.0,58,5846.0,15826.0,4601.0,3586.0,740900.0,163949.0
Tuesday,Southern,18,94107.0,3,26599.0,14845.0,15141.0,13736.0,719700.0,114439.0
Tuesday,Southern,18,94110.0,1,69333.0,29816.0,28913.0,27128.0,768200.0,82111.0
Tuesday,Southern,18,94130.0,3,2880.0,3196.0,786.0,656.0,,37500.0
Tuesday,Southern,18,94158.0,36,4792.0,7288.0,2482.0,2271.0,643900.0,82195.0
Tuesday,Southern,19,94102.0,12,31176.0,46472.0,18758.0,16844.0,574100.0,22517.0
Tuesday,Southern,19,94103.0,67,27170.0,20036.0,14778.0,13098.0,628000.0,43364.0
Tuesday,Southern,19,94104.0,3,406.0,5232.0,368.0,207.0,1000001.0,48750.0
Tuesday,Southern,19,94105.0,41,5846.0,15826.0,4601.0,3586.0,740900.0,163949.0
Tuesday,Southern,19,94107.0,3,26599.0,14845.0,15141.0,13736.0,719700.0,114439.0
Tuesday,Southern,19,94130.0,8,2880.0,3196.0,786.0,656.0,,37500.0
Tuesday,Southern,19,94158.0,38,4792.0,7288.0,2482.0,2271.0,643900.0,82195.0
Tuesday,Southern,20,94102.0,14,31176.0,46472.0,18758.0,16844.0,574100.0,22517.0
Tuesday,Southern,20,94103.0,57,27170.0,20036.0,14778.0,13098.0,628000.0,43364.0
Tuesday,Southern,20,94104.0,3,406.0,5232.0,368.0,207.0,1000001.0,48750.0
Tuesday,Southern,20,94105.0,38,5846.0,15826.0,4601.0,3586.0,740900.0,163949.0
Tuesday,Southern,20,94111.0,1,3713.0,10791.0,2811.0,2365.0,882000.0,89722.0
Tuesday,Southern,20,94112.0,1,79407.0,23606.0,23081.0,21975.0,602400.0,71625.0
Tuesday,Southern,20,94124.0,1,33996.0,6901.0,10812.0,9717.0,470400.0,50146.0
Tuesday,Southern,20,94130.0,3,2880.0,3196.0,786.0,656.0,,37500.0
Tuesday,Southern,20,94158.0,36,4792.0,7288.0,2482.0,2271.0,643900.0,82195.0
Tuesday,Southern,21,94102.0,11,31176.0,46472.0,18758.0,16844.0,574100.0,22517.0
Tuesday,Southern,21,94103.0,59,27170.0,20036.0,14778.0,13098.0,628000.0,43364.0
Tuesday,Southern,21,94105.0,22,5846.0,15826.0,4601.0,3586.0,740900.0,163949.0
Tuesday,Southern,21,94110.0,1,69333.0,29816.0,28913.0,27128.0,768200.0,82111.0
Tuesday,Southern,21,94130.0,2,2880.0,3196.0,786.0,656.0,,37500.0
Tuesday,Southern,21,94158.0,21,4792.0,7288.0,2482.0,2271.0,643900.0,82195.0
Tuesday,Southern,22,94102.0,13,31176.0,46472.0,18758.0,16844.0,574100.0,22517.0
Tuesday,Southern,22,94103.0,58,27170.0,20036.0,14778.0,13098.0,628000.0,43364.0
Tuesday,Southern,22,94104.0,1,406.0,5232.0,368.0,207.0,1000001.0,48750.0
Tuesday,Southern,22,94105.0,26,5846.0,15826.0,4601.0,3586.0,740900.0,163949.0
Tuesday,Southern,22,94107.0,1,26599.0,14845.0,15141.0,13736.0,719700.0,114439.0
Tuesday,Southern,22,94130.0,1,2880.0,3196.0,786.0,656.0,,37500.0
Tuesday,Southern,22,94158.0,20,4792.0,7288.0,2482.0,2271.0,643900.0,82195.0
Tuesday,Southern,23,94102.0,7,31176.0,46472.0,18758.0,16844.0,574100.0,22517.0
Tuesday,Southern,23,94103.0,46,27170.0,20036.0,14778.0,13098.0,628000.0,43364.0
Tuesday,Southern,23,94104.0,1,406.0,5232.0,368.0,207.0,1000001.0,48750.0
Tuesday,Southern,23,94105.0,16,5846.0,15826.0,4601.0,3586.0,740900.0,163949.0
Tuesday,Southern,23,94107.0,2,26599.0,14845.0,15141.0,13736.0,719700.0,114439.0
Tuesday,Southern,23,94130.0,2,2880.0,3196.0,786.0,656.0,,37500.0
Tuesday,Southern,23,94158.0,9,4792.0,7288.0,2482.0,2271.0,643900.0,82195.0
Tuesday,Taraval,0,94112.0,2,79407.0,23606.0,23081.0,21975.0,602400.0,71625.0
Tuesday,Taraval,0,94116.0,32,43698.0,16901.0,16283.0,15445.0,734400.0,83407.0
Tuesday,Taraval,0,94122.0,16,56023.0,23699.0,23633.0,22162.0,774500.0,81768.0
Tuesday,Taraval,0,94127.0,12,19289.0,10895.0,7801.0,7511.0,916900.0,131351.0
Tuesday,Taraval,0,94132.0,12,28129.0,9045.0,10769.0,9993.0,733100.0,69223.0
Tuesday,Taraval,1,94112.0,1,79407.0,23606.0,23081.0,21975.0,602400.0,71625.0
Tuesday,Taraval,1,94116.0,7,43698.0,16901.0,16283.0,15445.0,734400.0,83407.0
Tuesday,Taraval,1,94122.0,8,56023.0,23699.0,23633.0,22162.0,774500.0,81768.0
Tuesday,Taraval,1,94127.0,3,19289.0,10895.0,7801.0,7511.0,916900.0,131351.0
Tuesday,Taraval,1,94132.0,8,28129.0,9045.0,10769.0,9993.0,733100.0,69223.0
Tuesday,Taraval,2,94116.0,3,43698.0,16901.0,16283.0,15445.0,734400.0,83407.0
Tuesday,Taraval,2,94122.0,12,56023.0,23699.0,23633.0,22162.0,774500.0,81768.0
Tuesday,Taraval,2,94127.0,5,19289.0,10895.0,7801.0,7511.0,916900.0,131351.0
Tuesday,Taraval,2,94132.0,5,28129.0,9045.0,10769.0,9993.0,733100.0,69223.0
Tuesday,Taraval,3,94112.0,1,79407.0,23606.0,23081.0,21975.0,602400.0,71625.0
Tuesday,Taraval,3,94116.0,4,43698.0,16901.0,16283.0,15445.0,734400.0,83407.0
Tuesday,Taraval,3,94122.0,16,56023.0,23699.0,23633.0,22162.0,774500.0,81768.0
Tuesday,Taraval,3,94127.0,4,19289.0,10895.0,7801.0,7511.0,916900.0,131351.0
Tuesday,Taraval,3,94132.0,2,28129.0,9045.0,10769.0,9993.0,733100.0,69223.0
Tuesday,Taraval,4,94112.0,1,79407.0,23606.0,23081.0,21975.0,602400.0,71625.0
Tuesday,Taraval,4,94116.0,4,43698.0,16901.0,16283.0,15445.0,734400.0,83407.0
Tuesday,Taraval,4,94132.0,1,28129.0,9045.0,10769.0,9993.0,733100.0,69223.0
Tuesday,Taraval,5,94116.0,4,43698.0,16901.0,16283.0,15445.0,734400.0,83407.0
Tuesday,Taraval,5,94122.0,4,56023.0,23699.0,23633.0,22162.0,774500.0,81768.0
Tuesday,Taraval,5,94127.0,3,19289.0,10895.0,7801.0,7511.0,916900.0,131351.0
Tuesday,Taraval,5,94132.0,2,28129.0,9045.0,10769.0,9993.0,733100.0,69223.0
Tuesday,Taraval,6,94116.0,9,43698.0,16901.0,16283.0,15445.0,734400.0,83407.0
Tuesday,Taraval,6,94122.0,3,56023.0,23699.0,23633.0,22162.0,774500.0,81768.0
Tuesday,Taraval,6,94127.0,5,19289.0,10895.0,7801.0,7511.0,916900.0,131351.0
Tuesday,Taraval,6,94132.0,10,28129.0,9045.0,10769.0,9993.0,733100.0,69223.0
Tuesday,Taraval,7,94112.0,1,79407.0,23606.0,23081.0,21975.0,602400.0,71625.0
Tuesday,Taraval,7,94116.0,14,43698.0,16901.0,16283.0,15445.0,734400.0,83407.0
Tuesday,Taraval,7,94122.0,12,56023.0,23699.0,23633.0,22162.0,774500.0,81768.0
Tuesday,Taraval,7,94127.0,4,19289.0,10895.0,7801.0,7511.0,916900.0,131351.0
Tuesday,Taraval,7,94131.0,1,26881.0,12926.0,13427.0,12618.0,859700.0,96889.0
Tuesday,Taraval,7,94132.0,9,28129.0,9045.0,10769.0,9993.0,733100.0,69223.0
Tuesday,Taraval,8,94116.0,27,43698.0,16901.0,16283.0,15445.0,734400.0,83407.0
Tuesday,Taraval,8,94122.0,19,56023.0,23699.0,23633.0,22162.0,774500.0,81768.0
Tuesday,Taraval,8,94127.0,8,19289.0,10895.0,7801.0,7511.0,916900.0,131351.0
Tuesday,Taraval,8,94132.0,9,28129.0,9045.0,10769.0,9993.0,733100.0,69223.0
Tuesday,Taraval,9,94112.0,5,79407.0,23606.0,23081.0,21975.0,602400.0,71625.0
Tuesday,Taraval,9,94116.0,36,43698.0,16901.0,16283.0,15445.0,734400.0,83407.0
Tuesday,Taraval,9,94122.0,16,56023.0,23699.0,23633.0,22162.0,774500.0,81768.0
Tuesday,Taraval,9,94127.0,9,19289.0,10895.0,7801.0,7511.0,916900.0,131351.0
Tuesday,Taraval,9,94131.0,1,26881.0,12926.0,13427.0,12618.0,859700.0,96889.0
Tuesday,Taraval,9,94132.0,13,28129.0,9045.0,10769.0,9993.0,733100.0,69223.0
Tuesday,Taraval,10,94112.0,4,79407.0,23606.0,23081.0,21975.0,602400.0,71625.0
Tuesday,Taraval,10,94116.0,14,43698.0,16901.0,16283.0,15445.0,734400.0,83407.0
Tuesday,Taraval,10,94122.0,28,56023.0,23699.0,23633.0,22162.0,774500.0,81768.0
Tuesday,Taraval,10,94127.0,12,19289.0,10895.0,7801.0,7511.0,916900.0,131351.0
Tuesday,Taraval,10,94132.0,11,28129.0,9045.0,10769.0,9993.0,733100.0,69223.0
Tuesday,Taraval,11,94112.0,6,79407.0,23606.0,23081.0,21975.0,602400.0,71625.0
Tuesday,Taraval,11,94116.0,18,43698.0,16901.0,16283.0,15445.0,734400.0,83407.0
Tuesday,Taraval,11,94122.0,19,56023.0,23699.0,23633.0,22162.0,774500.0,81768.0
Tuesday,Taraval,11,94127.0,6,19289.0,10895.0,7801.0,7511.0,916900.0,131351.0
Tuesday,Taraval,11,94132.0,19,28129.0,9045.0,10769.0,9993.0,733100.0,69223.0
Tuesday,Taraval,12,94103.0,2,27170.0,20036.0,14778.0,13098.0,628000.0,43364.0
Tuesday,Taraval,12,94112.0,2,79407.0,23606.0,23081.0,21975.0,602400.0,71625.0
Tuesday,Taraval,12,94116.0,50,43698.0,16901.0,16283.0,15445.0,734400.0,83407.0
Tuesday,Taraval,12,94122.0,37,56023.0,23699.0,23633.0,22162.0,774500.0,81768.0
Tuesday,Taraval,12,94127.0,23,19289.0,10895.0,7801.0,7511.0,916900.0,131351.0
Tuesday,Taraval,12,94132.0,15,28129.0,9045.0,10769.0,9993.0,733100.0,69223.0
Tuesday,Taraval,13,94112.0,1,79407.0,23606.0,23081.0,21975.0,602400.0,71625.0
Tuesday,Taraval,13,94116.0,30,43698.0,16901.0,16283.0,15445.0,734400.0,83407.0
Tuesday,Taraval,13,94122.0,22,56023.0,23699.0,23633.0,22162.0,774500.0,81768.0
Tuesday,Taraval,13,94127.0,11,19289.0,10895.0,7801.0,7511.0,916900.0,131351.0
Tuesday,Taraval,13,94132.0,12,28129.0,9045.0,10769.0,9993.0,733100.0,69223.0
Tuesday,Taraval,14,94112.0,3,79407.0,23606.0,23081.0,21975.0,602400.0,71625.0
Tuesday,Taraval,14,94116.0,28,43698.0,16901.0,16283.0,15445.0,734400.0,83407.0
Tuesday,Taraval,14,94122.0,21,56023.0,23699.0,23633.0,22162.0,774500.0,81768.0
Tuesday,Taraval,14,94127.0,4,19289.0,10895.0,7801.0,7511.0,916900.0,131351.0
Tuesday,Taraval,14,94132.0,21,28129.0,9045.0,10769.0,9993.0,733100.0,69223.0
Tuesday,Taraval,15,94112.0,3,79407.0,23606.0,23081.0,21975.0,602400.0,71625.0
Tuesday,Taraval,15,94116.0,24,43698.0,16901.0,16283.0,15445.0,734400.0,83407.0
Tuesday,Taraval,15,94122.0,30,56023.0,23699.0,23633.0,22162.0,774500.0,81768.0
Tuesday,Taraval,15,94127.0,7,19289.0,10895.0,7801.0,7511.0,916900.0,131351.0
Tuesday,Taraval,15,94131.0,1,26881.0,12926.0,13427.0,12618.0,859700.0,96889.0
Tuesday,Taraval,15,94132.0,22,28129.0,9045.0,10769.0,9993.0,733100.0,69223.0
Tuesday,Taraval,16,94103.0,1,27170.0,20036.0,14778.0,13098.0,628000.0,43364.0
Tuesday,Taraval,16,94112.0,1,79407.0,23606.0,23081.0,21975.0,602400.0,71625.0
Tuesday,Taraval,16,94116.0,32,43698.0,16901.0,16283.0,15445.0,734400.0,83407.0
Tuesday,Taraval,16,94122.0,31,56023.0,23699.0,23633.0,22162.0,774500.0,81768.0
Tuesday,Taraval,16,94127.0,14,19289.0,10895.0,7801.0,7511.0,916900.0,131351.0
Tuesday,Taraval,16,94132.0,24,28129.0,9045.0,10769.0,9993.0,733100.0,69223.0
Tuesday,Taraval,17,94112.0,4,79407.0,23606.0,23081.0,21975.0,602400.0,71625.0
Tuesday,Taraval,17,94116.0,43,43698.0,16901.0,16283.0,15445.0,734400.0,83407.0
Tuesday,Taraval,17,94122.0,21,56023.0,23699.0,23633.0,22162.0,774500.0,81768.0
Tuesday,Taraval,17,94127.0,18,19289.0,10895.0,7801.0,7511.0,916900.0,131351.0
Tuesday,Taraval,17,94132.0,16,28129.0,9045.0,10769.0,9993.0,733100.0,69223.0
Tuesday,Taraval,18,94112.0,7,79407.0,23606.0,23081.0,21975.0,602400.0,71625.0
Tuesday,Taraval,18,94116.0,36,43698.0,16901.0,16283.0,15445.0,734400.0,83407.0
Tuesday,Taraval,18,94117.0,1,39169.0,23211.0,19255.0,17939.0,911500.0,94479.0
Tuesday,Taraval,18,94122.0,23,56023.0,23699.0,23633.0,22162.0,774500.0,81768.0
Tuesday,Taraval,18,94127.0,4,19289.0,10895.0,7801.0,7511.0,916900.0,131351.0
Tuesday,Taraval,18,94132.0,15,28129.0,9045.0,10769.0,9993.0,733100.0,69223.0
Tuesday,Taraval,19,94103.0,1,27170.0,20036.0,14778.0,13098.0,628000.0,43364.0
Tuesday,Taraval,19,94112.0,4,79407.0,23606.0,23081.0,21975.0,602400.0,71625.0
Tuesday,Taraval,19,94114.0,1,31124.0,21837.0,17634.0,16281.0,1000001.0,114689.0
Tuesday,Taraval,19,94116.0,23,43698.0,16901.0,16283.0,15445.0,734400.0,83407.0
Tuesday,Taraval,19,94122.0,23,56023.0,23699.0,23633.0,22162.0,774500.0,81768.0
Tuesday,Taraval,19,94127.0,7,19289.0,10895.0,7801.0,7511.0,916900.0,131351.0
Tuesday,Taraval,19,94132.0,11,28129.0,9045.0,10769.0,9993.0,733100.0,69223.0
Tuesday,Taraval,19,94158.0,1,4792.0,7288.0,2482.0,2271.0,643900.0,82195.0
Tuesday,Taraval,20,94112.0,2,79407.0,23606.0,23081.0,21975.0,602400.0,71625.0
Tuesday,Taraval,20,94116.0,19,43698.0,16901.0,16283.0,15445.0,734400.0,83407.0
Tuesday,Taraval,20,94122.0,24,56023.0,23699.0,23633.0,22162.0,774500.0,81768.0
Tuesday,Taraval,20,94127.0,13,19289.0,10895.0,7801.0,7511.0,916900.0,131351.0
Tuesday,Taraval,20,94132.0,19,28129.0,9045.0,10769.0,9993.0,733100.0,69223.0
Tuesday,Taraval,21,94112.0,2,79407.0,23606.0,23081.0,21975.0,602400.0,71625.0
Tuesday,Taraval,21,94116.0,18,43698.0,16901.0,16283.0,15445.0,734400.0,83407.0
Tuesday,Taraval,21,94122.0,19,56023.0,23699.0,23633.0,22162.0,774500.0,81768.0
Tuesday,Taraval,21,94127.0,12,19289.0,10895.0,7801.0,7511.0,916900.0,131351.0
Tuesday,Taraval,21,94132.0,17,28129.0,9045.0,10769.0,9993.0,733100.0,69223.0
Tuesday,Taraval,22,94112.0,4,79407.0,23606.0,23081.0,21975.0,602400.0,71625.0
Tuesday,Taraval,22,94116.0,25,43698.0,16901.0,16283.0,15445.0,734400.0,83407.0
Tuesday,Taraval,22,94122.0,9,56023.0,23699.0,23633.0,22162.0,774500.0,81768.0
Tuesday,Taraval,22,94127.0,5,19289.0,10895.0,7801.0,7511.0,916900.0,131351.0
Tuesday,Taraval,22,94132.0,18,28129.0,9045.0,10769.0,9993.0,733100.0,69223.0
Tuesday,Taraval,23,94112.0,3,79407.0,23606.0,23081.0,21975.0,602400.0,71625.0
Tuesday,Taraval,23,94116.0,17,43698.0,16901.0,16283.0,15445.0,734400.0,83407.0
Tuesday,Taraval,23,94122.0,13,56023.0,23699.0,23633.0,22162.0,774500.0,81768.0
Tuesday,Taraval,23,94127.0,7,19289.0,10895.0,7801.0,7511.0,916900.0,131351.0
Tuesday,Taraval,23,94132.0,8,28129.0,9045.0,10769.0,9993.0,733100.0,69223.0
Tuesday,Tenderloin,0,94102.0,18,31176.0,46472.0,18758.0,16844.0,574100.0,22517.0
Tuesday,Tenderloin,0,94103.0,59,27170.0,20036.0,14778.0,13098.0,628000.0,43364.0
Tuesday,Tenderloin,0,94104.0,3,406.0,5232.0,368.0,207.0,1000001.0,48750.0
Tuesday,Tenderloin,0,94108.0,4,13768.0,50983.0,8843.0,7628.0,856900.0,35427.0
Tuesday,Tenderloin,0,94109.0,7,55984.0,47129.0,37182.0,33342.0,723200.0,60722.0
Tuesday,Tenderloin,1,94102.0,9,31176.0,46472.0,18758.0,16844.0,574100.0,22517.0
Tuesday,Tenderloin,1,94103.0,20,27170.0,20036.0,14778.0,13098.0,628000.0,43364.0
Tuesday,Tenderloin,1,94108.0,2,13768.0,50983.0,8843.0,7628.0,856900.0,35427.0
Tuesday,Tenderloin,1,94109.0,1,55984.0,47129.0,37182.0,33342.0,723200.0,60722.0
Tuesday,Tenderloin,2,94102.0,10,31176.0,46472.0,18758.0,16844.0,574100.0,22517.0
Tuesday,Tenderloin,2,94103.0,14,27170.0,20036.0,14778.0,13098.0,628000.0,43364.0
Tuesday,Tenderloin,2,94108.0,2,13768.0,50983.0,8843.0,7628.0,856900.0,35427.0
Tuesday,Tenderloin,2,94109.0,2,55984.0,47129.0,37182.0,33342.0,723200.0,60722.0
Tuesday,Tenderloin,2,94114.0,1,31124.0,21837.0,17634.0,16281.0,1000001.0,114689.0
Tuesday,Tenderloin,3,94102.0,5,31176.0,46472.0,18758.0,16844.0,574100.0,22517.0
Tuesday,Tenderloin,3,94103.0,12,27170.0,20036.0,14778.0,13098.0,628000.0,43364.0
Tuesday,Tenderloin,3,94104.0,1,406.0,5232.0,368.0,207.0,1000001.0,48750.0
Tuesday,Tenderloin,3,94108.0,3,13768.0,50983.0,8843.0,7628.0,856900.0,35427.0
Tuesday,Tenderloin,3,94109.0,2,55984.0,47129.0,37182.0,33342.0,723200.0,60722.0
Tuesday,Tenderloin,4,94102.0,9,31176.0,46472.0,18758.0,16844.0,574100.0,22517.0
Tuesday,Tenderloin,4,94103.0,19,27170.0,20036.0,14778.0,13098.0,628000.0,43364.0
Tuesday,Tenderloin,4,94104.0,1,406.0,5232.0,368.0,207.0,1000001.0,48750.0
Tuesday,Tenderloin,4,94108.0,1,13768.0,50983.0,8843.0,7628.0,856900.0,35427.0
Tuesday,Tenderloin,4,94109.0,3,55984.0,47129.0,37182.0,33342.0,723200.0,60722.0
Tuesday,Tenderloin,5,94102.0,5,31176.0,46472.0,18758.0,16844.0,574100.0,22517.0
Tuesday,Tenderloin,5,94103.0,16,27170.0,20036.0,14778.0,13098.0,628000.0,43364.0
Tuesday,Tenderloin,5,94108.0,3,13768.0,50983.0,8843.0,7628.0,856900.0,35427.0
Tuesday,Tenderloin,5,94109.0,4,55984.0,47129.0,37182.0,33342.0,723200.0,60722.0
Tuesday,Tenderloin,6,94102.0,8,31176.0,46472.0,18758.0,16844.0,574100.0,22517.0
Tuesday,Tenderloin,6,94103.0,23,27170.0,20036.0,14778.0,13098.0,628000.0,43364.0
Tuesday,Tenderloin,6,94108.0,7,13768.0,50983.0,8843.0,7628.0,856900.0,35427.0
Tuesday,Tenderloin,6,94109.0,8,55984.0,47129.0,37182.0,33342.0,723200.0,60722.0
Tuesday,Tenderloin,7,94102.0,25,31176.0,46472.0,18758.0,16844.0,574100.0,22517.0
Tuesday,Tenderloin,7,94103.0,67,27170.0,20036.0,14778.0,13098.0,628000.0,43364.0
Tuesday,Tenderloin,7,94104.0,2,406.0,5232.0,368.0,207.0,1000001.0,48750.0
Tuesday,Tenderloin,7,94108.0,3,13768.0,50983.0,8843.0,7628.0,856900.0,35427.0
Tuesday,Tenderloin,7,94109.0,9,55984.0,47129.0,37182.0,33342.0,723200.0,60722.0
Tuesday,Tenderloin,8,94102.0,26,31176.0,46472.0,18758.0,16844.0,574100.0,22517.0
Tuesday,Tenderloin,8,94103.0,58,27170.0,20036.0,14778.0,13098.0,628000.0,43364.0
Tuesday,Tenderloin,8,94104.0,6,406.0,5232.0,368.0,207.0,1000001.0,48750.0
Tuesday,Tenderloin,8,94108.0,4,13768.0,50983.0,8843.0,7628.0,856900.0,35427.0
Tuesday,Tenderloin,8,94109.0,5,55984.0,47129.0,37182.0,33342.0,723200.0,60722.0
Tuesday,Tenderloin,9,94102.0,44,31176.0,46472.0,18758.0,16844.0,574100.0,22517.0
Tuesday,Tenderloin,9,94103.0,54,27170.0,20036.0,14778.0,13098.0,628000.0,43364.0
Tuesday,Tenderloin,9,94104.0,5,406.0,5232.0,368.0,207.0,1000001.0,48750.0
Tuesday,Tenderloin,9,94108.0,2,13768.0,50983.0,8843.0,7628.0,856900.0,35427.0
Tuesday,Tenderloin,9,94109.0,6,55984.0,47129.0,37182.0,33342.0,723200.0,60722.0
Tuesday,Tenderloin,10,94102.0,28,31176.0,46472.0,18758.0,16844.0,574100.0,22517.0
Tuesday,Tenderloin,10,94103.0,62,27170.0,20036.0,14778.0,13098.0,628000.0,43364.0
Tuesday,Tenderloin,10,94104.0,3,406.0,5232.0,368.0,207.0,1000001.0,48750.0
Tuesday,Tenderloin,10,94108.0,8,13768.0,50983.0,8843.0,7628.0,856900.0,35427.0
Tuesday,Tenderloin,10,94109.0,2,55984.0,47129.0,37182.0,33342.0,723200.0,60722.0
Tuesday,Tenderloin,11,94102.0,29,31176.0,46472.0,18758.0,16844.0,574100.0,22517.0
Tuesday,Tenderloin,11,94103.0,60,27170.0,20036.0,14778.0,13098.0,628000.0,43364.0
Tuesday,Tenderloin,11,94104.0,1,406.0,5232.0,368.0,207.0,1000001.0,48750.0
Tuesday,Tenderloin,11,94108.0,11,13768.0,50983.0,8843.0,7628.0,856900.0,35427.0
Tuesday,Tenderloin,11,94109.0,5,55984.0,47129.0,37182.0,33342.0,723200.0,60722.0
Tuesday,Tenderloin,11,94158.0,1,4792.0,7288.0,2482.0,2271.0,643900.0,82195.0
Tuesday,Tenderloin,12,94102.0,50,31176.0,46472.0,18758.0,16844.0,574100.0,22517.0
Tuesday,Tenderloin,12,94103.0,97,27170.0,20036.0,14778.0,13098.0,628000.0,43364.0
Tuesday,Tenderloin,12,94104.0,5,406.0,5232.0,368.0,207.0,1000001.0,48750.0
Tuesday,Tenderloin,12,94108.0,8,13768.0,50983.0,8843.0,7628.0,856900.0,35427.0
Tuesday,Tenderloin,12,94109.0,1,55984.0,47129.0,37182.0,33342.0,723200.0,60722.0
Tuesday,Tenderloin,13,94102.0,30,31176.0,46472.0,18758.0,16844.0,574100.0,22517.0
Tuesday,Tenderloin,13,94103.0,95,27170.0,20036.0,14778.0,13098.0,628000.0,43364.0
Tuesday,Tenderloin,13,94104.0,3,406.0,5232.0,368.0,207.0,1000001.0,48750.0
Tuesday,Tenderloin,13,94108.0,4,13768.0,50983.0,8843.0,7628.0,856900.0,35427.0
Tuesday,Tenderloin,14,94102.0,36,31176.0,46472.0,18758.0,16844.0,574100.0,22517.0
Tuesday,Tenderloin,14,94103.0,87,27170.0,20036.0,14778.0,13098.0,628000.0,43364.0
Tuesday,Tenderloin,14,94104.0,3,406.0,5232.0,368.0,207.0,1000001.0,48750.0
Tuesday,Tenderloin,14,94108.0,8,13768.0,50983.0,8843.0,7628.0,856900.0,35427.0
Tuesday,Tenderloin,14,94109.0,2,55984.0,47129.0,37182.0,33342.0,723200.0,60722.0
Tuesday,Tenderloin,15,94102.0,38,31176.0,46472.0,18758.0,16844.0,574100.0,22517.0
Tuesday,Tenderloin,15,94103.0,117,27170.0,20036.0,14778.0,13098.0,628000.0,43364.0
Tuesday,Tenderloin,15,94104.0,4,406.0,5232.0,368.0,207.0,1000001.0,48750.0
Tuesday,Tenderloin,15,94108.0,3,13768.0,50983.0,8843.0,7628.0,856900.0,35427.0
Tuesday,Tenderloin,15,94109.0,1,55984.0,47129.0,37182.0,33342.0,723200.0,60722.0
Tuesday,Tenderloin,15,94115.0,1,33021.0,29596.0,18884.0,17289.0,965800.0,76952.0
Tuesday,Tenderloin,16,94102.0,23,31176.0,46472.0,18758.0,16844.0,574100.0,22517.0
Tuesday,Tenderloin,16,94103.0,85,27170.0,20036.0,14778.0,13098.0,628000.0,43364.0
Tuesday,Tenderloin,16,94104.0,3,406.0,5232.0,368.0,207.0,1000001.0,48750.0
Tuesday,Tenderloin,16,94108.0,3,13768.0,50983.0,8843.0,7628.0,856900.0,35427.0
Tuesday,Tenderloin,16,94109.0,5,55984.0,47129.0,37182.0,33342.0,723200.0,60722.0
Tuesday,Tenderloin,16,94116.0,1,43698.0,16901.0,16283.0,15445.0,734400.0,83407.0
Tuesday,Tenderloin,17,94102.0,35,31176.0,46472.0,18758.0,16844.0,574100.0,22517.0
Tuesday,Tenderloin,17,94103.0,87,27170.0,20036.0,14778.0,13098.0,628000.0,43364.0
Tuesday,Tenderloin,17,94104.0,4,406.0,5232.0,368.0,207.0,1000001.0,48750.0
Tuesday,Tenderloin,17,94108.0,10,13768.0,50983.0,8843.0,7628.0,856900.0,35427.0
Tuesday,Tenderloin,17,94109.0,6,55984.0,47129.0,37182.0,33342.0,723200.0,60722.0
Tuesday,Tenderloin,17,94110.0,1,69333.0,29816.0,28913.0,27128.0,768200.0,82111.0
Tuesday,Tenderloin,17,94111.0,1,3713.0,10791.0,2811.0,2365.0,882000.0,89722.0
Tuesday,Tenderloin,18,94102.0,29,31176.0,46472.0,18758.0,16844.0,574100.0,22517.0
Tuesday,Tenderloin,18,94103.0,66,27170.0,20036.0,14778.0,13098.0,628000.0,43364.0
Tuesday,Tenderloin,18,94104.0,2,406.0,5232.0,368.0,207.0,1000001.0,48750.0
Tuesday,Tenderloin,18,94108.0,8,13768.0,50983.0,8843.0,7628.0,856900.0,35427.0
Tuesday,Tenderloin,18,94109.0,8,55984.0,47129.0,37182.0,33342.0,723200.0,60722.0
Tuesday,Tenderloin,19,94102.0,22,31176.0,46472.0,18758.0,16844.0,574100.0,22517.0
Tuesday,Tenderloin,19,94103.0,64,27170.0,20036.0,14778.0,13098.0,628000.0,43364.0
Tuesday,Tenderloin,19,94104.0,2,406.0,5232.0,368.0,207.0,1000001.0,48750.0
Tuesday,Tenderloin,19,94108.0,5,13768.0,50983.0,8843.0,7628.0,856900.0,35427.0
Tuesday,Tenderloin,20,94102.0,21,31176.0,46472.0,18758.0,16844.0,574100.0,22517.0
Tuesday,Tenderloin,20,94103.0,40,27170.0,20036.0,14778.0,13098.0,628000.0,43364.0
Tuesday,Tenderloin,20,94104.0,5,406.0,5232.0,368.0,207.0,1000001.0,48750.0
Tuesday,Tenderloin,20,94108.0,3,13768.0,50983.0,8843.0,7628.0,856900.0,35427.0
Tuesday,Tenderloin,20,94109.0,9,55984.0,47129.0,37182.0,33342.0,723200.0,60722.0
Tuesday,Tenderloin,21,94102.0,11,31176.0,46472.0,18758.0,16844.0,574100.0,22517.0
Tuesday,Tenderloin,21,94103.0,49,27170.0,20036.0,14778.0,13098.0,628000.0,43364.0
Tuesday,Tenderloin,21,94104.0,3,406.0,5232.0,368.0,207.0,1000001.0,48750.0
Tuesday,Tenderloin,21,94108.0,5,13768.0,50983.0,8843.0,7628.0,856900.0,35427.0
Tuesday,Tenderloin,21,94109.0,3,55984.0,47129.0,37182.0,33342.0,723200.0,60722.0
Tuesday,Tenderloin,22,94102.0,26,31176.0,46472.0,18758.0,16844.0,574100.0,22517.0
Tuesday,Tenderloin,22,94103.0,38,27170.0,20036.0,14778.0,13098.0,628000.0,43364.0
Tuesday,Tenderloin,22,94108.0,10,13768.0,50983.0,8843.0,7628.0,856900.0,35427.0
Tuesday,Tenderloin,22,94109.0,9,55984.0,47129.0,37182.0,33342.0,723200.0,60722.0
Tuesday,Tenderloin,23,94102.0,13,31176.0,46472.0,18758.0,16844.0,574100.0,22517.0
Tuesday,Tenderloin,23,94103.0,27,27170.0,20036.0,14778.0,13098.0,628000.0,43364.0
Tuesday,Tenderloin,23,94108.0,8,13768.0,50983.0,8843.0,7628.0,856900.0,35427.0
Tuesday,Tenderloin,23,94109.0,6,55984.0,47129.0,37182.0,33342.0,723200.0,60722.0
Wednesday,Bayview,0,94107.0,7,26599.0,14845.0,15141.0,13736.0,719700.0,114439.0
Wednesday,Bayview,0,94110.0,5,69333.0,29816.0,28913.0,27128.0,768200.0,82111.0
Wednesday,Bayview,0,94114.0,1,31124.0,21837.0,17634.0,16281.0,1000001.0,114689.0
Wednesday,Bayview,0,94124.0,46,33996.0,6901.0,10812.0,9717.0,470400.0,50146.0
Wednesday,Bayview,0,94134.0,22,40798.0,17001.0,11867.0,11244.0,547800.0,56716.0
Wednesday,Bayview,0,94158.0,8,4792.0,7288.0,2482.0,2271.0,643900.0,82195.0
Wednesday,Bayview,1,94107.0,5,26599.0,14845.0,15141.0,13736.0,719700.0,114439.0
Wednesday,Bayview,1,94110.0,6,69333.0,29816.0,28913.0,27128.0,768200.0,82111.0
Wednesday,Bayview,1,94124.0,16,33996.0,6901.0,10812.0,9717.0,470400.0,50146.0
Wednesday,Bayview,1,94134.0,9,40798.0,17001.0,11867.0,11244.0,547800.0,56716.0
Wednesday,Bayview,1,94158.0,1,4792.0,7288.0,2482.0,2271.0,643900.0,82195.0
Wednesday,Bayview,2,94107.0,2,26599.0,14845.0,15141.0,13736.0,719700.0,114439.0
Wednesday,Bayview,2,94110.0,5,69333.0,29816.0,28913.0,27128.0,768200.0,82111.0
Wednesday,Bayview,2,94124.0,10,33996.0,6901.0,10812.0,9717.0,470400.0,50146.0
Wednesday,Bayview,2,94134.0,1,40798.0,17001.0,11867.0,11244.0,547800.0,56716.0
Wednesday,Bayview,2,94158.0,5,4792.0,7288.0,2482.0,2271.0,643900.0,82195.0
Wednesday,Bayview,3,94107.0,4,26599.0,14845.0,15141.0,13736.0,719700.0,114439.0
Wednesday,Bayview,3,94124.0,30,33996.0,6901.0,10812.0,9717.0,470400.0,50146.0
Wednesday,Bayview,3,94134.0,3,40798.0,17001.0,11867.0,11244.0,547800.0,56716.0
Wednesday,Bayview,3,94158.0,2,4792.0,7288.0,2482.0,2271.0,643900.0,82195.0
Wednesday,Bayview,4,94110.0,2,69333.0,29816.0,28913.0,27128.0,768200.0,82111.0
Wednesday,Bayview,4,94111.0,1,3713.0,10791.0,2811.0,2365.0,882000.0,89722.0
Wednesday,Bayview,4,94124.0,17,33996.0,6901.0,10812.0,9717.0,470400.0,50146.0
Wednesday,Bayview,4,94134.0,6,40798.0,17001.0,11867.0,11244.0,547800.0,56716.0
Wednesday,Bayview,4,94158.0,6,4792.0,7288.0,2482.0,2271.0,643900.0,82195.0
Wednesday,Bayview,5,94107.0,2,26599.0,14845.0,15141.0,13736.0,719700.0,114439.0
Wednesday,Bayview,5,94110.0,8,69333.0,29816.0,28913.0,27128.0,768200.0,82111.0
Wednesday,Bayview,5,94124.0,11,33996.0,6901.0,10812.0,9717.0,470400.0,50146.0
Wednesday,Bayview,5,94134.0,2,40798.0,17001.0,11867.0,11244.0,547800.0,56716.0
Wednesday,Bayview,5,94158.0,1,4792.0,7288.0,2482.0,2271.0,643900.0,82195.0
Wednesday,Bayview,6,94107.0,4,26599.0,14845.0,15141.0,13736.0,719700.0,114439.0
Wednesday,Bayview,6,94110.0,4,69333.0,29816.0,28913.0,27128.0,768200.0,82111.0
Wednesday,Bayview,6,94124.0,10,33996.0,6901.0,10812.0,9717.0,470400.0,50146.0
Wednesday,Bayview,6,94134.0,3,40798.0,17001.0,11867.0,11244.0,547800.0,56716.0
Wednesday,Bayview,6,94158.0,2,4792.0,7288.0,2482.0,2271.0,643900.0,82195.0
Wednesday,Bayview,7,94107.0,2,26599.0,14845.0,15141.0,13736.0,719700.0,114439.0
Wednesday,Bayview,7,94110.0,9,69333.0,29816.0,28913.0,27128.0,768200.0,82111.0
Wednesday,Bayview,7,94124.0,27,33996.0,6901.0,10812.0,9717.0,470400.0,50146.0
Wednesday,Bayview,7,94134.0,15,40798.0,17001.0,11867.0,11244.0,547800.0,56716.0
Wednesday,Bayview,7,94158.0,5,4792.0,7288.0,2482.0,2271.0,643900.0,82195.0
Wednesday,Bayview,8,94107.0,2,26599.0,14845.0,15141.0,13736.0,719700.0,114439.0
Wednesday,Bayview,8,94110.0,10,69333.0,29816.0,28913.0,27128.0,768200.0,82111.0
Wednesday,Bayview,8,94124.0,34,33996.0,6901.0,10812.0,9717.0,470400.0,50146.0
Wednesday,Bayview,8,94134.0,12,40798.0,17001.0,11867.0,11244.0,547800.0,56716.0
Wednesday,Bayview,8,94158.0,11,4792.0,7288.0,2482.0,2271.0,643900.0,82195.0
Wednesday,Bayview,9,94103.0,1,27170.0,20036.0,14778.0,13098.0,628000.0,43364.0
Wednesday,Bayview,9,94107.0,3,26599.0,14845.0,15141.0,13736.0,719700.0,114439.0
Wednesday,Bayview,9,94110.0,18,69333.0,29816.0,28913.0,27128.0,768200.0,82111.0
Wednesday,Bayview,9,94124.0,41,33996.0,6901.0,10812.0,9717.0,470400.0,50146.0
Wednesday,Bayview,9,94134.0,14,40798.0,17001.0,11867.0,11244.0,547800.0,56716.0
Wednesday,Bayview,9,94158.0,9,4792.0,7288.0,2482.0,2271.0,643900.0,82195.0
Wednesday,Bayview,10,94107.0,4,26599.0,14845.0,15141.0,13736.0,719700.0,114439.0
Wednesday,Bayview,10,94110.0,14,69333.0,29816.0,28913.0,27128.0,768200.0,82111.0
Wednesday,Bayview,10,94124.0,36,33996.0,6901.0,10812.0,9717.0,470400.0,50146.0
Wednesday,Bayview,10,94134.0,31,40798.0,17001.0,11867.0,11244.0,547800.0,56716.0
Wednesday,Bayview,10,94158.0,12,4792.0,7288.0,2482.0,2271.0,643900.0,82195.0
Wednesday,Bayview,11,94107.0,6,26599.0,14845.0,15141.0,13736.0,719700.0,114439.0
Wednesday,Bayview,11,94110.0,19,69333.0,29816.0,28913.0,27128.0,768200.0,82111.0
Wednesday,Bayview,11,94124.0,48,33996.0,6901.0,10812.0,9717.0,470400.0,50146.0
Wednesday,Bayview,11,94134.0,15,40798.0,17001.0,11867.0,11244.0,547800.0,56716.0
Wednesday,Bayview,11,94158.0,14,4792.0,7288.0,2482.0,2271.0,643900.0,82195.0
Wednesday,Bayview,12,94107.0,4,26599.0,14845.0,15141.0,13736.0,719700.0,114439.0
Wednesday,Bayview,12,94110.0,11,69333.0,29816.0,28913.0,27128.0,768200.0,82111.0
Wednesday,Bayview,12,94124.0,39,33996.0,6901.0,10812.0,9717.0,470400.0,50146.0
Wednesday,Bayview,12,94134.0,21,40798.0,17001.0,11867.0,11244.0,547800.0,56716.0
Wednesday,Bayview,12,94158.0,12,4792.0,7288.0,2482.0,2271.0,643900.0,82195.0
Wednesday,Bayview,13,94107.0,3,26599.0,14845.0,15141.0,13736.0,719700.0,114439.0
Wednesday,Bayview,13,94110.0,3,69333.0,29816.0,28913.0,27128.0,768200.0,82111.0
Wednesday,Bayview,13,94124.0,53,33996.0,6901.0,10812.0,9717.0,470400.0,50146.0
Wednesday,Bayview,13,94134.0,22,40798.0,17001.0,11867.0,11244.0,547800.0,56716.0
Wednesday,Bayview,13,94158.0,7,4792.0,7288.0,2482.0,2271.0,643900.0,82195.0
Wednesday,Bayview,14,94107.0,1,26599.0,14845.0,15141.0,13736.0,719700.0,114439.0
Wednesday,Bayview,14,94110.0,9,69333.0,29816.0,28913.0,27128.0,768200.0,82111.0
Wednesday,Bayview,14,94124.0,42,33996.0,6901.0,10812.0,9717.0,470400.0,50146.0
Wednesday,Bayview,14,94134.0,26,40798.0,17001.0,11867.0,11244.0,547800.0,56716.0
Wednesday,Bayview,14,94158.0,8,4792.0,7288.0,2482.0,2271.0,643900.0,82195.0
Wednesday,Bayview,15,94105.0,1,5846.0,15826.0,4601.0,3586.0,740900.0,163949.0
Wednesday,Bayview,15,94107.0,5,26599.0,14845.0,15141.0,13736.0,719700.0,114439.0
Wednesday,Bayview,15,94110.0,12,69333.0,29816.0,28913.0,27128.0,768200.0,82111.0
Wednesday,Bayview,15,94124.0,43,33996.0,6901.0,10812.0,9717.0,470400.0,50146.0
Wednesday,Bayview,15,94134.0,16,40798.0,17001.0,11867.0,11244.0,547800.0,56716.0
Wednesday,Bayview,15,94158.0,8,4792.0,7288.0,2482.0,2271.0,643900.0,82195.0
Wednesday,Bayview,16,94107.0,4,26599.0,14845.0,15141.0,13736.0,719700.0,114439.0
Wednesday,Bayview,16,94110.0,14,69333.0,29816.0,28913.0,27128.0,768200.0,82111.0
Wednesday,Bayview,16,94124.0,62,33996.0,6901.0,10812.0,9717.0,470400.0,50146.0
Wednesday,Bayview,16,94134.0,13,40798.0,17001.0,11867.0,11244.0,547800.0,56716.0
Wednesday,Bayview,16,94158.0,15,4792.0,7288.0,2482.0,2271.0,643900.0,82195.0
Wednesday,Bayview,17,94107.0,8,26599.0,14845.0,15141.0,13736.0,719700.0,114439.0
Wednesday,Bayview,17,94110.0,15,69333.0,29816.0,28913.0,27128.0,768200.0,82111.0
Wednesday,Bayview,17,94124.0,51,33996.0,6901.0,10812.0,9717.0,470400.0,50146.0
Wednesday,Bayview,17,94134.0,29,40798.0,17001.0,11867.0,11244.0,547800.0,56716.0
Wednesday,Bayview,17,94158.0,9,4792.0,7288.0,2482.0,2271.0,643900.0,82195.0
Wednesday,Bayview,18,94107.0,17,26599.0,14845.0,15141.0,13736.0,719700.0,114439.0
Wednesday,Bayview,18,94110.0,19,69333.0,29816.0,28913.0,27128.0,768200.0,82111.0
Wednesday,Bayview,18,94124.0,45,33996.0,6901.0,10812.0,9717.0,470400.0,50146.0
Wednesday,Bayview,18,94134.0,32,40798.0,17001.0,11867.0,11244.0,547800.0,56716.0
Wednesday,Bayview,18,94158.0,9,4792.0,7288.0,2482.0,2271.0,643900.0,82195.0
Wednesday,Bayview,19,94107.0,19,26599.0,14845.0,15141.0,13736.0,719700.0,114439.0
Wednesday,Bayview,19,94110.0,12,69333.0,29816.0,28913.0,27128.0,768200.0,82111.0
Wednesday,Bayview,19,94124.0,32,33996.0,6901.0,10812.0,9717.0,470400.0,50146.0
Wednesday,Bayview,19,94134.0,24,40798.0,17001.0,11867.0,11244.0,547800.0,56716.0
Wednesday,Bayview,19,94158.0,7,4792.0,7288.0,2482.0,2271.0,643900.0,82195.0
Wednesday,Bayview,20,94103.0,3,27170.0,20036.0,14778.0,13098.0,628000.0,43364.0
Wednesday,Bayview,20,94107.0,9,26599.0,14845.0,15141.0,13736.0,719700.0,114439.0
Wednesday,Bayview,20,94109.0,1,55984.0,47129.0,37182.0,33342.0,723200.0,60722.0
Wednesday,Bayview,20,94110.0,7,69333.0,29816.0,28913.0,27128.0,768200.0,82111.0
Wednesday,Bayview,20,94124.0,37,33996.0,6901.0,10812.0,9717.0,470400.0,50146.0
Wednesday,Bayview,20,94134.0,12,40798.0,17001.0,11867.0,11244.0,547800.0,56716.0
Wednesday,Bayview,20,94158.0,20,4792.0,7288.0,2482.0,2271.0,643900.0,82195.0
Wednesday,Bayview,21,94107.0,3,26599.0,14845.0,15141.0,13736.0,719700.0,114439.0
Wednesday,Bayview,21,94110.0,6,69333.0,29816.0,28913.0,27128.0,768200.0,82111.0
Wednesday,Bayview,21,94124.0,44,33996.0,6901.0,10812.0,9717.0,470400.0,50146.0
Wednesday,Bayview,21,94134.0,8,40798.0,17001.0,11867.0,11244.0,547800.0,56716.0
Wednesday,Bayview,21,94158.0,11,4792.0,7288.0,2482.0,2271.0,643900.0,82195.0
Wednesday,Bayview,22,94102.0,1,31176.0,46472.0,18758.0,16844.0,574100.0,22517.0
Wednesday,Bayview,22,94103.0,1,27170.0,20036.0,14778.0,13098.0,628000.0,43364.0
Wednesday,Bayview,22,94107.0,4,26599.0,14845.0,15141.0,13736.0,719700.0,114439.0
Wednesday,Bayview,22,94110.0,5,69333.0,29816.0,28913.0,27128.0,768200.0,82111.0
Wednesday,Bayview,22,94124.0,45,33996.0,6901.0,10812.0,9717.0,470400.0,50146.0
Wednesday,Bayview,22,94134.0,11,40798.0,17001.0,11867.0,11244.0,547800.0,56716.0
Wednesday,Bayview,22,94158.0,18,4792.0,7288.0,2482.0,2271.0,643900.0,82195.0
Wednesday,Bayview,23,94102.0,1,31176.0,46472.0,18758.0,16844.0,574100.0,22517.0
Wednesday,Bayview,23,94110.0,11,69333.0,29816.0,28913.0,27128.0,768200.0,82111.0
Wednesday,Bayview,23,94124.0,35,33996.0,6901.0,10812.0,9717.0,470400.0,50146.0
Wednesday,Bayview,23,94134.0,6,40798.0,17001.0,11867.0,11244.0,547800.0,56716.0
Wednesday,Bayview,23,94158.0,9,4792.0,7288.0,2482.0,2271.0,643900.0,82195.0
Wednesday,Central,0,94103.0,2,27170.0,20036.0,14778.0,13098.0,628000.0,43364.0
Wednesday,Central,0,94104.0,24,406.0,5232.0,368.0,207.0,1000001.0,48750.0
Wednesday,Central,0,94105.0,4,5846.0,15826.0,4601.0,3586.0,740900.0,163949.0
Wednesday,Central,0,94108.0,60,13768.0,50983.0,8843.0,7628.0,856900.0,35427.0
Wednesday,Central,0,94109.0,18,55984.0,47129.0,37182.0,33342.0,723200.0,60722.0
Wednesday,Central,0,94111.0,16,3713.0,10791.0,2811.0,2365.0,882000.0,89722.0
Wednesday,Central,1,94104.0,22,406.0,5232.0,368.0,207.0,1000001.0,48750.0
Wednesday,Central,1,94108.0,28,13768.0,50983.0,8843.0,7628.0,856900.0,35427.0
Wednesday,Central,1,94109.0,7,55984.0,47129.0,37182.0,33342.0,723200.0,60722.0
Wednesday,Central,1,94111.0,5,3713.0,10791.0,2811.0,2365.0,882000.0,89722.0
Wednesday,Central,1,94118.0,1,38319.0,19663.0,18633.0,17171.0,1000001.0,82857.0
Wednesday,Central,2,94104.0,12,406.0,5232.0,368.0,207.0,1000001.0,48750.0
Wednesday,Central,2,94108.0,33,13768.0,50983.0,8843.0,7628.0,856900.0,35427.0
Wednesday,Central,2,94109.0,5,55984.0,47129.0,37182.0,33342.0,723200.0,60722.0
Wednesday,Central,2,94111.0,12,3713.0,10791.0,2811.0,2365.0,882000.0,89722.0
Wednesday,Central,2,94129.0,1,3183.0,1381.0,1132.0,1086.0,,143320.0
Wednesday,Central,3,94104.0,10,406.0,5232.0,368.0,207.0,1000001.0,48750.0
Wednesday,Central,3,94105.0,1,5846.0,15826.0,4601.0,3586.0,740900.0,163949.0
Wednesday,Central,3,94108.0,12,13768.0,50983.0,8843.0,7628.0,856900.0,35427.0
Wednesday,Central,3,94109.0,10,55984.0,47129.0,37182.0,33342.0,723200.0,60722.0
Wednesday,Central,3,94111.0,7,3713.0,10791.0,2811.0,2365.0,882000.0,89722.0
Wednesday,Central,4,94104.0,5,406.0,5232.0,368.0,207.0,1000001.0,48750.0
Wednesday,Central,4,94108.0,12,13768.0,50983.0,8843.0,7628.0,856900.0,35427.0
Wednesday,Central,4,94109.0,6,55984.0,47129.0,37182.0,33342.0,723200.0,60722.0
Wednesday,Central,4,94111.0,6,3713.0,10791.0,2811.0,2365.0,882000.0,89722.0
Wednesday,Central,5,94104.0,9,406.0,5232.0,368.0,207.0,1000001.0,48750.0
Wednesday,Central,5,94108.0,21,13768.0,50983.0,8843.0,7628.0,856900.0,35427.0
Wednesday,Central,5,94109.0,17,55984.0,47129.0,37182.0,33342.0,723200.0,60722.0
Wednesday,Central,5,94111.0,7,3713.0,10791.0,2811.0,2365.0,882000.0,89722.0
Wednesday,Central,5,94112.0,1,79407.0,23606.0,23081.0,21975.0,602400.0,71625.0
Wednesday,Central,5,94117.0,1,39169.0,23211.0,19255.0,17939.0,911500.0,94479.0
Wednesday,Central,5,94123.0,2,23088.0,22622.0,15083.0,13717.0,1000001.0,112650.0
Wednesday,Central,6,94104.0,8,406.0,5232.0,368.0,207.0,1000001.0,48750.0
Wednesday,Central,6,94108.0,17,13768.0,50983.0,8843.0,7628.0,856900.0,35427.0
Wednesday,Central,6,94109.0,3,55984.0,47129.0,37182.0,33342.0,723200.0,60722.0
Wednesday,Central,6,94111.0,7,3713.0,10791.0,2811.0,2365.0,882000.0,89722.0
Wednesday,Central,6,94129.0,1,3183.0,1381.0,1132.0,1086.0,,143320.0
Wednesday,Central,7,94104.0,24,406.0,5232.0,368.0,207.0,1000001.0,48750.0
Wednesday,Central,7,94105.0,2,5846.0,15826.0,4601.0,3586.0,740900.0,163949.0
Wednesday,Central,7,94108.0,11,13768.0,50983.0,8843.0,7628.0,856900.0,35427.0
Wednesday,Central,7,94109.0,9,55984.0,47129.0,37182.0,33342.0,723200.0,60722.0
Wednesday,Central,7,94111.0,10,3713.0,10791.0,2811.0,2365.0,882000.0,89722.0
Wednesday,Central,7,94123.0,1,23088.0,22622.0,15083.0,13717.0,1000001.0,112650.0
Wednesday,Central,8,94103.0,1,27170.0,20036.0,14778.0,13098.0,628000.0,43364.0
Wednesday,Central,8,94104.0,32,406.0,5232.0,368.0,207.0,1000001.0,48750.0
Wednesday,Central,8,94105.0,1,5846.0,15826.0,4601.0,3586.0,740900.0,163949.0
Wednesday,Central,8,94108.0,31,13768.0,50983.0,8843.0,7628.0,856900.0,35427.0
Wednesday,Central,8,94109.0,13,55984.0,47129.0,37182.0,33342.0,723200.0,60722.0
Wednesday,Central,8,94111.0,20,3713.0,10791.0,2811.0,2365.0,882000.0,89722.0
Wednesday,Central,8,94124.0,1,33996.0,6901.0,10812.0,9717.0,470400.0,50146.0
Wednesday,Central,8,94129.0,2,3183.0,1381.0,1132.0,1086.0,,143320.0
Wednesday,Central,9,94102.0,1,31176.0,46472.0,18758.0,16844.0,574100.0,22517.0
Wednesday,Central,9,94104.0,26,406.0,5232.0,368.0,207.0,1000001.0,48750.0
Wednesday,Central,9,94105.0,5,5846.0,15826.0,4601.0,3586.0,740900.0,163949.0
Wednesday,Central,9,94107.0,1,26599.0,14845.0,15141.0,13736.0,719700.0,114439.0
Wednesday,Central,9,94108.0,24,13768.0,50983.0,8843.0,7628.0,856900.0,35427.0
Wednesday,Central,9,94109.0,10,55984.0,47129.0,37182.0,33342.0,723200.0,60722.0
Wednesday,Central,9,94111.0,24,3713.0,10791.0,2811.0,2365.0,882000.0,89722.0
Wednesday,Central,9,94123.0,1,23088.0,22622.0,15083.0,13717.0,1000001.0,112650.0
Wednesday,Central,9,94124.0,1,33996.0,6901.0,10812.0,9717.0,470400.0,50146.0
Wednesday,Central,9,94129.0,1,3183.0,1381.0,1132.0,1086.0,,143320.0
Wednesday,Central,10,94104.0,39,406.0,5232.0,368.0,207.0,1000001.0,48750.0
Wednesday,Central,10,94105.0,5,5846.0,15826.0,4601.0,3586.0,740900.0,163949.0
Wednesday,Central,10,94108.0,54,13768.0,50983.0,8843.0,7628.0,856900.0,35427.0
Wednesday,Central,10,94109.0,11,55984.0,47129.0,37182.0,33342.0,723200.0,60722.0
Wednesday,Central,10,94111.0,59,3713.0,10791.0,2811.0,2365.0,882000.0,89722.0
Wednesday,Central,11,94104.0,42,406.0,5232.0,368.0,207.0,1000001.0,48750.0
Wednesday,Central,11,94105.0,2,5846.0,15826.0,4601.0,3586.0,740900.0,163949.0
Wednesday,Central,11,94108.0,74,13768.0,50983.0,8843.0,7628.0,856900.0,35427.0
Wednesday,Central,11,94109.0,11,55984.0,47129.0,37182.0,33342.0,723200.0,60722.0
Wednesday,Central,11,94111.0,39,3713.0,10791.0,2811.0,2365.0,882000.0,89722.0
Wednesday,Central,11,94114.0,1,31124.0,21837.0,17634.0,16281.0,1000001.0,114689.0
Wednesday,Central,11,94117.0,1,39169.0,23211.0,19255.0,17939.0,911500.0,94479.0
Wednesday,Central,11,94123.0,3,23088.0,22622.0,15083.0,13717.0,1000001.0,112650.0
Wednesday,Central,11,94129.0,2,3183.0,1381.0,1132.0,1086.0,,143320.0
Wednesday,Central,12,94103.0,3,27170.0,20036.0,14778.0,13098.0,628000.0,43364.0
Wednesday,Central,12,94104.0,75,406.0,5232.0,368.0,207.0,1000001.0,48750.0
Wednesday,Central,12,94105.0,6,5846.0,15826.0,4601.0,3586.0,740900.0,163949.0
Wednesday,Central,12,94108.0,68,13768.0,50983.0,8843.0,7628.0,856900.0,35427.0
Wednesday,Central,12,94109.0,17,55984.0,47129.0,37182.0,33342.0,723200.0,60722.0
Wednesday,Central,12,94111.0,77,3713.0,10791.0,2811.0,2365.0,882000.0,89722.0
Wednesday,Central,12,94123.0,1,23088.0,22622.0,15083.0,13717.0,1000001.0,112650.0
Wednesday,Central,12,94129.0,1,3183.0,1381.0,1132.0,1086.0,,143320.0
Wednesday,Central,13,94102.0,1,31176.0,46472.0,18758.0,16844.0,574100.0,22517.0
Wednesday,Central,13,94104.0,58,406.0,5232.0,368.0,207.0,1000001.0,48750.0
Wednesday,Central,13,94105.0,2,5846.0,15826.0,4601.0,3586.0,740900.0,163949.0
Wednesday,Central,13,94108.0,58,13768.0,50983.0,8843.0,7628.0,856900.0,35427.0
Wednesday,Central,13,94109.0,18,55984.0,47129.0,37182.0,33342.0,723200.0,60722.0
Wednesday,Central,13,94111.0,68,3713.0,10791.0,2811.0,2365.0,882000.0,89722.0
Wednesday,Central,13,94123.0,6,23088.0,22622.0,15083.0,13717.0,1000001.0,112650.0
Wednesday,Central,14,94102.0,1,31176.0,46472.0,18758.0,16844.0,574100.0,22517.0
Wednesday,Central,14,94103.0,2,27170.0,20036.0,14778.0,13098.0,628000.0,43364.0
Wednesday,Central,14,94104.0,48,406.0,5232.0,368.0,207.0,1000001.0,48750.0
Wednesday,Central,14,94105.0,6,5846.0,15826.0,4601.0,3586.0,740900.0,163949.0
Wednesday,Central,14,94108.0,56,13768.0,50983.0,8843.0,7628.0,856900.0,35427.0
Wednesday,Central,14,94109.0,13,55984.0,47129.0,37182.0,33342.0,723200.0,60722.0
Wednesday,Central,14,94111.0,55,3713.0,10791.0,2811.0,2365.0,882000.0,89722.0
Wednesday,Central,14,94123.0,1,23088.0,22622.0,15083.0,13717.0,1000001.0,112650.0
Wednesday,Central,14,94129.0,1,3183.0,1381.0,1132.0,1086.0,,143320.0
Wednesday,Central,15,94104.0,39,406.0,5232.0,368.0,207.0,1000001.0,48750.0
Wednesday,Central,15,94105.0,3,5846.0,15826.0,4601.0,3586.0,740900.0,163949.0
Wednesday,Central,15,94108.0,60,13768.0,50983.0,8843.0,7628.0,856900.0,35427.0
Wednesday,Central,15,94109.0,20,55984.0,47129.0,37182.0,33342.0,723200.0,60722.0
Wednesday,Central,15,94111.0,53,3713.0,10791.0,2811.0,2365.0,882000.0,89722.0
Wednesday,Central,15,94124.0,1,33996.0,6901.0,10812.0,9717.0,470400.0,50146.0
Wednesday,Central,16,94104.0,23,406.0,5232.0,368.0,207.0,1000001.0,48750.0
Wednesday,Central,16,94105.0,4,5846.0,15826.0,4601.0,3586.0,740900.0,163949.0
Wednesday,Central,16,94108.0,75,13768.0,50983.0,8843.0,7628.0,856900.0,35427.0
Wednesday,Central,16,94109.0,21,55984.0,47129.0,37182.0,33342.0,723200.0,60722.0
Wednesday,Central,16,94111.0,61,3713.0,10791.0,2811.0,2365.0,882000.0,89722.0
Wednesday,Central,16,94123.0,1,23088.0,22622.0,15083.0,13717.0,1000001.0,112650.0
Wednesday,Central,16,94129.0,2,3183.0,1381.0,1132.0,1086.0,,143320.0
Wednesday,Central,17,94103.0,1,27170.0,20036.0,14778.0,13098.0,628000.0,43364.0
Wednesday,Central,17,94104.0,57,406.0,5232.0,368.0,207.0,1000001.0,48750.0
Wednesday,Central,17,94105.0,5,5846.0,15826.0,4601.0,3586.0,740900.0,163949.0
Wednesday,Central,17,94108.0,52,13768.0,50983.0,8843.0,7628.0,856900.0,35427.0
Wednesday,Central,17,94109.0,15,55984.0,47129.0,37182.0,33342.0,723200.0,60722.0
Wednesday,Central,17,94110.0,1,69333.0,29816.0,28913.0,27128.0,768200.0,82111.0
Wednesday,Central,17,94111.0,73,3713.0,10791.0,2811.0,2365.0,882000.0,89722.0
Wednesday,Central,17,94123.0,1,23088.0,22622.0,15083.0,13717.0,1000001.0,112650.0
Wednesday,Central,17,94124.0,2,33996.0,6901.0,10812.0,9717.0,470400.0,50146.0
Wednesday,Central,18,94103.0,1,27170.0,20036.0,14778.0,13098.0,628000.0,43364.0
Wednesday,Central,18,94104.0,63,406.0,5232.0,368.0,207.0,1000001.0,48750.0
Wednesday,Central,18,94105.0,7,5846.0,15826.0,4601.0,3586.0,740900.0,163949.0
Wednesday,Central,18,94108.0,69,13768.0,50983.0,8843.0,7628.0,856900.0,35427.0
Wednesday,Central,18,94109.0,17,55984.0,47129.0,37182.0,33342.0,723200.0,60722.0
Wednesday,Central,18,94111.0,63,3713.0,10791.0,2811.0,2365.0,882000.0,89722.0
Wednesday,Central,19,94104.0,66,406.0,5232.0,368.0,207.0,1000001.0,48750.0
Wednesday,Central,19,94105.0,11,5846.0,15826.0,4601.0,3586.0,740900.0,163949.0
Wednesday,Central,19,94108.0,58,13768.0,50983.0,8843.0,7628.0,856900.0,35427.0
Wednesday,Central,19,94109.0,14,55984.0,47129.0,37182.0,33342.0,723200.0,60722.0
Wednesday,Central,19,94111.0,62,3713.0,10791.0,2811.0,2365.0,882000.0,89722.0
Wednesday,Central,19,94114.0,1,31124.0,21837.0,17634.0,16281.0,1000001.0,114689.0
Wednesday,Central,19,94123.0,1,23088.0,22622.0,15083.0,13717.0,1000001.0,112650.0
Wednesday,Central,19,94124.0,1,33996.0,6901.0,10812.0,9717.0,470400.0,50146.0
Wednesday,Central,20,94103.0,1,27170.0,20036.0,14778.0,13098.0,628000.0,43364.0
Wednesday,Central,20,94104.0,51,406.0,5232.0,368.0,207.0,1000001.0,48750.0
Wednesday,Central,20,94105.0,6,5846.0,15826.0,4601.0,3586.0,740900.0,163949.0
Wednesday,Central,20,94108.0,61,13768.0,50983.0,8843.0,7628.0,856900.0,35427.0
Wednesday,Central,20,94109.0,19,55984.0,47129.0,37182.0,33342.0,723200.0,60722.0
Wednesday,Central,20,94111.0,58,3713.0,10791.0,2811.0,2365.0,882000.0,89722.0
Wednesday,Central,20,94123.0,1,23088.0,22622.0,15083.0,13717.0,1000001.0,112650.0
Wednesday,Central,20,94129.0,1,3183.0,1381.0,1132.0,1086.0,,143320.0
Wednesday,Central,21,94103.0,1,27170.0,20036.0,14778.0,13098.0,628000.0,43364.0
Wednesday,Central,21,94104.0,25,406.0,5232.0,368.0,207.0,1000001.0,48750.0
Wednesday,Central,21,94105.0,2,5846.0,15826.0,4601.0,3586.0,740900.0,163949.0
Wednesday,Central,21,94108.0,46,13768.0,50983.0,8843.0,7628.0,856900.0,35427.0
Wednesday,Central,21,94109.0,15,55984.0,47129.0,37182.0,33342.0,723200.0,60722.0
Wednesday,Central,21,94111.0,39,3713.0,10791.0,2811.0,2365.0,882000.0,89722.0
Wednesday,Central,21,94123.0,3,23088.0,22622.0,15083.0,13717.0,1000001.0,112650.0
Wednesday,Central,21,94130.0,1,2880.0,3196.0,786.0,656.0,,37500.0
Wednesday,Central,22,94102.0,1,31176.0,46472.0,18758.0,16844.0,574100.0,22517.0
Wednesday,Central,22,94103.0,1,27170.0,20036.0,14778.0,13098.0,628000.0,43364.0
Wednesday,Central,22,94104.0,35,406.0,5232.0,368.0,207.0,1000001.0,48750.0
Wednesday,Central,22,94105.0,5,5846.0,15826.0,4601.0,3586.0,740900.0,163949.0
Wednesday,Central,22,94108.0,46,13768.0,50983.0,8843.0,7628.0,856900.0,35427.0
Wednesday,Central,22,94109.0,16,55984.0,47129.0,37182.0,33342.0,723200.0,60722.0
Wednesday,Central,22,94111.0,26,3713.0,10791.0,2811.0,2365.0,882000.0,89722.0
Wednesday,Central,22,94124.0,2,33996.0,6901.0,10812.0,9717.0,470400.0,50146.0
Wednesday,Central,23,94103.0,1,27170.0,20036.0,14778.0,13098.0,628000.0,43364.0
Wednesday,Central,23,94104.0,7,406.0,5232.0,368.0,207.0,1000001.0,48750.0
Wednesday,Central,23,94105.0,2,5846.0,15826.0,4601.0,3586.0,740900.0,163949.0
Wednesday,Central,23,94108.0,40,13768.0,50983.0,8843.0,7628.0,856900.0,35427.0
Wednesday,Central,23,94109.0,21,55984.0,47129.0,37182.0,33342.0,723200.0,60722.0
Wednesday,Central,23,94111.0,21,3713.0,10791.0,2811.0,2365.0,882000.0,89722.0
Wednesday,Ingleside,0,94103.0,1,27170.0,20036.0,14778.0,13098.0,628000.0,43364.0
Wednesday,Ingleside,0,94110.0,15,69333.0,29816.0,28913.0,27128.0,768200.0,82111.0
Wednesday,Ingleside,0,94112.0,29,79407.0,23606.0,23081.0,21975.0,602400.0,71625.0
Wednesday,Ingleside,0,94127.0,4,19289.0,10895.0,7801.0,7511.0,916900.0,131351.0
Wednesday,Ingleside,0,94131.0,5,26881.0,12926.0,13427.0,12618.0,859700.0,96889.0
Wednesday,Ingleside,0,94134.0,15,40798.0,17001.0,11867.0,11244.0,547800.0,56716.0
Wednesday,Ingleside,1,94110.0,9,69333.0,29816.0,28913.0,27128.0,768200.0,82111.0
Wednesday,Ingleside,1,94112.0,17,79407.0,23606.0,23081.0,21975.0,602400.0,71625.0
Wednesday,Ingleside,1,94127.0,1,19289.0,10895.0,7801.0,7511.0,916900.0,131351.0
Wednesday,Ingleside,1,94134.0,7,40798.0,17001.0,11867.0,11244.0,547800.0,56716.0
Wednesday,Ingleside,2,94110.0,1,69333.0,29816.0,28913.0,27128.0,768200.0,82111.0
Wednesday,Ingleside,2,94112.0,8,79407.0,23606.0,23081.0,21975.0,602400.0,71625.0
Wednesday,Ingleside,2,94127.0,2,19289.0,10895.0,7801.0,7511.0,916900.0,131351.0
Wednesday,Ingleside,2,94131.0,2,26881.0,12926.0,13427.0,12618.0,859700.0,96889.0
Wednesday,Ingleside,2,94134.0,6,40798.0,17001.0,11867.0,11244.0,547800.0,56716.0
Wednesday,Ingleside,3,94110.0,10,69333.0,29816.0,28913.0,27128.0,768200.0,82111.0
Wednesday,Ingleside,3,94112.0,13,79407.0,23606.0,23081.0,21975.0,602400.0,71625.0
Wednesday,Ingleside,3,94127.0,2,19289.0,10895.0,7801.0,7511.0,916900.0,131351.0
Wednesday,Ingleside,3,94134.0,4,40798.0,17001.0,11867.0,11244.0,547800.0,56716.0
Wednesday,Ingleside,4,94112.0,6,79407.0,23606.0,23081.0,21975.0,602400.0,71625.0
Wednesday,Ingleside,4,94127.0,2,19289.0,10895.0,7801.0,7511.0,916900.0,131351.0
Wednesday,Ingleside,4,94131.0,1,26881.0,12926.0,13427.0,12618.0,859700.0,96889.0
Wednesday,Ingleside,4,94134.0,6,40798.0,17001.0,11867.0,11244.0,547800.0,56716.0
Wednesday,Ingleside,5,94110.0,5,69333.0,29816.0,28913.0,27128.0,768200.0,82111.0
Wednesday,Ingleside,5,94112.0,4,79407.0,23606.0,23081.0,21975.0,602400.0,71625.0
Wednesday,Ingleside,5,94127.0,1,19289.0,10895.0,7801.0,7511.0,916900.0,131351.0
Wednesday,Ingleside,5,94131.0,1,26881.0,12926.0,13427.0,12618.0,859700.0,96889.0
Wednesday,Ingleside,5,94134.0,7,40798.0,17001.0,11867.0,11244.0,547800.0,56716.0
Wednesday,Ingleside,6,94110.0,11,69333.0,29816.0,28913.0,27128.0,768200.0,82111.0
Wednesday,Ingleside,6,94112.0,16,79407.0,23606.0,23081.0,21975.0,602400.0,71625.0
Wednesday,Ingleside,6,94127.0,3,19289.0,10895.0,7801.0,7511.0,916900.0,131351.0
Wednesday,Ingleside,6,94131.0,5,26881.0,12926.0,13427.0,12618.0,859700.0,96889.0
Wednesday,Ingleside,6,94134.0,8,40798.0,17001.0,11867.0,11244.0,547800.0,56716.0
Wednesday,Ingleside,7,94110.0,12,69333.0,29816.0,28913.0,27128.0,768200.0,82111.0
Wednesday,Ingleside,7,94112.0,11,79407.0,23606.0,23081.0,21975.0,602400.0,71625.0
Wednesday,Ingleside,7,94131.0,8,26881.0,12926.0,13427.0,12618.0,859700.0,96889.0
Wednesday,Ingleside,7,94132.0,5,28129.0,9045.0,10769.0,9993.0,733100.0,69223.0
Wednesday,Ingleside,7,94134.0,15,40798.0,17001.0,11867.0,11244.0,547800.0,56716.0
Wednesday,Ingleside,8,94103.0,3,27170.0,20036.0,14778.0,13098.0,628000.0,43364.0
Wednesday,Ingleside,8,94108.0,1,13768.0,50983.0,8843.0,7628.0,856900.0,35427.0
Wednesday,Ingleside,8,94110.0,14,69333.0,29816.0,28913.0,27128.0,768200.0,82111.0
Wednesday,Ingleside,8,94112.0,26,79407.0,23606.0,23081.0,21975.0,602400.0,71625.0
Wednesday,Ingleside,8,94127.0,3,19289.0,10895.0,7801.0,7511.0,916900.0,131351.0
Wednesday,Ingleside,8,94131.0,1,26881.0,12926.0,13427.0,12618.0,859700.0,96889.0
Wednesday,Ingleside,8,94134.0,16,40798.0,17001.0,11867.0,11244.0,547800.0,56716.0
Wednesday,Ingleside,9,94103.0,1,27170.0,20036.0,14778.0,13098.0,628000.0,43364.0
Wednesday,Ingleside,9,94108.0,3,13768.0,50983.0,8843.0,7628.0,856900.0,35427.0
Wednesday,Ingleside,9,94110.0,19,69333.0,29816.0,28913.0,27128.0,768200.0,82111.0
Wednesday,Ingleside,9,94112.0,26,79407.0,23606.0,23081.0,21975.0,602400.0,71625.0
Wednesday,Ingleside,9,94114.0,1,31124.0,21837.0,17634.0,16281.0,1000001.0,114689.0
Wednesday,Ingleside,9,94127.0,7,19289.0,10895.0,7801.0,7511.0,916900.0,131351.0
Wednesday,Ingleside,9,94131.0,7,26881.0,12926.0,13427.0,12618.0,859700.0,96889.0
Wednesday,Ingleside,9,94134.0,12,40798.0,17001.0,11867.0,11244.0,547800.0,56716.0
Wednesday,Ingleside,10,94103.0,1,27170.0,20036.0,14778.0,13098.0,628000.0,43364.0
Wednesday,Ingleside,10,94107.0,1,26599.0,14845.0,15141.0,13736.0,719700.0,114439.0
Wednesday,Ingleside,10,94110.0,13,69333.0,29816.0,28913.0,27128.0,768200.0,82111.0
Wednesday,Ingleside,10,94112.0,28,79407.0,23606.0,23081.0,21975.0,602400.0,71625.0
Wednesday,Ingleside,10,94127.0,10,19289.0,10895.0,7801.0,7511.0,916900.0,131351.0
Wednesday,Ingleside,10,94131.0,5,26881.0,12926.0,13427.0,12618.0,859700.0,96889.0
Wednesday,Ingleside,10,94134.0,18,40798.0,17001.0,11867.0,11244.0,547800.0,56716.0
Wednesday,Ingleside,11,94103.0,1,27170.0,20036.0,14778.0,13098.0,628000.0,43364.0
Wednesday,Ingleside,11,94109.0,1,55984.0,47129.0,37182.0,33342.0,723200.0,60722.0
Wednesday,Ingleside,11,94110.0,13,69333.0,29816.0,28913.0,27128.0,768200.0,82111.0
Wednesday,Ingleside,11,94112.0,32,79407.0,23606.0,23081.0,21975.0,602400.0,71625.0
Wednesday,Ingleside,11,94127.0,2,19289.0,10895.0,7801.0,7511.0,916900.0,131351.0
Wednesday,Ingleside,11,94131.0,5,26881.0,12926.0,13427.0,12618.0,859700.0,96889.0
Wednesday,Ingleside,11,94134.0,14,40798.0,17001.0,11867.0,11244.0,547800.0,56716.0
Wednesday,Ingleside,12,94103.0,2,27170.0,20036.0,14778.0,13098.0,628000.0,43364.0
Wednesday,Ingleside,12,94110.0,24,69333.0,29816.0,28913.0,27128.0,768200.0,82111.0
Wednesday,Ingleside,12,94112.0,54,79407.0,23606.0,23081.0,21975.0,602400.0,71625.0
Wednesday,Ingleside,12,94127.0,18,19289.0,10895.0,7801.0,7511.0,916900.0,131351.0
Wednesday,Ingleside,12,94131.0,6,26881.0,12926.0,13427.0,12618.0,859700.0,96889.0
Wednesday,Ingleside,12,94132.0,1,28129.0,9045.0,10769.0,9993.0,733100.0,69223.0
Wednesday,Ingleside,12,94134.0,24,40798.0,17001.0,11867.0,11244.0,547800.0,56716.0
Wednesday,Ingleside,13,94103.0,2,27170.0,20036.0,14778.0,13098.0,628000.0,43364.0
Wednesday,Ingleside,13,94110.0,15,69333.0,29816.0,28913.0,27128.0,768200.0,82111.0
Wednesday,Ingleside,13,94112.0,37,79407.0,23606.0,23081.0,21975.0,602400.0,71625.0
Wednesday,Ingleside,13,94127.0,9,19289.0,10895.0,7801.0,7511.0,916900.0,131351.0
Wednesday,Ingleside,13,94131.0,7,26881.0,12926.0,13427.0,12618.0,859700.0,96889.0
Wednesday,Ingleside,13,94134.0,23,40798.0,17001.0,11867.0,11244.0,547800.0,56716.0
Wednesday,Ingleside,14,94110.0,24,69333.0,29816.0,28913.0,27128.0,768200.0,82111.0
Wednesday,Ingleside,14,94112.0,43,79407.0,23606.0,23081.0,21975.0,602400.0,71625.0
Wednesday,Ingleside,14,94127.0,2,19289.0,10895.0,7801.0,7511.0,916900.0,131351.0
Wednesday,Ingleside,14,94131.0,8,26881.0,12926.0,13427.0,12618.0,859700.0,96889.0
Wednesday,Ingleside,14,94132.0,3,28129.0,9045.0,10769.0,9993.0,733100.0,69223.0
Wednesday,Ingleside,14,94134.0,26,40798.0,17001.0,11867.0,11244.0,547800.0,56716.0
Wednesday,Ingleside,15,94110.0,30,69333.0,29816.0,28913.0,27128.0,768200.0,82111.0
Wednesday,Ingleside,15,94112.0,47,79407.0,23606.0,23081.0,21975.0,602400.0,71625.0
Wednesday,Ingleside,15,94122.0,3,56023.0,23699.0,23633.0,22162.0,774500.0,81768.0
Wednesday,Ingleside,15,94127.0,4,19289.0,10895.0,7801.0,7511.0,916900.0,131351.0
Wednesday,Ingleside,15,94131.0,6,26881.0,12926.0,13427.0,12618.0,859700.0,96889.0
Wednesday,Ingleside,15,94134.0,18,40798.0,17001.0,11867.0,11244.0,547800.0,56716.0
Wednesday,Ingleside,16,94110.0,33,69333.0,29816.0,28913.0,27128.0,768200.0,82111.0
Wednesday,Ingleside,16,94112.0,44,79407.0,23606.0,23081.0,21975.0,602400.0,71625.0
Wednesday,Ingleside,16,94124.0,2,33996.0,6901.0,10812.0,9717.0,470400.0,50146.0
Wednesday,Ingleside,16,94127.0,7,19289.0,10895.0,7801.0,7511.0,916900.0,131351.0
Wednesday,Ingleside,16,94131.0,3,26881.0,12926.0,13427.0,12618.0,859700.0,96889.0
Wednesday,Ingleside,16,94134.0,17,40798.0,17001.0,11867.0,11244.0,547800.0,56716.0
Wednesday,Ingleside,17,94110.0,24,69333.0,29816.0,28913.0,27128.0,768200.0,82111.0
Wednesday,Ingleside,17,94112.0,54,79407.0,23606.0,23081.0,21975.0,602400.0,71625.0
Wednesday,Ingleside,17,94127.0,6,19289.0,10895.0,7801.0,7511.0,916900.0,131351.0
Wednesday,Ingleside,17,94131.0,10,26881.0,12926.0,13427.0,12618.0,859700.0,96889.0
Wednesday,Ingleside,17,94132.0,2,28129.0,9045.0,10769.0,9993.0,733100.0,69223.0
Wednesday,Ingleside,17,94134.0,23,40798.0,17001.0,11867.0,11244.0,547800.0,56716.0
Wednesday,Ingleside,18,94110.0,29,69333.0,29816.0,28913.0,27128.0,768200.0,82111.0
Wednesday,Ingleside,18,94112.0,61,79407.0,23606.0,23081.0,21975.0,602400.0,71625.0
Wednesday,Ingleside,18,94127.0,8,19289.0,10895.0,7801.0,7511.0,916900.0,131351.0
Wednesday,Ingleside,18,94131.0,6,26881.0,12926.0,13427.0,12618.0,859700.0,96889.0
Wednesday,Ingleside,18,94134.0,16,40798.0,17001.0,11867.0,11244.0,547800.0,56716.0
Wednesday,Ingleside,19,94110.0,15,69333.0,29816.0,28913.0,27128.0,768200.0,82111.0
Wednesday,Ingleside,19,94112.0,36,79407.0,23606.0,23081.0,21975.0,602400.0,71625.0
Wednesday,Ingleside,19,94127.0,11,19289.0,10895.0,7801.0,7511.0,916900.0,131351.0
Wednesday,Ingleside,19,94131.0,4,26881.0,12926.0,13427.0,12618.0,859700.0,96889.0
Wednesday,Ingleside,19,94134.0,12,40798.0,17001.0,11867.0,11244.0,547800.0,56716.0
Wednesday,Ingleside,20,94110.0,27,69333.0,29816.0,28913.0,27128.0,768200.0,82111.0
Wednesday,Ingleside,20,94112.0,44,79407.0,23606.0,23081.0,21975.0,602400.0,71625.0
Wednesday,Ingleside,20,94127.0,2,19289.0,10895.0,7801.0,7511.0,916900.0,131351.0
Wednesday,Ingleside,20,94131.0,6,26881.0,12926.0,13427.0,12618.0,859700.0,96889.0
Wednesday,Ingleside,20,94134.0,27,40798.0,17001.0,11867.0,11244.0,547800.0,56716.0
Wednesday,Ingleside,21,94110.0,19,69333.0,29816.0,28913.0,27128.0,768200.0,82111.0
Wednesday,Ingleside,21,94112.0,27,79407.0,23606.0,23081.0,21975.0,602400.0,71625.0
Wednesday,Ingleside,21,94127.0,2,19289.0,10895.0,7801.0,7511.0,916900.0,131351.0
Wednesday,Ingleside,21,94131.0,13,26881.0,12926.0,13427.0,12618.0,859700.0,96889.0
Wednesday,Ingleside,21,94134.0,17,40798.0,17001.0,11867.0,11244.0,547800.0,56716.0
Wednesday,Ingleside,22,94110.0,25,69333.0,29816.0,28913.0,27128.0,768200.0,82111.0
Wednesday,Ingleside,22,94112.0,31,79407.0,23606.0,23081.0,21975.0,602400.0,71625.0
Wednesday,Ingleside,22,94127.0,1,19289.0,10895.0,7801.0,7511.0,916900.0,131351.0
Wednesday,Ingleside,22,94131.0,2,26881.0,12926.0,13427.0,12618.0,859700.0,96889.0
Wednesday,Ingleside,22,94134.0,19,40798.0,17001.0,11867.0,11244.0,547800.0,56716.0
Wednesday,Ingleside,23,94110.0,10,69333.0,29816.0,28913.0,27128.0,768200.0,82111.0
Wednesday,Ingleside,23,94112.0,18,79407.0,23606.0,23081.0,21975.0,602400.0,71625.0
Wednesday,Ingleside,23,94127.0,2,19289.0,10895.0,7801.0,7511.0,916900.0,131351.0
Wednesday,Ingleside,23,94131.0,5,26881.0,12926.0,13427.0,12618.0,859700.0,96889.0
Wednesday,Ingleside,23,94134.0,4,40798.0,17001.0,11867.0,11244.0,547800.0,56716.0
Wednesday,Mission,0,94102.0,16,31176.0,46472.0,18758.0,16844.0,574100.0,22517.0
Wednesday,Mission,0,94103.0,6,27170.0,20036.0,14778.0,13098.0,628000.0,43364.0
Wednesday,Mission,0,94104.0,1,406.0,5232.0,368.0,207.0,1000001.0,48750.0
Wednesday,Mission,0,94110.0,71,69333.0,29816.0,28913.0,27128.0,768200.0,82111.0
Wednesday,Mission,0,94114.0,22,31124.0,21837.0,17634.0,16281.0,1000001.0,114689.0
Wednesday,Mission,0,94116.0,1,43698.0,16901.0,16283.0,15445.0,734400.0,83407.0
Wednesday,Mission,0,94117.0,9,39169.0,23211.0,19255.0,17939.0,911500.0,94479.0
Wednesday,Mission,0,94131.0,5,26881.0,12926.0,13427.0,12618.0,859700.0,96889.0
Wednesday,Mission,0,94158.0,4,4792.0,7288.0,2482.0,2271.0,643900.0,82195.0
Wednesday,Mission,1,94102.0,6,31176.0,46472.0,18758.0,16844.0,574100.0,22517.0
Wednesday,Mission,1,94103.0,1,27170.0,20036.0,14778.0,13098.0,628000.0,43364.0
Wednesday,Mission,1,94110.0,46,69333.0,29816.0,28913.0,27128.0,768200.0,82111.0
Wednesday,Mission,1,94114.0,24,31124.0,21837.0,17634.0,16281.0,1000001.0,114689.0
Wednesday,Mission,1,94117.0,5,39169.0,23211.0,19255.0,17939.0,911500.0,94479.0
Wednesday,Mission,1,94131.0,1,26881.0,12926.0,13427.0,12618.0,859700.0,96889.0
Wednesday,Mission,1,94158.0,2,4792.0,7288.0,2482.0,2271.0,643900.0,82195.0
Wednesday,Mission,2,94102.0,11,31176.0,46472.0,18758.0,16844.0,574100.0,22517.0
Wednesday,Mission,2,94110.0,39,69333.0,29816.0,28913.0,27128.0,768200.0,82111.0
Wednesday,Mission,2,94114.0,12,31124.0,21837.0,17634.0,16281.0,1000001.0,114689.0
Wednesday,Mission,2,94131.0,2,26881.0,12926.0,13427.0,12618.0,859700.0,96889.0
Wednesday,Mission,2,94158.0,2,4792.0,7288.0,2482.0,2271.0,643900.0,82195.0
Wednesday,Mission,3,94102.0,4,31176.0,46472.0,18758.0,16844.0,574100.0,22517.0
Wednesday,Mission,3,94103.0,5,27170.0,20036.0,14778.0,13098.0,628000.0,43364.0
Wednesday,Mission,3,94110.0,37,69333.0,29816.0,28913.0,27128.0,768200.0,82111.0
Wednesday,Mission,3,94114.0,12,31124.0,21837.0,17634.0,16281.0,1000001.0,114689.0
Wednesday,Mission,3,94117.0,5,39169.0,23211.0,19255.0,17939.0,911500.0,94479.0
Wednesday,Mission,3,94158.0,1,4792.0,7288.0,2482.0,2271.0,643900.0,82195.0
Wednesday,Mission,4,94102.0,8,31176.0,46472.0,18758.0,16844.0,574100.0,22517.0
Wednesday,Mission,4,94103.0,1,27170.0,20036.0,14778.0,13098.0,628000.0,43364.0
Wednesday,Mission,4,94110.0,25,69333.0,29816.0,28913.0,27128.0,768200.0,82111.0
Wednesday,Mission,4,94114.0,8,31124.0,21837.0,17634.0,16281.0,1000001.0,114689.0
Wednesday,Mission,5,94102.0,10,31176.0,46472.0,18758.0,16844.0,574100.0,22517.0
Wednesday,Mission,5,94103.0,5,27170.0,20036.0,14778.0,13098.0,628000.0,43364.0
Wednesday,Mission,5,94110.0,27,69333.0,29816.0,28913.0,27128.0,768200.0,82111.0
Wednesday,Mission,5,94114.0,2,31124.0,21837.0,17634.0,16281.0,1000001.0,114689.0
Wednesday,Mission,5,94117.0,1,39169.0,23211.0,19255.0,17939.0,911500.0,94479.0
Wednesday,Mission,5,94131.0,2,26881.0,12926.0,13427.0,12618.0,859700.0,96889.0
Wednesday,Mission,5,94158.0,2,4792.0,7288.0,2482.0,2271.0,643900.0,82195.0
Wednesday,Mission,6,94102.0,8,31176.0,46472.0,18758.0,16844.0,574100.0,22517.0
Wednesday,Mission,6,94103.0,6,27170.0,20036.0,14778.0,13098.0,628000.0,43364.0
Wednesday,Mission,6,94110.0,36,69333.0,29816.0,28913.0,27128.0,768200.0,82111.0
Wednesday,Mission,6,94114.0,7,31124.0,21837.0,17634.0,16281.0,1000001.0,114689.0
Wednesday,Mission,6,94117.0,1,39169.0,23211.0,19255.0,17939.0,911500.0,94479.0
Wednesday,Mission,6,94124.0,1,33996.0,6901.0,10812.0,9717.0,470400.0,50146.0
Wednesday,Mission,6,94158.0,5,4792.0,7288.0,2482.0,2271.0,643900.0,82195.0
Wednesday,Mission,7,94102.0,5,31176.0,46472.0,18758.0,16844.0,574100.0,22517.0
Wednesday,Mission,7,94103.0,6,27170.0,20036.0,14778.0,13098.0,628000.0,43364.0
Wednesday,Mission,7,94110.0,46,69333.0,29816.0,28913.0,27128.0,768200.0,82111.0
Wednesday,Mission,7,94114.0,24,31124.0,21837.0,17634.0,16281.0,1000001.0,114689.0
Wednesday,Mission,7,94117.0,5,39169.0,23211.0,19255.0,17939.0,911500.0,94479.0
Wednesday,Mission,7,94131.0,1,26881.0,12926.0,13427.0,12618.0,859700.0,96889.0
Wednesday,Mission,7,94158.0,5,4792.0,7288.0,2482.0,2271.0,643900.0,82195.0
Wednesday,Mission,8,94102.0,15,31176.0,46472.0,18758.0,16844.0,574100.0,22517.0
Wednesday,Mission,8,94103.0,13,27170.0,20036.0,14778.0,13098.0,628000.0,43364.0
Wednesday,Mission,8,94110.0,55,69333.0,29816.0,28913.0,27128.0,768200.0,82111.0
Wednesday,Mission,8,94114.0,19,31124.0,21837.0,17634.0,16281.0,1000001.0,114689.0
Wednesday,Mission,8,94117.0,1,39169.0,23211.0,19255.0,17939.0,911500.0,94479.0
Wednesday,Mission,8,94131.0,1,26881.0,12926.0,13427.0,12618.0,859700.0,96889.0
Wednesday,Mission,8,94134.0,1,40798.0,17001.0,11867.0,11244.0,547800.0,56716.0
Wednesday,Mission,9,94102.0,19,31176.0,46472.0,18758.0,16844.0,574100.0,22517.0
Wednesday,Mission,9,94103.0,9,27170.0,20036.0,14778.0,13098.0,628000.0,43364.0
Wednesday,Mission,9,94110.0,52,69333.0,29816.0,28913.0,27128.0,768200.0,82111.0
Wednesday,Mission,9,94114.0,22,31124.0,21837.0,17634.0,16281.0,1000001.0,114689.0
Wednesday,Mission,9,94117.0,8,39169.0,23211.0,19255.0,17939.0,911500.0,94479.0
Wednesday,Mission,9,94131.0,5,26881.0,12926.0,13427.0,12618.0,859700.0,96889.0
Wednesday,Mission,9,94158.0,9,4792.0,7288.0,2482.0,2271.0,643900.0,82195.0
Wednesday,Mission,10,94102.0,24,31176.0,46472.0,18758.0,16844.0,574100.0,22517.0
Wednesday,Mission,10,94103.0,8,27170.0,20036.0,14778.0,13098.0,628000.0,43364.0
Wednesday,Mission,10,94110.0,49,69333.0,29816.0,28913.0,27128.0,768200.0,82111.0
Wednesday,Mission,10,94114.0,17,31124.0,21837.0,17634.0,16281.0,1000001.0,114689.0
Wednesday,Mission,10,94117.0,3,39169.0,23211.0,19255.0,17939.0,911500.0,94479.0
Wednesday,Mission,10,94158.0,2,4792.0,7288.0,2482.0,2271.0,643900.0,82195.0
Wednesday,Mission,11,94102.0,31,31176.0,46472.0,18758.0,16844.0,574100.0,22517.0
Wednesday,Mission,11,94103.0,7,27170.0,20036.0,14778.0,13098.0,628000.0,43364.0
Wednesday,Mission,11,94110.0,63,69333.0,29816.0,28913.0,27128.0,768200.0,82111.0
Wednesday,Mission,11,94114.0,9,31124.0,21837.0,17634.0,16281.0,1000001.0,114689.0
Wednesday,Mission,11,94117.0,3,39169.0,23211.0,19255.0,17939.0,911500.0,94479.0
Wednesday,Mission,11,94131.0,4,26881.0,12926.0,13427.0,12618.0,859700.0,96889.0
Wednesday,Mission,11,94158.0,6,4792.0,7288.0,2482.0,2271.0,643900.0,82195.0
Wednesday,Mission,12,94102.0,46,31176.0,46472.0,18758.0,16844.0,574100.0,22517.0
Wednesday,Mission,12,94103.0,12,27170.0,20036.0,14778.0,13098.0,628000.0,43364.0
Wednesday,Mission,12,94105.0,1,5846.0,15826.0,4601.0,3586.0,740900.0,163949.0
Wednesday,Mission,12,94110.0,101,69333.0,29816.0,28913.0,27128.0,768200.0,82111.0
Wednesday,Mission,12,94114.0,24,31124.0,21837.0,17634.0,16281.0,1000001.0,114689.0
Wednesday,Mission,12,94117.0,11,39169.0,23211.0,19255.0,17939.0,911500.0,94479.0
Wednesday,Mission,12,94131.0,4,26881.0,12926.0,13427.0,12618.0,859700.0,96889.0
Wednesday,Mission,12,94158.0,7,4792.0,7288.0,2482.0,2271.0,643900.0,82195.0
Wednesday,Mission,13,94102.0,58,31176.0,46472.0,18758.0,16844.0,574100.0,22517.0
Wednesday,Mission,13,94103.0,11,27170.0,20036.0,14778.0,13098.0,628000.0,43364.0
Wednesday,Mission,13,94110.0,70,69333.0,29816.0,28913.0,27128.0,768200.0,82111.0
Wednesday,Mission,13,94114.0,20,31124.0,21837.0,17634.0,16281.0,1000001.0,114689.0
Wednesday,Mission,13,94117.0,5,39169.0,23211.0,19255.0,17939.0,911500.0,94479.0
Wednesday,Mission,13,94131.0,6,26881.0,12926.0,13427.0,12618.0,859700.0,96889.0
Wednesday,Mission,13,94158.0,2,4792.0,7288.0,2482.0,2271.0,643900.0,82195.0
Wednesday,Mission,14,94102.0,27,31176.0,46472.0,18758.0,16844.0,574100.0,22517.0
Wednesday,Mission,14,94103.0,3,27170.0,20036.0,14778.0,13098.0,628000.0,43364.0
Wednesday,Mission,14,94110.0,99,69333.0,29816.0,28913.0,27128.0,768200.0,82111.0
Wednesday,Mission,14,94114.0,14,31124.0,21837.0,17634.0,16281.0,1000001.0,114689.0
Wednesday,Mission,14,94117.0,5,39169.0,23211.0,19255.0,17939.0,911500.0,94479.0
Wednesday,Mission,14,94131.0,2,26881.0,12926.0,13427.0,12618.0,859700.0,96889.0
Wednesday,Mission,14,94158.0,3,4792.0,7288.0,2482.0,2271.0,643900.0,82195.0
Wednesday,Mission,15,94102.0,36,31176.0,46472.0,18758.0,16844.0,574100.0,22517.0
Wednesday,Mission,15,94103.0,12,27170.0,20036.0,14778.0,13098.0,628000.0,43364.0
Wednesday,Mission,15,94110.0,88,69333.0,29816.0,28913.0,27128.0,768200.0,82111.0
Wednesday,Mission,15,94114.0,24,31124.0,21837.0,17634.0,16281.0,1000001.0,114689.0
Wednesday,Mission,15,94117.0,7,39169.0,23211.0,19255.0,17939.0,911500.0,94479.0
Wednesday,Mission,15,94131.0,4,26881.0,12926.0,13427.0,12618.0,859700.0,96889.0
Wednesday,Mission,15,94158.0,5,4792.0,7288.0,2482.0,2271.0,643900.0,82195.0
Wednesday,Mission,16,94102.0,33,31176.0,46472.0,18758.0,16844.0,574100.0,22517.0
Wednesday,Mission,16,94103.0,5,27170.0,20036.0,14778.0,13098.0,628000.0,43364.0
Wednesday,Mission,16,94105.0,3,5846.0,15826.0,4601.0,3586.0,740900.0,163949.0
Wednesday,Mission,16,94110.0,73,69333.0,29816.0,28913.0,27128.0,768200.0,82111.0
Wednesday,Mission,16,94114.0,29,31124.0,21837.0,17634.0,16281.0,1000001.0,114689.0
Wednesday,Mission,16,94116.0,1,43698.0,16901.0,16283.0,15445.0,734400.0,83407.0
Wednesday,Mission,16,94117.0,10,39169.0,23211.0,19255.0,17939.0,911500.0,94479.0
Wednesday,Mission,16,94131.0,3,26881.0,12926.0,13427.0,12618.0,859700.0,96889.0
Wednesday,Mission,16,94158.0,8,4792.0,7288.0,2482.0,2271.0,643900.0,82195.0
Wednesday,Mission,17,94102.0,37,31176.0,46472.0,18758.0,16844.0,574100.0,22517.0
Wednesday,Mission,17,94103.0,16,27170.0,20036.0,14778.0,13098.0,628000.0,43364.0
Wednesday,Mission,17,94110.0,111,69333.0,29816.0,28913.0,27128.0,768200.0,82111.0
Wednesday,Mission,17,94114.0,19,31124.0,21837.0,17634.0,16281.0,1000001.0,114689.0
Wednesday,Mission,17,94117.0,8,39169.0,23211.0,19255.0,17939.0,911500.0,94479.0
Wednesday,Mission,17,94131.0,7,26881.0,12926.0,13427.0,12618.0,859700.0,96889.0
Wednesday,Mission,17,94158.0,4,4792.0,7288.0,2482.0,2271.0,643900.0,82195.0
Wednesday,Mission,18,94102.0,37,31176.0,46472.0,18758.0,16844.0,574100.0,22517.0
Wednesday,Mission,18,94103.0,11,27170.0,20036.0,14778.0,13098.0,628000.0,43364.0
Wednesday,Mission,18,94105.0,1,5846.0,15826.0,4601.0,3586.0,740900.0,163949.0
Wednesday,Mission,18,94110.0,71,69333.0,29816.0,28913.0,27128.0,768200.0,82111.0
Wednesday,Mission,18,94114.0,23,31124.0,21837.0,17634.0,16281.0,1000001.0,114689.0
Wednesday,Mission,18,94117.0,10,39169.0,23211.0,19255.0,17939.0,911500.0,94479.0
Wednesday,Mission,18,94131.0,1,26881.0,12926.0,13427.0,12618.0,859700.0,96889.0
Wednesday,Mission,18,94158.0,3,4792.0,7288.0,2482.0,2271.0,643900.0,82195.0
Wednesday,Mission,19,94102.0,37,31176.0,46472.0,18758.0,16844.0,574100.0,22517.0
Wednesday,Mission,19,94103.0,10,27170.0,20036.0,14778.0,13098.0,628000.0,43364.0
Wednesday,Mission,19,94110.0,93,69333.0,29816.0,28913.0,27128.0,768200.0,82111.0
Wednesday,Mission,19,94114.0,16,31124.0,21837.0,17634.0,16281.0,1000001.0,114689.0
Wednesday,Mission,19,94117.0,12,39169.0,23211.0,19255.0,17939.0,911500.0,94479.0
Wednesday,Mission,19,94124.0,1,33996.0,6901.0,10812.0,9717.0,470400.0,50146.0
Wednesday,Mission,19,94131.0,10,26881.0,12926.0,13427.0,12618.0,859700.0,96889.0
Wednesday,Mission,19,94158.0,5,4792.0,7288.0,2482.0,2271.0,643900.0,82195.0
Wednesday,Mission,20,94102.0,39,31176.0,46472.0,18758.0,16844.0,574100.0,22517.0
Wednesday,Mission,20,94103.0,5,27170.0,20036.0,14778.0,13098.0,628000.0,43364.0
Wednesday,Mission,20,94110.0,90,69333.0,29816.0,28913.0,27128.0,768200.0,82111.0
Wednesday,Mission,20,94114.0,24,31124.0,21837.0,17634.0,16281.0,1000001.0,114689.0
Wednesday,Mission,20,94117.0,6,39169.0,23211.0,19255.0,17939.0,911500.0,94479.0
Wednesday,Mission,20,94131.0,2,26881.0,12926.0,13427.0,12618.0,859700.0,96889.0
Wednesday,Mission,20,94158.0,5,4792.0,7288.0,2482.0,2271.0,643900.0,82195.0
Wednesday,Mission,21,94102.0,21,31176.0,46472.0,18758.0,16844.0,574100.0,22517.0
Wednesday,Mission,21,94103.0,7,27170.0,20036.0,14778.0,13098.0,628000.0,43364.0
Wednesday,Mission,21,94110.0,86,69333.0,29816.0,28913.0,27128.0,768200.0,82111.0
Wednesday,Mission,21,94114.0,28,31124.0,21837.0,17634.0,16281.0,1000001.0,114689.0
Wednesday,Mission,21,94117.0,8,39169.0,23211.0,19255.0,17939.0,911500.0,94479.0
Wednesday,Mission,21,94122.0,1,56023.0,23699.0,23633.0,22162.0,774500.0,81768.0
Wednesday,Mission,21,94131.0,6,26881.0,12926.0,13427.0,12618.0,859700.0,96889.0
Wednesday,Mission,21,94158.0,2,4792.0,7288.0,2482.0,2271.0,643900.0,82195.0
Wednesday,Mission,22,94102.0,17,31176.0,46472.0,18758.0,16844.0,574100.0,22517.0
Wednesday,Mission,22,94103.0,3,27170.0,20036.0,14778.0,13098.0,628000.0,43364.0
Wednesday,Mission,22,94110.0,88,69333.0,29816.0,28913.0,27128.0,768200.0,82111.0
Wednesday,Mission,22,94114.0,22,31124.0,21837.0,17634.0,16281.0,1000001.0,114689.0
Wednesday,Mission,22,94117.0,1,39169.0,23211.0,19255.0,17939.0,911500.0,94479.0
Wednesday,Mission,22,94131.0,5,26881.0,12926.0,13427.0,12618.0,859700.0,96889.0
Wednesday,Mission,22,94158.0,6,4792.0,7288.0,2482.0,2271.0,643900.0,82195.0
Wednesday,Mission,23,94102.0,15,31176.0,46472.0,18758.0,16844.0,574100.0,22517.0
Wednesday,Mission,23,94103.0,2,27170.0,20036.0,14778.0,13098.0,628000.0,43364.0
Wednesday,Mission,23,94110.0,98,69333.0,29816.0,28913.0,27128.0,768200.0,82111.0
Wednesday,Mission,23,94114.0,21,31124.0,21837.0,17634.0,16281.0,1000001.0,114689.0
Wednesday,Mission,23,94117.0,5,39169.0,23211.0,19255.0,17939.0,911500.0,94479.0
Wednesday,Mission,23,94158.0,1,4792.0,7288.0,2482.0,2271.0,643900.0,82195.0
Wednesday,Northern,0,94102.0,30,31176.0,46472.0,18758.0,16844.0,574100.0,22517.0
Wednesday,Northern,0,94109.0,43,55984.0,47129.0,37182.0,33342.0,723200.0,60722.0
Wednesday,Northern,0,94110.0,2,69333.0,29816.0,28913.0,27128.0,768200.0,82111.0
Wednesday,Northern,0,94115.0,23,33021.0,29596.0,18884.0,17289.0,965800.0,76952.0
Wednesday,Northern,0,94117.0,16,39169.0,23211.0,19255.0,17939.0,911500.0,94479.0
Wednesday,Northern,0,94123.0,24,23088.0,22622.0,15083.0,13717.0,1000001.0,112650.0
Wednesday,Northern,1,94102.0,14,31176.0,46472.0,18758.0,16844.0,574100.0,22517.0
Wednesday,Northern,1,94109.0,12,55984.0,47129.0,37182.0,33342.0,723200.0,60722.0
Wednesday,Northern,1,94115.0,7,33021.0,29596.0,18884.0,17289.0,965800.0,76952.0
Wednesday,Northern,1,94117.0,4,39169.0,23211.0,19255.0,17939.0,911500.0,94479.0
Wednesday,Northern,1,94123.0,24,23088.0,22622.0,15083.0,13717.0,1000001.0,112650.0
Wednesday,Northern,2,94102.0,17,31176.0,46472.0,18758.0,16844.0,574100.0,22517.0
Wednesday,Northern,2,94109.0,26,55984.0,47129.0,37182.0,33342.0,723200.0,60722.0
Wednesday,Northern,2,94115.0,4,33021.0,29596.0,18884.0,17289.0,965800.0,76952.0
Wednesday,Northern,2,94117.0,2,39169.0,23211.0,19255.0,17939.0,911500.0,94479.0
Wednesday,Northern,2,94123.0,5,23088.0,22622.0,15083.0,13717.0,1000001.0,112650.0
Wednesday,Northern,3,94102.0,10,31176.0,46472.0,18758.0,16844.0,574100.0,22517.0
Wednesday,Northern,3,94109.0,15,55984.0,47129.0,37182.0,33342.0,723200.0,60722.0
Wednesday,Northern,3,94115.0,9,33021.0,29596.0,18884.0,17289.0,965800.0,76952.0
Wednesday,Northern,3,94123.0,5,23088.0,22622.0,15083.0,13717.0,1000001.0,112650.0
Wednesday,Northern,4,94102.0,7,31176.0,46472.0,18758.0,16844.0,574100.0,22517.0
Wednesday,Northern,4,94109.0,8,55984.0,47129.0,37182.0,33342.0,723200.0,60722.0
Wednesday,Northern,4,94115.0,2,33021.0,29596.0,18884.0,17289.0,965800.0,76952.0
Wednesday,Northern,4,94123.0,6,23088.0,22622.0,15083.0,13717.0,1000001.0,112650.0
Wednesday,Northern,5,94102.0,18,31176.0,46472.0,18758.0,16844.0,574100.0,22517.0
Wednesday,Northern,5,94109.0,5,55984.0,47129.0,37182.0,33342.0,723200.0,60722.0
Wednesday,Northern,5,94115.0,3,33021.0,29596.0,18884.0,17289.0,965800.0,76952.0
Wednesday,Northern,5,94117.0,4,39169.0,23211.0,19255.0,17939.0,911500.0,94479.0
Wednesday,Northern,5,94123.0,6,23088.0,22622.0,15083.0,13717.0,1000001.0,112650.0
Wednesday,Northern,6,94102.0,16,31176.0,46472.0,18758.0,16844.0,574100.0,22517.0
Wednesday,Northern,6,94109.0,13,55984.0,47129.0,37182.0,33342.0,723200.0,60722.0
Wednesday,Northern,6,94115.0,5,33021.0,29596.0,18884.0,17289.0,965800.0,76952.0
Wednesday,Northern,6,94117.0,5,39169.0,23211.0,19255.0,17939.0,911500.0,94479.0
Wednesday,Northern,6,94123.0,5,23088.0,22622.0,15083.0,13717.0,1000001.0,112650.0
Wednesday,Northern,7,94102.0,19,31176.0,46472.0,18758.0,16844.0,574100.0,22517.0
Wednesday,Northern,7,94109.0,25,55984.0,47129.0,37182.0,33342.0,723200.0,60722.0
Wednesday,Northern,7,94115.0,8,33021.0,29596.0,18884.0,17289.0,965800.0,76952.0
Wednesday,Northern,7,94117.0,6,39169.0,23211.0,19255.0,17939.0,911500.0,94479.0
Wednesday,Northern,7,94123.0,11,23088.0,22622.0,15083.0,13717.0,1000001.0,112650.0
Wednesday,Northern,8,94102.0,26,31176.0,46472.0,18758.0,16844.0,574100.0,22517.0
Wednesday,Northern,8,94108.0,1,13768.0,50983.0,8843.0,7628.0,856900.0,35427.0
Wednesday,Northern,8,94109.0,20,55984.0,47129.0,37182.0,33342.0,723200.0,60722.0
Wednesday,Northern,8,94111.0,1,3713.0,10791.0,2811.0,2365.0,882000.0,89722.0
Wednesday,Northern,8,94115.0,14,33021.0,29596.0,18884.0,17289.0,965800.0,76952.0
Wednesday,Northern,8,94117.0,2,39169.0,23211.0,19255.0,17939.0,911500.0,94479.0
Wednesday,Northern,8,94123.0,22,23088.0,22622.0,15083.0,13717.0,1000001.0,112650.0
Wednesday,Northern,9,94102.0,47,31176.0,46472.0,18758.0,16844.0,574100.0,22517.0
Wednesday,Northern,9,94109.0,27,55984.0,47129.0,37182.0,33342.0,723200.0,60722.0
Wednesday,Northern,9,94115.0,8,33021.0,29596.0,18884.0,17289.0,965800.0,76952.0
Wednesday,Northern,9,94117.0,9,39169.0,23211.0,19255.0,17939.0,911500.0,94479.0
Wednesday,Northern,9,94118.0,1,38319.0,19663.0,18633.0,17171.0,1000001.0,82857.0
Wednesday,Northern,9,94123.0,17,23088.0,22622.0,15083.0,13717.0,1000001.0,112650.0
Wednesday,Northern,10,94102.0,28,31176.0,46472.0,18758.0,16844.0,574100.0,22517.0
Wednesday,Northern,10,94103.0,5,27170.0,20036.0,14778.0,13098.0,628000.0,43364.0
Wednesday,Northern,10,94109.0,40,55984.0,47129.0,37182.0,33342.0,723200.0,60722.0
Wednesday,Northern,10,94111.0,1,3713.0,10791.0,2811.0,2365.0,882000.0,89722.0
Wednesday,Northern,10,94115.0,18,33021.0,29596.0,18884.0,17289.0,965800.0,76952.0
Wednesday,Northern,10,94117.0,15,39169.0,23211.0,19255.0,17939.0,911500.0,94479.0
Wednesday,Northern,10,94123.0,31,23088.0,22622.0,15083.0,13717.0,1000001.0,112650.0
Wednesday,Northern,11,94102.0,43,31176.0,46472.0,18758.0,16844.0,574100.0,22517.0
Wednesday,Northern,11,94109.0,31,55984.0,47129.0,37182.0,33342.0,723200.0,60722.0
Wednesday,Northern,11,94115.0,25,33021.0,29596.0,18884.0,17289.0,965800.0,76952.0
Wednesday,Northern,11,94117.0,23,39169.0,23211.0,19255.0,17939.0,911500.0,94479.0
Wednesday,Northern,11,94123.0,18,23088.0,22622.0,15083.0,13717.0,1000001.0,112650.0
Wednesday,Northern,12,94102.0,51,31176.0,46472.0,18758.0,16844.0,574100.0,22517.0
Wednesday,Northern,12,94103.0,1,27170.0,20036.0,14778.0,13098.0,628000.0,43364.0
Wednesday,Northern,12,94104.0,1,406.0,5232.0,368.0,207.0,1000001.0,48750.0
Wednesday,Northern,12,94109.0,38,55984.0,47129.0,37182.0,33342.0,723200.0,60722.0
Wednesday,Northern,12,94115.0,28,33021.0,29596.0,18884.0,17289.0,965800.0,76952.0
Wednesday,Northern,12,94117.0,20,39169.0,23211.0,19255.0,17939.0,911500.0,94479.0
Wednesday,Northern,12,94123.0,24,23088.0,22622.0,15083.0,13717.0,1000001.0,112650.0
Wednesday,Northern,13,94102.0,44,31176.0,46472.0,18758.0,16844.0,574100.0,22517.0
Wednesday,Northern,13,94103.0,1,27170.0,20036.0,14778.0,13098.0,628000.0,43364.0
Wednesday,Northern,13,94104.0,1,406.0,5232.0,368.0,207.0,1000001.0,48750.0
Wednesday,Northern,13,94105.0,1,5846.0,15826.0,4601.0,3586.0,740900.0,163949.0
Wednesday,Northern,13,94108.0,1,13768.0,50983.0,8843.0,7628.0,856900.0,35427.0
Wednesday,Northern,13,94109.0,22,55984.0,47129.0,37182.0,33342.0,723200.0,60722.0
Wednesday,Northern,13,94115.0,17,33021.0,29596.0,18884.0,17289.0,965800.0,76952.0
Wednesday,Northern,13,94117.0,15,39169.0,23211.0,19255.0,17939.0,911500.0,94479.0
Wednesday,Northern,13,94123.0,18,23088.0,22622.0,15083.0,13717.0,1000001.0,112650.0
Wednesday,Northern,13,94129.0,1,3183.0,1381.0,1132.0,1086.0,,143320.0
Wednesday,Northern,14,94102.0,40,31176.0,46472.0,18758.0,16844.0,574100.0,22517.0
Wednesday,Northern,14,94109.0,20,55984.0,47129.0,37182.0,33342.0,723200.0,60722.0
Wednesday,Northern,14,94115.0,23,33021.0,29596.0,18884.0,17289.0,965800.0,76952.0
Wednesday,Northern,14,94117.0,15,39169.0,23211.0,19255.0,17939.0,911500.0,94479.0
Wednesday,Northern,14,94123.0,10,23088.0,22622.0,15083.0,13717.0,1000001.0,112650.0
Wednesday,Northern,14,94158.0,1,4792.0,7288.0,2482.0,2271.0,643900.0,82195.0
Wednesday,Northern,15,94102.0,59,31176.0,46472.0,18758.0,16844.0,574100.0,22517.0
Wednesday,Northern,15,94109.0,24,55984.0,47129.0,37182.0,33342.0,723200.0,60722.0
Wednesday,Northern,15,94115.0,22,33021.0,29596.0,18884.0,17289.0,965800.0,76952.0
Wednesday,Northern,15,94117.0,15,39169.0,23211.0,19255.0,17939.0,911500.0,94479.0
Wednesday,Northern,15,94123.0,14,23088.0,22622.0,15083.0,13717.0,1000001.0,112650.0
Wednesday,Northern,15,94129.0,1,3183.0,1381.0,1132.0,1086.0,,143320.0
Wednesday,Northern,16,94102.0,58,31176.0,46472.0,18758.0,16844.0,574100.0,22517.0
Wednesday,Northern,16,94109.0,32,55984.0,47129.0,37182.0,33342.0,723200.0,60722.0
Wednesday,Northern,16,94115.0,32,33021.0,29596.0,18884.0,17289.0,965800.0,76952.0
Wednesday,Northern,16,94117.0,13,39169.0,23211.0,19255.0,17939.0,911500.0,94479.0
Wednesday,Northern,16,94123.0,23,23088.0,22622.0,15083.0,13717.0,1000001.0,112650.0
Wednesday,Northern,17,94102.0,49,31176.0,46472.0,18758.0,16844.0,574100.0,22517.0
Wednesday,Northern,17,94109.0,35,55984.0,47129.0,37182.0,33342.0,723200.0,60722.0
Wednesday,Northern,17,94111.0,3,3713.0,10791.0,2811.0,2365.0,882000.0,89722.0
Wednesday,Northern,17,94115.0,39,33021.0,29596.0,18884.0,17289.0,965800.0,76952.0
Wednesday,Northern,17,94117.0,21,39169.0,23211.0,19255.0,17939.0,911500.0,94479.0
Wednesday,Northern,17,94122.0,1,56023.0,23699.0,23633.0,22162.0,774500.0,81768.0
Wednesday,Northern,17,94123.0,18,23088.0,22622.0,15083.0,13717.0,1000001.0,112650.0
Wednesday,Northern,17,94132.0,1,28129.0,9045.0,10769.0,9993.0,733100.0,69223.0
Wednesday,Northern,18,94102.0,64,31176.0,46472.0,18758.0,16844.0,574100.0,22517.0
Wednesday,Northern,18,94109.0,49,55984.0,47129.0,37182.0,33342.0,723200.0,60722.0
Wednesday,Northern,18,94111.0,3,3713.0,10791.0,2811.0,2365.0,882000.0,89722.0
Wednesday,Northern,18,94114.0,1,31124.0,21837.0,17634.0,16281.0,1000001.0,114689.0
Wednesday,Northern,18,94115.0,25,33021.0,29596.0,18884.0,17289.0,965800.0,76952.0
Wednesday,Northern,18,94117.0,19,39169.0,23211.0,19255.0,17939.0,911500.0,94479.0
Wednesday,Northern,18,94123.0,30,23088.0,22622.0,15083.0,13717.0,1000001.0,112650.0
Wednesday,Northern,19,94102.0,74,31176.0,46472.0,18758.0,16844.0,574100.0,22517.0
Wednesday,Northern,19,94108.0,1,13768.0,50983.0,8843.0,7628.0,856900.0,35427.0
Wednesday,Northern,19,94109.0,33,55984.0,47129.0,37182.0,33342.0,723200.0,60722.0
Wednesday,Northern,19,94111.0,1,3713.0,10791.0,2811.0,2365.0,882000.0,89722.0
Wednesday,Northern,19,94115.0,28,33021.0,29596.0,18884.0,17289.0,965800.0,76952.0
Wednesday,Northern,19,94117.0,7,39169.0,23211.0,19255.0,17939.0,911500.0,94479.0
Wednesday,Northern,19,94123.0,24,23088.0,22622.0,15083.0,13717.0,1000001.0,112650.0
Wednesday,Northern,20,94102.0,52,31176.0,46472.0,18758.0,16844.0,574100.0,22517.0
Wednesday,Northern,20,94109.0,38,55984.0,47129.0,37182.0,33342.0,723200.0,60722.0
Wednesday,Northern,20,94115.0,24,33021.0,29596.0,18884.0,17289.0,965800.0,76952.0
Wednesday,Northern,20,94117.0,15,39169.0,23211.0,19255.0,17939.0,911500.0,94479.0
Wednesday,Northern,20,94123.0,24,23088.0,22622.0,15083.0,13717.0,1000001.0,112650.0
Wednesday,Northern,21,94102.0,38,31176.0,46472.0,18758.0,16844.0,574100.0,22517.0
Wednesday,Northern,21,94109.0,35,55984.0,47129.0,37182.0,33342.0,723200.0,60722.0
Wednesday,Northern,21,94115.0,20,33021.0,29596.0,18884.0,17289.0,965800.0,76952.0
Wednesday,Northern,21,94117.0,11,39169.0,23211.0,19255.0,17939.0,911500.0,94479.0
Wednesday,Northern,21,94123.0,24,23088.0,22622.0,15083.0,13717.0,1000001.0,112650.0
Wednesday,Northern,22,94102.0,50,31176.0,46472.0,18758.0,16844.0,574100.0,22517.0
Wednesday,Northern,22,94109.0,29,55984.0,47129.0,37182.0,33342.0,723200.0,60722.0
Wednesday,Northern,22,94115.0,22,33021.0,29596.0,18884.0,17289.0,965800.0,76952.0
Wednesday,Northern,22,94117.0,6,39169.0,23211.0,19255.0,17939.0,911500.0,94479.0
Wednesday,Northern,22,94123.0,25,23088.0,22622.0,15083.0,13717.0,1000001.0,112650.0
Wednesday,Northern,23,94102.0,43,31176.0,46472.0,18758.0,16844.0,574100.0,22517.0
Wednesday,Northern,23,94108.0,1,13768.0,50983.0,8843.0,7628.0,856900.0,35427.0
Wednesday,Northern,23,94109.0,28,55984.0,47129.0,37182.0,33342.0,723200.0,60722.0
Wednesday,Northern,23,94115.0,10,33021.0,29596.0,18884.0,17289.0,965800.0,76952.0
Wednesday,Northern,23,94117.0,7,39169.0,23211.0,19255.0,17939.0,911500.0,94479.0
Wednesday,Northern,23,94123.0,14,23088.0,22622.0,15083.0,13717.0,1000001.0,112650.0
Wednesday,Out of SF,0,94102.0,1,31176.0,46472.0,18758.0,16844.0,574100.0,22517.0
Wednesday,Out of SF,0,94103.0,17,27170.0,20036.0,14778.0,13098.0,628000.0,43364.0
Wednesday,Out of SF,0,94108.0,5,13768.0,50983.0,8843.0,7628.0,856900.0,35427.0
Wednesday,Out of SF,0,94110.0,1,69333.0,29816.0,28913.0,27128.0,768200.0,82111.0
Wednesday,Out of SF,0,94112.0,1,79407.0,23606.0,23081.0,21975.0,602400.0,71625.0
Wednesday,Out of SF,0,94124.0,2,33996.0,6901.0,10812.0,9717.0,470400.0,50146.0
Wednesday,Out of SF,0,94158.0,8,4792.0,7288.0,2482.0,2271.0,643900.0,82195.0
Wednesday,Out of SF,1,94124.0,2,33996.0,6901.0,10812.0,9717.0,470400.0,50146.0
Wednesday,Out of SF,1,94158.0,1,4792.0,7288.0,2482.0,2271.0,643900.0,82195.0
Wednesday,Out of SF,2,94103.0,2,27170.0,20036.0,14778.0,13098.0,628000.0,43364.0
Wednesday,Out of SF,2,94158.0,1,4792.0,7288.0,2482.0,2271.0,643900.0,82195.0
Wednesday,Out of SF,4,94103.0,2,27170.0,20036.0,14778.0,13098.0,628000.0,43364.0
Wednesday,Out of SF,4,94105.0,1,5846.0,15826.0,4601.0,3586.0,740900.0,163949.0
Wednesday,Out of SF,4,94108.0,1,13768.0,50983.0,8843.0,7628.0,856900.0,35427.0
Wednesday,Out of SF,4,94110.0,1,69333.0,29816.0,28913.0,27128.0,768200.0,82111.0
Wednesday,Out of SF,5,94103.0,4,27170.0,20036.0,14778.0,13098.0,628000.0,43364.0
Wednesday,Out of SF,6,94103.0,2,27170.0,20036.0,14778.0,13098.0,628000.0,43364.0
Wednesday,Out of SF,6,94131.0,3,26881.0,12926.0,13427.0,12618.0,859700.0,96889.0
Wednesday,Out of SF,7,94108.0,2,13768.0,50983.0,8843.0,7628.0,856900.0,35427.0
Wednesday,Out of SF,7,94124.0,1,33996.0,6901.0,10812.0,9717.0,470400.0,50146.0
Wednesday,Out of SF,7,94158.0,3,4792.0,7288.0,2482.0,2271.0,643900.0,82195.0
Wednesday,Out of SF,8,94102.0,2,31176.0,46472.0,18758.0,16844.0,574100.0,22517.0
Wednesday,Out of SF,8,94103.0,7,27170.0,20036.0,14778.0,13098.0,628000.0,43364.0
Wednesday,Out of SF,8,94105.0,1,5846.0,15826.0,4601.0,3586.0,740900.0,163949.0
Wednesday,Out of SF,8,94118.0,1,38319.0,19663.0,18633.0,17171.0,1000001.0,82857.0
Wednesday,Out of SF,8,94124.0,2,33996.0,6901.0,10812.0,9717.0,470400.0,50146.0
Wednesday,Out of SF,8,94134.0,1,40798.0,17001.0,11867.0,11244.0,547800.0,56716.0
Wednesday,Out of SF,8,94158.0,1,4792.0,7288.0,2482.0,2271.0,643900.0,82195.0
Wednesday,Out of SF,9,94103.0,2,27170.0,20036.0,14778.0,13098.0,628000.0,43364.0
Wednesday,Out of SF,9,94108.0,3,13768.0,50983.0,8843.0,7628.0,856900.0,35427.0
Wednesday,Out of SF,9,94110.0,1,69333.0,29816.0,28913.0,27128.0,768200.0,82111.0
Wednesday,Out of SF,9,94116.0,1,43698.0,16901.0,16283.0,15445.0,734400.0,83407.0
Wednesday,Out of SF,9,94134.0,1,40798.0,17001.0,11867.0,11244.0,547800.0,56716.0
Wednesday,Out of SF,9,94158.0,2,4792.0,7288.0,2482.0,2271.0,643900.0,82195.0
Wednesday,Out of SF,10,94103.0,4,27170.0,20036.0,14778.0,13098.0,628000.0,43364.0
Wednesday,Out of SF,10,94104.0,1,406.0,5232.0,368.0,207.0,1000001.0,48750.0
Wednesday,Out of SF,10,94108.0,3,13768.0,50983.0,8843.0,7628.0,856900.0,35427.0
Wednesday,Out of SF,10,94116.0,1,43698.0,16901.0,16283.0,15445.0,734400.0,83407.0
Wednesday,Out of SF,10,94118.0,1,38319.0,19663.0,18633.0,17171.0,1000001.0,82857.0
Wednesday,Out of SF,10,94134.0,1,40798.0,17001.0,11867.0,11244.0,547800.0,56716.0
Wednesday,Out of SF,10,94158.0,6,4792.0,7288.0,2482.0,2271.0,643900.0,82195.0
Wednesday,Out of SF,11,94103.0,1,27170.0,20036.0,14778.0,13098.0,628000.0,43364.0
Wednesday,Out of SF,11,94108.0,3,13768.0,50983.0,8843.0,7628.0,856900.0,35427.0
Wednesday,Out of SF,11,94158.0,1,4792.0,7288.0,2482.0,2271.0,643900.0,82195.0
Wednesday,Out of SF,12,94103.0,5,27170.0,20036.0,14778.0,13098.0,628000.0,43364.0
Wednesday,Out of SF,12,94108.0,4,13768.0,50983.0,8843.0,7628.0,856900.0,35427.0
Wednesday,Out of SF,12,94110.0,1,69333.0,29816.0,28913.0,27128.0,768200.0,82111.0
Wednesday,Out of SF,12,94112.0,3,79407.0,23606.0,23081.0,21975.0,602400.0,71625.0
Wednesday,Out of SF,12,94117.0,3,39169.0,23211.0,19255.0,17939.0,911500.0,94479.0
Wednesday,Out of SF,12,94124.0,1,33996.0,6901.0,10812.0,9717.0,470400.0,50146.0
Wednesday,Out of SF,12,94158.0,5,4792.0,7288.0,2482.0,2271.0,643900.0,82195.0
Wednesday,Out of SF,13,94103.0,6,27170.0,20036.0,14778.0,13098.0,628000.0,43364.0
Wednesday,Out of SF,13,94108.0,1,13768.0,50983.0,8843.0,7628.0,856900.0,35427.0
Wednesday,Out of SF,13,94110.0,1,69333.0,29816.0,28913.0,27128.0,768200.0,82111.0
Wednesday,Out of SF,13,94112.0,1,79407.0,23606.0,23081.0,21975.0,602400.0,71625.0
Wednesday,Out of SF,13,94117.0,3,39169.0,23211.0,19255.0,17939.0,911500.0,94479.0
Wednesday,Out of SF,13,94118.0,1,38319.0,19663.0,18633.0,17171.0,1000001.0,82857.0
Wednesday,Out of SF,13,94158.0,1,4792.0,7288.0,2482.0,2271.0,643900.0,82195.0
Wednesday,Out of SF,14,94103.0,2,27170.0,20036.0,14778.0,13098.0,628000.0,43364.0
Wednesday,Out of SF,14,94116.0,2,43698.0,16901.0,16283.0,15445.0,734400.0,83407.0
Wednesday,Out of SF,14,94118.0,2,38319.0,19663.0,18633.0,17171.0,1000001.0,82857.0
Wednesday,Out of SF,15,94102.0,2,31176.0,46472.0,18758.0,16844.0,574100.0,22517.0
Wednesday,Out of SF,15,94103.0,5,27170.0,20036.0,14778.0,13098.0,628000.0,43364.0
Wednesday,Out of SF,15,94108.0,2,13768.0,50983.0,8843.0,7628.0,856900.0,35427.0
Wednesday,Out of SF,15,94110.0,1,69333.0,29816.0,28913.0,27128.0,768200.0,82111.0
Wednesday,Out of SF,15,94118.0,2,38319.0,19663.0,18633.0,17171.0,1000001.0,82857.0
Wednesday,Out of SF,15,94158.0,2,4792.0,7288.0,2482.0,2271.0,643900.0,82195.0
Wednesday,Out of SF,16,94103.0,2,27170.0,20036.0,14778.0,13098.0,628000.0,43364.0
Wednesday,Out of SF,16,94105.0,1,5846.0,15826.0,4601.0,3586.0,740900.0,163949.0
Wednesday,Out of SF,16,94110.0,1,69333.0,29816.0,28913.0,27128.0,768200.0,82111.0
Wednesday,Out of SF,16,94112.0,1,79407.0,23606.0,23081.0,21975.0,602400.0,71625.0
Wednesday,Out of SF,16,94118.0,1,38319.0,19663.0,18633.0,17171.0,1000001.0,82857.0
Wednesday,Out of SF,16,94124.0,1,33996.0,6901.0,10812.0,9717.0,470400.0,50146.0
Wednesday,Out of SF,17,94103.0,1,27170.0,20036.0,14778.0,13098.0,628000.0,43364.0
Wednesday,Out of SF,17,94112.0,3,79407.0,23606.0,23081.0,21975.0,602400.0,71625.0
Wednesday,Out of SF,17,94115.0,2,33021.0,29596.0,18884.0,17289.0,965800.0,76952.0
Wednesday,Out of SF,17,94116.0,2,43698.0,16901.0,16283.0,15445.0,734400.0,83407.0
Wednesday,Out of SF,18,94103.0,1,27170.0,20036.0,14778.0,13098.0,628000.0,43364.0
Wednesday,Out of SF,18,94108.0,3,13768.0,50983.0,8843.0,7628.0,856900.0,35427.0
Wednesday,Out of SF,18,94110.0,1,69333.0,29816.0,28913.0,27128.0,768200.0,82111.0
Wednesday,Out of SF,18,94112.0,3,79407.0,23606.0,23081.0,21975.0,602400.0,71625.0
Wednesday,Out of SF,18,94114.0,1,31124.0,21837.0,17634.0,16281.0,1000001.0,114689.0
Wednesday,Out of SF,18,94124.0,1,33996.0,6901.0,10812.0,9717.0,470400.0,50146.0
Wednesday,Out of SF,18,94132.0,2,28129.0,9045.0,10769.0,9993.0,733100.0,69223.0
Wednesday,Out of SF,18,94134.0,1,40798.0,17001.0,11867.0,11244.0,547800.0,56716.0
Wednesday,Out of SF,18,94158.0,1,4792.0,7288.0,2482.0,2271.0,643900.0,82195.0
Wednesday,Out of SF,19,94102.0,2,31176.0,46472.0,18758.0,16844.0,574100.0,22517.0
Wednesday,Out of SF,19,94103.0,2,27170.0,20036.0,14778.0,13098.0,628000.0,43364.0
Wednesday,Out of SF,19,94117.0,1,39169.0,23211.0,19255.0,17939.0,911500.0,94479.0
Wednesday,Out of SF,19,94118.0,2,38319.0,19663.0,18633.0,17171.0,1000001.0,82857.0
Wednesday,Out of SF,20,94103.0,4,27170.0,20036.0,14778.0,13098.0,628000.0,43364.0
Wednesday,Out of SF,20,94108.0,2,13768.0,50983.0,8843.0,7628.0,856900.0,35427.0
Wednesday,Out of SF,20,94109.0,2,55984.0,47129.0,37182.0,33342.0,723200.0,60722.0
Wednesday,Out of SF,20,94112.0,1,79407.0,23606.0,23081.0,21975.0,602400.0,71625.0
Wednesday,Out of SF,20,94116.0,2,43698.0,16901.0,16283.0,15445.0,734400.0,83407.0
Wednesday,Out of SF,21,94102.0,3,31176.0,46472.0,18758.0,16844.0,574100.0,22517.0
Wednesday,Out of SF,21,94108.0,2,13768.0,50983.0,8843.0,7628.0,856900.0,35427.0
Wednesday,Out of SF,21,94110.0,1,69333.0,29816.0,28913.0,27128.0,768200.0,82111.0
Wednesday,Out of SF,21,94158.0,5,4792.0,7288.0,2482.0,2271.0,643900.0,82195.0
Wednesday,Out of SF,22,94102.0,3,31176.0,46472.0,18758.0,16844.0,574100.0,22517.0
Wednesday,Out of SF,22,94103.0,2,27170.0,20036.0,14778.0,13098.0,628000.0,43364.0
Wednesday,Out of SF,22,94158.0,1,4792.0,7288.0,2482.0,2271.0,643900.0,82195.0
Wednesday,Out of SF,23,94103.0,2,27170.0,20036.0,14778.0,13098.0,628000.0,43364.0
Wednesday,Park,0,94102.0,1,31176.0,46472.0,18758.0,16844.0,574100.0,22517.0
Wednesday,Park,0,94114.0,5,31124.0,21837.0,17634.0,16281.0,1000001.0,114689.0
Wednesday,Park,0,94115.0,3,33021.0,29596.0,18884.0,17289.0,965800.0,76952.0
Wednesday,Park,0,94117.0,21,39169.0,23211.0,19255.0,17939.0,911500.0,94479.0
Wednesday,Park,0,94118.0,5,38319.0,19663.0,18633.0,17171.0,1000001.0,82857.0
Wednesday,Park,0,94131.0,4,26881.0,12926.0,13427.0,12618.0,859700.0,96889.0
Wednesday,Park,1,94102.0,1,31176.0,46472.0,18758.0,16844.0,574100.0,22517.0
Wednesday,Park,1,94114.0,1,31124.0,21837.0,17634.0,16281.0,1000001.0,114689.0
Wednesday,Park,1,94115.0,2,33021.0,29596.0,18884.0,17289.0,965800.0,76952.0
Wednesday,Park,1,94117.0,11,39169.0,23211.0,19255.0,17939.0,911500.0,94479.0
Wednesday,Park,1,94118.0,1,38319.0,19663.0,18633.0,17171.0,1000001.0,82857.0
Wednesday,Park,2,94114.0,5,31124.0,21837.0,17634.0,16281.0,1000001.0,114689.0
Wednesday,Park,2,94115.0,1,33021.0,29596.0,18884.0,17289.0,965800.0,76952.0
Wednesday,Park,2,94117.0,9,39169.0,23211.0,19255.0,17939.0,911500.0,94479.0
Wednesday,Park,2,94118.0,1,38319.0,19663.0,18633.0,17171.0,1000001.0,82857.0
Wednesday,Park,3,94114.0,2,31124.0,21837.0,17634.0,16281.0,1000001.0,114689.0
Wednesday,Park,3,94117.0,11,39169.0,23211.0,19255.0,17939.0,911500.0,94479.0
Wednesday,Park,4,94117.0,8,39169.0,23211.0,19255.0,17939.0,911500.0,94479.0
Wednesday,Park,4,94118.0,2,38319.0,19663.0,18633.0,17171.0,1000001.0,82857.0
Wednesday,Park,4,94131.0,1,26881.0,12926.0,13427.0,12618.0,859700.0,96889.0
Wednesday,Park,5,94117.0,9,39169.0,23211.0,19255.0,17939.0,911500.0,94479.0
Wednesday,Park,6,94114.0,3,31124.0,21837.0,17634.0,16281.0,1000001.0,114689.0
Wednesday,Park,6,94117.0,14,39169.0,23211.0,19255.0,17939.0,911500.0,94479.0
Wednesday,Park,6,94118.0,1,38319.0,19663.0,18633.0,17171.0,1000001.0,82857.0
Wednesday,Park,6,94122.0,2,56023.0,23699.0,23633.0,22162.0,774500.0,81768.0
Wednesday,Park,7,94103.0,1,27170.0,20036.0,14778.0,13098.0,628000.0,43364.0
Wednesday,Park,7,94114.0,4,31124.0,21837.0,17634.0,16281.0,1000001.0,114689.0
Wednesday,Park,7,94115.0,1,33021.0,29596.0,18884.0,17289.0,965800.0,76952.0
Wednesday,Park,7,94117.0,25,39169.0,23211.0,19255.0,17939.0,911500.0,94479.0
Wednesday,Park,7,94118.0,5,38319.0,19663.0,18633.0,17171.0,1000001.0,82857.0
Wednesday,Park,7,94122.0,2,56023.0,23699.0,23633.0,22162.0,774500.0,81768.0
Wednesday,Park,8,94114.0,4,31124.0,21837.0,17634.0,16281.0,1000001.0,114689.0
Wednesday,Park,8,94115.0,4,33021.0,29596.0,18884.0,17289.0,965800.0,76952.0
Wednesday,Park,8,94117.0,36,39169.0,23211.0,19255.0,17939.0,911500.0,94479.0
Wednesday,Park,8,94118.0,5,38319.0,19663.0,18633.0,17171.0,1000001.0,82857.0
Wednesday,Park,8,94122.0,3,56023.0,23699.0,23633.0,22162.0,774500.0,81768.0
Wednesday,Park,8,94131.0,1,26881.0,12926.0,13427.0,12618.0,859700.0,96889.0
Wednesday,Park,9,94114.0,3,31124.0,21837.0,17634.0,16281.0,1000001.0,114689.0
Wednesday,Park,9,94115.0,5,33021.0,29596.0,18884.0,17289.0,965800.0,76952.0
Wednesday,Park,9,94117.0,35,39169.0,23211.0,19255.0,17939.0,911500.0,94479.0
Wednesday,Park,9,94118.0,4,38319.0,19663.0,18633.0,17171.0,1000001.0,82857.0
Wednesday,Park,9,94122.0,1,56023.0,23699.0,23633.0,22162.0,774500.0,81768.0
Wednesday,Park,9,94131.0,6,26881.0,12926.0,13427.0,12618.0,859700.0,96889.0
Wednesday,Park,10,94114.0,3,31124.0,21837.0,17634.0,16281.0,1000001.0,114689.0
Wednesday,Park,10,94115.0,3,33021.0,29596.0,18884.0,17289.0,965800.0,76952.0
Wednesday,Park,10,94117.0,28,39169.0,23211.0,19255.0,17939.0,911500.0,94479.0
Wednesday,Park,10,94118.0,3,38319.0,19663.0,18633.0,17171.0,1000001.0,82857.0
Wednesday,Park,10,94122.0,2,56023.0,23699.0,23633.0,22162.0,774500.0,81768.0
Wednesday,Park,10,94131.0,11,26881.0,12926.0,13427.0,12618.0,859700.0,96889.0
Wednesday,Park,10,94132.0,1,28129.0,9045.0,10769.0,9993.0,733100.0,69223.0
Wednesday,Park,11,94114.0,8,31124.0,21837.0,17634.0,16281.0,1000001.0,114689.0
Wednesday,Park,11,94115.0,1,33021.0,29596.0,18884.0,17289.0,965800.0,76952.0
Wednesday,Park,11,94117.0,26,39169.0,23211.0,19255.0,17939.0,911500.0,94479.0
Wednesday,Park,11,94118.0,10,38319.0,19663.0,18633.0,17171.0,1000001.0,82857.0
Wednesday,Park,11,94122.0,6,56023.0,23699.0,23633.0,22162.0,774500.0,81768.0
Wednesday,Park,11,94131.0,4,26881.0,12926.0,13427.0,12618.0,859700.0,96889.0
Wednesday,Park,12,94114.0,9,31124.0,21837.0,17634.0,16281.0,1000001.0,114689.0
Wednesday,Park,12,94115.0,2,33021.0,29596.0,18884.0,17289.0,965800.0,76952.0
Wednesday,Park,12,94117.0,27,39169.0,23211.0,19255.0,17939.0,911500.0,94479.0
Wednesday,Park,12,94118.0,9,38319.0,19663.0,18633.0,17171.0,1000001.0,82857.0
Wednesday,Park,12,94122.0,2,56023.0,23699.0,23633.0,22162.0,774500.0,81768.0
Wednesday,Park,12,94131.0,4,26881.0,12926.0,13427.0,12618.0,859700.0,96889.0
Wednesday,Park,13,94114.0,11,31124.0,21837.0,17634.0,16281.0,1000001.0,114689.0
Wednesday,Park,13,94117.0,36,39169.0,23211.0,19255.0,17939.0,911500.0,94479.0
Wednesday,Park,13,94118.0,7,38319.0,19663.0,18633.0,17171.0,1000001.0,82857.0
Wednesday,Park,13,94122.0,13,56023.0,23699.0,23633.0,22162.0,774500.0,81768.0
Wednesday,Park,13,94131.0,7,26881.0,12926.0,13427.0,12618.0,859700.0,96889.0
Wednesday,Park,14,94102.0,1,31176.0,46472.0,18758.0,16844.0,574100.0,22517.0
Wednesday,Park,14,94103.0,1,27170.0,20036.0,14778.0,13098.0,628000.0,43364.0
Wednesday,Park,14,94114.0,5,31124.0,21837.0,17634.0,16281.0,1000001.0,114689.0
Wednesday,Park,14,94117.0,24,39169.0,23211.0,19255.0,17939.0,911500.0,94479.0
Wednesday,Park,14,94118.0,2,38319.0,19663.0,18633.0,17171.0,1000001.0,82857.0
Wednesday,Park,14,94122.0,4,56023.0,23699.0,23633.0,22162.0,774500.0,81768.0
Wednesday,Park,14,94131.0,5,26881.0,12926.0,13427.0,12618.0,859700.0,96889.0
Wednesday,Park,15,94114.0,9,31124.0,21837.0,17634.0,16281.0,1000001.0,114689.0
Wednesday,Park,15,94115.0,3,33021.0,29596.0,18884.0,17289.0,965800.0,76952.0
Wednesday,Park,15,94117.0,41,39169.0,23211.0,19255.0,17939.0,911500.0,94479.0
Wednesday,Park,15,94118.0,10,38319.0,19663.0,18633.0,17171.0,1000001.0,82857.0
Wednesday,Park,15,94122.0,5,56023.0,23699.0,23633.0,22162.0,774500.0,81768.0
Wednesday,Park,15,94131.0,7,26881.0,12926.0,13427.0,12618.0,859700.0,96889.0
Wednesday,Park,16,94114.0,7,31124.0,21837.0,17634.0,16281.0,1000001.0,114689.0
Wednesday,Park,16,94115.0,1,33021.0,29596.0,18884.0,17289.0,965800.0,76952.0
Wednesday,Park,16,94117.0,30,39169.0,23211.0,19255.0,17939.0,911500.0,94479.0
Wednesday,Park,16,94118.0,11,38319.0,19663.0,18633.0,17171.0,1000001.0,82857.0
Wednesday,Park,16,94122.0,5,56023.0,23699.0,23633.0,22162.0,774500.0,81768.0
Wednesday,Park,16,94131.0,2,26881.0,12926.0,13427.0,12618.0,859700.0,96889.0
Wednesday,Park,17,94114.0,8,31124.0,21837.0,17634.0,16281.0,1000001.0,114689.0
Wednesday,Park,17,94117.0,33,39169.0,23211.0,19255.0,17939.0,911500.0,94479.0
Wednesday,Park,17,94118.0,10,38319.0,19663.0,18633.0,17171.0,1000001.0,82857.0
Wednesday,Park,17,94122.0,8,56023.0,23699.0,23633.0,22162.0,774500.0,81768.0
Wednesday,Park,17,94131.0,5,26881.0,12926.0,13427.0,12618.0,859700.0,96889.0
Wednesday,Park,18,94102.0,1,31176.0,46472.0,18758.0,16844.0,574100.0,22517.0
Wednesday,Park,18,94114.0,6,31124.0,21837.0,17634.0,16281.0,1000001.0,114689.0
Wednesday,Park,18,94115.0,1,33021.0,29596.0,18884.0,17289.0,965800.0,76952.0
Wednesday,Park,18,94117.0,34,39169.0,23211.0,19255.0,17939.0,911500.0,94479.0
Wednesday,Park,18,94118.0,10,38319.0,19663.0,18633.0,17171.0,1000001.0,82857.0
Wednesday,Park,18,94122.0,4,56023.0,23699.0,23633.0,22162.0,774500.0,81768.0
Wednesday,Park,18,94131.0,3,26881.0,12926.0,13427.0,12618.0,859700.0,96889.0
Wednesday,Park,19,94102.0,1,31176.0,46472.0,18758.0,16844.0,574100.0,22517.0
Wednesday,Park,19,94114.0,3,31124.0,21837.0,17634.0,16281.0,1000001.0,114689.0
Wednesday,Park,19,94117.0,22,39169.0,23211.0,19255.0,17939.0,911500.0,94479.0
Wednesday,Park,19,94118.0,6,38319.0,19663.0,18633.0,17171.0,1000001.0,82857.0
Wednesday,Park,19,94122.0,4,56023.0,23699.0,23633.0,22162.0,774500.0,81768.0
Wednesday,Park,19,94131.0,4,26881.0,12926.0,13427.0,12618.0,859700.0,96889.0
Wednesday,Park,19,94158.0,1,4792.0,7288.0,2482.0,2271.0,643900.0,82195.0
Wednesday,Park,20,94114.0,4,31124.0,21837.0,17634.0,16281.0,1000001.0,114689.0
Wednesday,Park,20,94117.0,14,39169.0,23211.0,19255.0,17939.0,911500.0,94479.0
Wednesday,Park,20,94118.0,4,38319.0,19663.0,18633.0,17171.0,1000001.0,82857.0
Wednesday,Park,20,94122.0,1,56023.0,23699.0,23633.0,22162.0,774500.0,81768.0
Wednesday,Park,20,94131.0,6,26881.0,12926.0,13427.0,12618.0,859700.0,96889.0
Wednesday,Park,21,94114.0,12,31124.0,21837.0,17634.0,16281.0,1000001.0,114689.0
Wednesday,Park,21,94115.0,1,33021.0,29596.0,18884.0,17289.0,965800.0,76952.0
Wednesday,Park,21,94117.0,21,39169.0,23211.0,19255.0,17939.0,911500.0,94479.0
Wednesday,Park,21,94118.0,4,38319.0,19663.0,18633.0,17171.0,1000001.0,82857.0
Wednesday,Park,21,94122.0,3,56023.0,23699.0,23633.0,22162.0,774500.0,81768.0
Wednesday,Park,21,94131.0,8,26881.0,12926.0,13427.0,12618.0,859700.0,96889.0
Wednesday,Park,22,94114.0,4,31124.0,21837.0,17634.0,16281.0,1000001.0,114689.0
Wednesday,Park,22,94117.0,16,39169.0,23211.0,19255.0,17939.0,911500.0,94479.0
Wednesday,Park,22,94118.0,6,38319.0,19663.0,18633.0,17171.0,1000001.0,82857.0
Wednesday,Park,22,94131.0,6,26881.0,12926.0,13427.0,12618.0,859700.0,96889.0
Wednesday,Park,23,94114.0,7,31124.0,21837.0,17634.0,16281.0,1000001.0,114689.0
Wednesday,Park,23,94115.0,1,33021.0,29596.0,18884.0,17289.0,965800.0,76952.0
Wednesday,Park,23,94117.0,16,39169.0,23211.0,19255.0,17939.0,911500.0,94479.0
Wednesday,Park,23,94118.0,3,38319.0,19663.0,18633.0,17171.0,1000001.0,82857.0
Wednesday,Park,23,94122.0,2,56023.0,23699.0,23633.0,22162.0,774500.0,81768.0
Wednesday,Park,23,94131.0,1,26881.0,12926.0,13427.0,12618.0,859700.0,96889.0
Wednesday,Richmond,0,94115.0,13,33021.0,29596.0,18884.0,17289.0,965800.0,76952.0
Wednesday,Richmond,0,94118.0,17,38319.0,19663.0,18633.0,17171.0,1000001.0,82857.0
Wednesday,Richmond,0,94122.0,17,56023.0,23699.0,23633.0,22162.0,774500.0,81768.0
Wednesday,Richmond,0,94129.0,1,3183.0,1381.0,1132.0,1086.0,,143320.0
Wednesday,Richmond,1,94115.0,1,33021.0,29596.0,18884.0,17289.0,965800.0,76952.0
Wednesday,Richmond,1,94118.0,11,38319.0,19663.0,18633.0,17171.0,1000001.0,82857.0
Wednesday,Richmond,1,94122.0,7,56023.0,23699.0,23633.0,22162.0,774500.0,81768.0
Wednesday,Richmond,2,94108.0,1,13768.0,50983.0,8843.0,7628.0,856900.0,35427.0
Wednesday,Richmond,2,94115.0,1,33021.0,29596.0,18884.0,17289.0,965800.0,76952.0
Wednesday,Richmond,2,94117.0,1,39169.0,23211.0,19255.0,17939.0,911500.0,94479.0
Wednesday,Richmond,2,94118.0,4,38319.0,19663.0,18633.0,17171.0,1000001.0,82857.0
Wednesday,Richmond,2,94122.0,7,56023.0,23699.0,23633.0,22162.0,774500.0,81768.0
Wednesday,Richmond,3,94115.0,1,33021.0,29596.0,18884.0,17289.0,965800.0,76952.0
Wednesday,Richmond,3,94118.0,3,38319.0,19663.0,18633.0,17171.0,1000001.0,82857.0
Wednesday,Richmond,3,94122.0,1,56023.0,23699.0,23633.0,22162.0,774500.0,81768.0
Wednesday,Richmond,4,94115.0,3,33021.0,29596.0,18884.0,17289.0,965800.0,76952.0
Wednesday,Richmond,4,94118.0,3,38319.0,19663.0,18633.0,17171.0,1000001.0,82857.0
Wednesday,Richmond,4,94122.0,1,56023.0,23699.0,23633.0,22162.0,774500.0,81768.0
Wednesday,Richmond,5,94118.0,7,38319.0,19663.0,18633.0,17171.0,1000001.0,82857.0
Wednesday,Richmond,6,94115.0,3,33021.0,29596.0,18884.0,17289.0,965800.0,76952.0
Wednesday,Richmond,6,94118.0,7,38319.0,19663.0,18633.0,17171.0,1000001.0,82857.0
Wednesday,Richmond,6,94122.0,7,56023.0,23699.0,23633.0,22162.0,774500.0,81768.0
Wednesday,Richmond,7,94115.0,4,33021.0,29596.0,18884.0,17289.0,965800.0,76952.0
Wednesday,Richmond,7,94118.0,9,38319.0,19663.0,18633.0,17171.0,1000001.0,82857.0
Wednesday,Richmond,7,94122.0,6,56023.0,23699.0,23633.0,22162.0,774500.0,81768.0
Wednesday,Richmond,8,94110.0,1,69333.0,29816.0,28913.0,27128.0,768200.0,82111.0
Wednesday,Richmond,8,94115.0,8,33021.0,29596.0,18884.0,17289.0,965800.0,76952.0
Wednesday,Richmond,8,94118.0,28,38319.0,19663.0,18633.0,17171.0,1000001.0,82857.0
Wednesday,Richmond,8,94122.0,13,56023.0,23699.0,23633.0,22162.0,774500.0,81768.0
Wednesday,Richmond,9,94115.0,2,33021.0,29596.0,18884.0,17289.0,965800.0,76952.0
Wednesday,Richmond,9,94118.0,30,38319.0,19663.0,18633.0,17171.0,1000001.0,82857.0
Wednesday,Richmond,9,94122.0,12,56023.0,23699.0,23633.0,22162.0,774500.0,81768.0
Wednesday,Richmond,10,94115.0,8,33021.0,29596.0,18884.0,17289.0,965800.0,76952.0
Wednesday,Richmond,10,94118.0,32,38319.0,19663.0,18633.0,17171.0,1000001.0,82857.0
Wednesday,Richmond,10,94122.0,28,56023.0,23699.0,23633.0,22162.0,774500.0,81768.0
Wednesday,Richmond,11,94102.0,1,31176.0,46472.0,18758.0,16844.0,574100.0,22517.0
Wednesday,Richmond,11,94114.0,2,31124.0,21837.0,17634.0,16281.0,1000001.0,114689.0
Wednesday,Richmond,11,94115.0,13,33021.0,29596.0,18884.0,17289.0,965800.0,76952.0
Wednesday,Richmond,11,94118.0,31,38319.0,19663.0,18633.0,17171.0,1000001.0,82857.0
Wednesday,Richmond,11,94122.0,29,56023.0,23699.0,23633.0,22162.0,774500.0,81768.0
Wednesday,Richmond,12,94103.0,1,27170.0,20036.0,14778.0,13098.0,628000.0,43364.0
Wednesday,Richmond,12,94115.0,7,33021.0,29596.0,18884.0,17289.0,965800.0,76952.0
Wednesday,Richmond,12,94118.0,36,38319.0,19663.0,18633.0,17171.0,1000001.0,82857.0
Wednesday,Richmond,12,94122.0,29,56023.0,23699.0,23633.0,22162.0,774500.0,81768.0
Wednesday,Richmond,13,94115.0,12,33021.0,29596.0,18884.0,17289.0,965800.0,76952.0
Wednesday,Richmond,13,94118.0,28,38319.0,19663.0,18633.0,17171.0,1000001.0,82857.0
Wednesday,Richmond,13,94122.0,21,56023.0,23699.0,23633.0,22162.0,774500.0,81768.0
Wednesday,Richmond,14,94115.0,6,33021.0,29596.0,18884.0,17289.0,965800.0,76952.0
Wednesday,Richmond,14,94118.0,38,38319.0,19663.0,18633.0,17171.0,1000001.0,82857.0
Wednesday,Richmond,14,94122.0,17,56023.0,23699.0,23633.0,22162.0,774500.0,81768.0
Wednesday,Richmond,15,94115.0,8,33021.0,29596.0,18884.0,17289.0,965800.0,76952.0
Wednesday,Richmond,15,94118.0,28,38319.0,19663.0,18633.0,17171.0,1000001.0,82857.0
Wednesday,Richmond,15,94122.0,35,56023.0,23699.0,23633.0,22162.0,774500.0,81768.0
Wednesday,Richmond,16,94115.0,9,33021.0,29596.0,18884.0,17289.0,965800.0,76952.0
Wednesday,Richmond,16,94118.0,32,38319.0,19663.0,18633.0,17171.0,1000001.0,82857.0
Wednesday,Richmond,16,94122.0,24,56023.0,23699.0,23633.0,22162.0,774500.0,81768.0
Wednesday,Richmond,17,94115.0,14,33021.0,29596.0,18884.0,17289.0,965800.0,76952.0
Wednesday,Richmond,17,94118.0,42,38319.0,19663.0,18633.0,17171.0,1000001.0,82857.0
Wednesday,Richmond,17,94122.0,28,56023.0,23699.0,23633.0,22162.0,774500.0,81768.0
Wednesday,Richmond,18,94102.0,1,31176.0,46472.0,18758.0,16844.0,574100.0,22517.0
Wednesday,Richmond,18,94115.0,16,33021.0,29596.0,18884.0,17289.0,965800.0,76952.0
Wednesday,Richmond,18,94118.0,50,38319.0,19663.0,18633.0,17171.0,1000001.0,82857.0
Wednesday,Richmond,18,94122.0,19,56023.0,23699.0,23633.0,22162.0,774500.0,81768.0
Wednesday,Richmond,19,94115.0,12,33021.0,29596.0,18884.0,17289.0,965800.0,76952.0
Wednesday,Richmond,19,94118.0,45,38319.0,19663.0,18633.0,17171.0,1000001.0,82857.0
Wednesday,Richmond,19,94122.0,27,56023.0,23699.0,23633.0,22162.0,774500.0,81768.0
Wednesday,Richmond,20,94105.0,1,5846.0,15826.0,4601.0,3586.0,740900.0,163949.0
Wednesday,Richmond,20,94115.0,14,33021.0,29596.0,18884.0,17289.0,965800.0,76952.0
Wednesday,Richmond,20,94118.0,51,38319.0,19663.0,18633.0,17171.0,1000001.0,82857.0
Wednesday,Richmond,20,94122.0,22,56023.0,23699.0,23633.0,22162.0,774500.0,81768.0
Wednesday,Richmond,20,94123.0,1,23088.0,22622.0,15083.0,13717.0,1000001.0,112650.0
Wednesday,Richmond,21,94115.0,4,33021.0,29596.0,18884.0,17289.0,965800.0,76952.0
Wednesday,Richmond,21,94118.0,27,38319.0,19663.0,18633.0,17171.0,1000001.0,82857.0
Wednesday,Richmond,21,94122.0,8,56023.0,23699.0,23633.0,22162.0,774500.0,81768.0
Wednesday,Richmond,22,94115.0,6,33021.0,29596.0,18884.0,17289.0,965800.0,76952.0
Wednesday,Richmond,22,94118.0,20,38319.0,19663.0,18633.0,17171.0,1000001.0,82857.0
Wednesday,Richmond,22,94122.0,8,56023.0,23699.0,23633.0,22162.0,774500.0,81768.0
Wednesday,Richmond,23,94115.0,5,33021.0,29596.0,18884.0,17289.0,965800.0,76952.0
Wednesday,Richmond,23,94118.0,28,38319.0,19663.0,18633.0,17171.0,1000001.0,82857.0
Wednesday,Richmond,23,94122.0,10,56023.0,23699.0,23633.0,22162.0,774500.0,81768.0
Wednesday,Southern,0,94102.0,7,31176.0,46472.0,18758.0,16844.0,574100.0,22517.0
Wednesday,Southern,0,94103.0,76,27170.0,20036.0,14778.0,13098.0,628000.0,43364.0
Wednesday,Southern,0,94104.0,8,406.0,5232.0,368.0,207.0,1000001.0,48750.0
Wednesday,Southern,0,94105.0,24,5846.0,15826.0,4601.0,3586.0,740900.0,163949.0
Wednesday,Southern,0,94107.0,3,26599.0,14845.0,15141.0,13736.0,719700.0,114439.0
Wednesday,Southern,0,94118.0,2,38319.0,19663.0,18633.0,17171.0,1000001.0,82857.0
Wednesday,Southern,0,94130.0,2,2880.0,3196.0,786.0,656.0,,37500.0
Wednesday,Southern,0,94158.0,12,4792.0,7288.0,2482.0,2271.0,643900.0,82195.0
Wednesday,Southern,1,94102.0,8,31176.0,46472.0,18758.0,16844.0,574100.0,22517.0
Wednesday,Southern,1,94103.0,20,27170.0,20036.0,14778.0,13098.0,628000.0,43364.0
Wednesday,Southern,1,94105.0,12,5846.0,15826.0,4601.0,3586.0,740900.0,163949.0
Wednesday,Southern,1,94158.0,8,4792.0,7288.0,2482.0,2271.0,643900.0,82195.0
Wednesday,Southern,2,94102.0,6,31176.0,46472.0,18758.0,16844.0,574100.0,22517.0
Wednesday,Southern,2,94103.0,17,27170.0,20036.0,14778.0,13098.0,628000.0,43364.0
Wednesday,Southern,2,94104.0,1,406.0,5232.0,368.0,207.0,1000001.0,48750.0
Wednesday,Southern,2,94105.0,16,5846.0,15826.0,4601.0,3586.0,740900.0,163949.0
Wednesday,Southern,2,94158.0,3,4792.0,7288.0,2482.0,2271.0,643900.0,82195.0
Wednesday,Southern,3,94102.0,4,31176.0,46472.0,18758.0,16844.0,574100.0,22517.0
Wednesday,Southern,3,94103.0,12,27170.0,20036.0,14778.0,13098.0,628000.0,43364.0
Wednesday,Southern,3,94104.0,1,406.0,5232.0,368.0,207.0,1000001.0,48750.0
Wednesday,Southern,3,94105.0,6,5846.0,15826.0,4601.0,3586.0,740900.0,163949.0
Wednesday,Southern,3,94130.0,1,2880.0,3196.0,786.0,656.0,,37500.0
Wednesday,Southern,3,94158.0,4,4792.0,7288.0,2482.0,2271.0,643900.0,82195.0
Wednesday,Southern,4,94102.0,5,31176.0,46472.0,18758.0,16844.0,574100.0,22517.0
Wednesday,Southern,4,94103.0,8,27170.0,20036.0,14778.0,13098.0,628000.0,43364.0
Wednesday,Southern,4,94104.0,2,406.0,5232.0,368.0,207.0,1000001.0,48750.0
Wednesday,Southern,4,94105.0,7,5846.0,15826.0,4601.0,3586.0,740900.0,163949.0
Wednesday,Southern,4,94107.0,1,26599.0,14845.0,15141.0,13736.0,719700.0,114439.0
Wednesday,Southern,4,94130.0,4,2880.0,3196.0,786.0,656.0,,37500.0
Wednesday,Southern,4,94158.0,5,4792.0,7288.0,2482.0,2271.0,643900.0,82195.0
Wednesday,Southern,5,94102.0,4,31176.0,46472.0,18758.0,16844.0,574100.0,22517.0
Wednesday,Southern,5,94103.0,21,27170.0,20036.0,14778.0,13098.0,628000.0,43364.0
Wednesday,Southern,5,94104.0,1,406.0,5232.0,368.0,207.0,1000001.0,48750.0
Wednesday,Southern,5,94105.0,10,5846.0,15826.0,4601.0,3586.0,740900.0,163949.0
Wednesday,Southern,5,94107.0,2,26599.0,14845.0,15141.0,13736.0,719700.0,114439.0
Wednesday,Southern,5,94158.0,8,4792.0,7288.0,2482.0,2271.0,643900.0,82195.0
Wednesday,Southern,6,94102.0,7,31176.0,46472.0,18758.0,16844.0,574100.0,22517.0
Wednesday,Southern,6,94103.0,39,27170.0,20036.0,14778.0,13098.0,628000.0,43364.0
Wednesday,Southern,6,94104.0,1,406.0,5232.0,368.0,207.0,1000001.0,48750.0
Wednesday,Southern,6,94105.0,8,5846.0,15826.0,4601.0,3586.0,740900.0,163949.0
Wednesday,Southern,6,94109.0,1,55984.0,47129.0,37182.0,33342.0,723200.0,60722.0
Wednesday,Southern,6,94130.0,2,2880.0,3196.0,786.0,656.0,,37500.0
Wednesday,Southern,6,94158.0,7,4792.0,7288.0,2482.0,2271.0,643900.0,82195.0
Wednesday,Southern,7,94103.0,43,27170.0,20036.0,14778.0,13098.0,628000.0,43364.0
Wednesday,Southern,7,94104.0,1,406.0,5232.0,368.0,207.0,1000001.0,48750.0
Wednesday,Southern,7,94105.0,14,5846.0,15826.0,4601.0,3586.0,740900.0,163949.0
Wednesday,Southern,7,94108.0,1,13768.0,50983.0,8843.0,7628.0,856900.0,35427.0
Wednesday,Southern,7,94130.0,2,2880.0,3196.0,786.0,656.0,,37500.0
Wednesday,Southern,7,94158.0,16,4792.0,7288.0,2482.0,2271.0,643900.0,82195.0
Wednesday,Southern,8,94102.0,8,31176.0,46472.0,18758.0,16844.0,574100.0,22517.0
Wednesday,Southern,8,94103.0,53,27170.0,20036.0,14778.0,13098.0,628000.0,43364.0
Wednesday,Southern,8,94105.0,18,5846.0,15826.0,4601.0,3586.0,740900.0,163949.0
Wednesday,Southern,8,94110.0,1,69333.0,29816.0,28913.0,27128.0,768200.0,82111.0
Wednesday,Southern,8,94130.0,5,2880.0,3196.0,786.0,656.0,,37500.0
Wednesday,Southern,8,94158.0,16,4792.0,7288.0,2482.0,2271.0,643900.0,82195.0
Wednesday,Southern,9,94102.0,13,31176.0,46472.0,18758.0,16844.0,574100.0,22517.0
Wednesday,Southern,9,94103.0,60,27170.0,20036.0,14778.0,13098.0,628000.0,43364.0
Wednesday,Southern,9,94104.0,1,406.0,5232.0,368.0,207.0,1000001.0,48750.0
Wednesday,Southern,9,94105.0,37,5846.0,15826.0,4601.0,3586.0,740900.0,163949.0
Wednesday,Southern,9,94107.0,5,26599.0,14845.0,15141.0,13736.0,719700.0,114439.0
Wednesday,Southern,9,94115.0,1,33021.0,29596.0,18884.0,17289.0,965800.0,76952.0
Wednesday,Southern,9,94130.0,7,2880.0,3196.0,786.0,656.0,,37500.0
Wednesday,Southern,9,94132.0,2,28129.0,9045.0,10769.0,9993.0,733100.0,69223.0
Wednesday,Southern,9,94158.0,11,4792.0,7288.0,2482.0,2271.0,643900.0,82195.0
Wednesday,Southern,10,94102.0,15,31176.0,46472.0,18758.0,16844.0,574100.0,22517.0
Wednesday,Southern,10,94103.0,80,27170.0,20036.0,14778.0,13098.0,628000.0,43364.0
Wednesday,Southern,10,94104.0,2,406.0,5232.0,368.0,207.0,1000001.0,48750.0
Wednesday,Southern,10,94105.0,20,5846.0,15826.0,4601.0,3586.0,740900.0,163949.0
Wednesday,Southern,10,94117.0,1,39169.0,23211.0,19255.0,17939.0,911500.0,94479.0
Wednesday,Southern,10,94130.0,3,2880.0,3196.0,786.0,656.0,,37500.0
Wednesday,Southern,10,94158.0,21,4792.0,7288.0,2482.0,2271.0,643900.0,82195.0
Wednesday,Southern,11,94102.0,16,31176.0,46472.0,18758.0,16844.0,574100.0,22517.0
Wednesday,Southern,11,94103.0,94,27170.0,20036.0,14778.0,13098.0,628000.0,43364.0
Wednesday,Southern,11,94105.0,21,5846.0,15826.0,4601.0,3586.0,740900.0,163949.0
Wednesday,Southern,11,94110.0,1,69333.0,29816.0,28913.0,27128.0,768200.0,82111.0
Wednesday,Southern,11,94118.0,1,38319.0,19663.0,18633.0,17171.0,1000001.0,82857.0
Wednesday,Southern,11,94122.0,1,56023.0,23699.0,23633.0,22162.0,774500.0,81768.0
Wednesday,Southern,11,94130.0,4,2880.0,3196.0,786.0,656.0,,37500.0
Wednesday,Southern,11,94158.0,14,4792.0,7288.0,2482.0,2271.0,643900.0,82195.0
Wednesday,Southern,12,94102.0,13,31176.0,46472.0,18758.0,16844.0,574100.0,22517.0
Wednesday,Southern,12,94103.0,64,27170.0,20036.0,14778.0,13098.0,628000.0,43364.0
Wednesday,Southern,12,94104.0,3,406.0,5232.0,368.0,207.0,1000001.0,48750.0
Wednesday,Southern,12,94105.0,31,5846.0,15826.0,4601.0,3586.0,740900.0,163949.0
Wednesday,Southern,12,94107.0,1,26599.0,14845.0,15141.0,13736.0,719700.0,114439.0
Wednesday,Southern,12,94130.0,3,2880.0,3196.0,786.0,656.0,,37500.0
Wednesday,Southern,12,94134.0,1,40798.0,17001.0,11867.0,11244.0,547800.0,56716.0
Wednesday,Southern,12,94158.0,29,4792.0,7288.0,2482.0,2271.0,643900.0,82195.0
Wednesday,Southern,13,94102.0,11,31176.0,46472.0,18758.0,16844.0,574100.0,22517.0
Wednesday,Southern,13,94103.0,96,27170.0,20036.0,14778.0,13098.0,628000.0,43364.0
Wednesday,Southern,13,94104.0,3,406.0,5232.0,368.0,207.0,1000001.0,48750.0
Wednesday,Southern,13,94105.0,22,5846.0,15826.0,4601.0,3586.0,740900.0,163949.0
Wednesday,Southern,13,94107.0,4,26599.0,14845.0,15141.0,13736.0,719700.0,114439.0
Wednesday,Southern,13,94108.0,1,13768.0,50983.0,8843.0,7628.0,856900.0,35427.0
Wednesday,Southern,13,94130.0,2,2880.0,3196.0,786.0,656.0,,37500.0
Wednesday,Southern,13,94158.0,28,4792.0,7288.0,2482.0,2271.0,643900.0,82195.0
Wednesday,Southern,14,94102.0,20,31176.0,46472.0,18758.0,16844.0,574100.0,22517.0
Wednesday,Southern,14,94103.0,51,27170.0,20036.0,14778.0,13098.0,628000.0,43364.0
Wednesday,Southern,14,94104.0,2,406.0,5232.0,368.0,207.0,1000001.0,48750.0
Wednesday,Southern,14,94105.0,18,5846.0,15826.0,4601.0,3586.0,740900.0,163949.0
Wednesday,Southern,14,94107.0,2,26599.0,14845.0,15141.0,13736.0,719700.0,114439.0
Wednesday,Southern,14,94109.0,1,55984.0,47129.0,37182.0,33342.0,723200.0,60722.0
Wednesday,Southern,14,94110.0,1,69333.0,29816.0,28913.0,27128.0,768200.0,82111.0
Wednesday,Southern,14,94130.0,2,2880.0,3196.0,786.0,656.0,,37500.0
Wednesday,Southern,14,94158.0,18,4792.0,7288.0,2482.0,2271.0,643900.0,82195.0
Wednesday,Southern,15,94102.0,9,31176.0,46472.0,18758.0,16844.0,574100.0,22517.0
Wednesday,Southern,15,94103.0,83,27170.0,20036.0,14778.0,13098.0,628000.0,43364.0
Wednesday,Southern,15,94104.0,10,406.0,5232.0,368.0,207.0,1000001.0,48750.0
Wednesday,Southern,15,94105.0,31,5846.0,15826.0,4601.0,3586.0,740900.0,163949.0
Wednesday,Southern,15,94107.0,1,26599.0,14845.0,15141.0,13736.0,719700.0,114439.0
Wednesday,Southern,15,94110.0,1,69333.0,29816.0,28913.0,27128.0,768200.0,82111.0
Wednesday,Southern,15,94122.0,1,56023.0,23699.0,23633.0,22162.0,774500.0,81768.0
Wednesday,Southern,15,94130.0,9,2880.0,3196.0,786.0,656.0,,37500.0
Wednesday,Southern,15,94158.0,20,4792.0,7288.0,2482.0,2271.0,643900.0,82195.0
Wednesday,Southern,16,94102.0,15,31176.0,46472.0,18758.0,16844.0,574100.0,22517.0
Wednesday,Southern,16,94103.0,98,27170.0,20036.0,14778.0,13098.0,628000.0,43364.0
Wednesday,Southern,16,94104.0,7,406.0,5232.0,368.0,207.0,1000001.0,48750.0
Wednesday,Southern,16,94105.0,34,5846.0,15826.0,4601.0,3586.0,740900.0,163949.0
Wednesday,Southern,16,94130.0,1,2880.0,3196.0,786.0,656.0,,37500.0
Wednesday,Southern,16,94134.0,1,40798.0,17001.0,11867.0,11244.0,547800.0,56716.0
Wednesday,Southern,16,94158.0,15,4792.0,7288.0,2482.0,2271.0,643900.0,82195.0
Wednesday,Southern,17,94102.0,11,31176.0,46472.0,18758.0,16844.0,574100.0,22517.0
Wednesday,Southern,17,94103.0,72,27170.0,20036.0,14778.0,13098.0,628000.0,43364.0
Wednesday,Southern,17,94104.0,4,406.0,5232.0,368.0,207.0,1000001.0,48750.0
Wednesday,Southern,17,94105.0,30,5846.0,15826.0,4601.0,3586.0,740900.0,163949.0
Wednesday,Southern,17,94107.0,1,26599.0,14845.0,15141.0,13736.0,719700.0,114439.0
Wednesday,Southern,17,94110.0,1,69333.0,29816.0,28913.0,27128.0,768200.0,82111.0
Wednesday,Southern,17,94130.0,2,2880.0,3196.0,786.0,656.0,,37500.0
Wednesday,Southern,17,94158.0,18,4792.0,7288.0,2482.0,2271.0,643900.0,82195.0
Wednesday,Southern,18,94102.0,6,31176.0,46472.0,18758.0,16844.0,574100.0,22517.0
Wednesday,Southern,18,94103.0,67,27170.0,20036.0,14778.0,13098.0,628000.0,43364.0
Wednesday,Southern,18,94104.0,7,406.0,5232.0,368.0,207.0,1000001.0,48750.0
Wednesday,Southern,18,94105.0,43,5846.0,15826.0,4601.0,3586.0,740900.0,163949.0
Wednesday,Southern,18,94107.0,3,26599.0,14845.0,15141.0,13736.0,719700.0,114439.0
Wednesday,Southern,18,94110.0,3,69333.0,29816.0,28913.0,27128.0,768200.0,82111.0
Wednesday,Southern,18,94130.0,3,2880.0,3196.0,786.0,656.0,,37500.0
Wednesday,Southern,18,94158.0,39,4792.0,7288.0,2482.0,2271.0,643900.0,82195.0
Wednesday,Southern,19,94102.0,15,31176.0,46472.0,18758.0,16844.0,574100.0,22517.0
Wednesday,Southern,19,94103.0,73,27170.0,20036.0,14778.0,13098.0,628000.0,43364.0
Wednesday,Southern,19,94104.0,6,406.0,5232.0,368.0,207.0,1000001.0,48750.0
Wednesday,Southern,19,94105.0,39,5846.0,15826.0,4601.0,3586.0,740900.0,163949.0
Wednesday,Southern,19,94107.0,3,26599.0,14845.0,15141.0,13736.0,719700.0,114439.0
Wednesday,Southern,19,94112.0,2,79407.0,23606.0,23081.0,21975.0,602400.0,71625.0
Wednesday,Southern,19,94130.0,4,2880.0,3196.0,786.0,656.0,,37500.0
Wednesday,Southern,19,94158.0,47,4792.0,7288.0,2482.0,2271.0,643900.0,82195.0
Wednesday,Southern,20,94102.0,10,31176.0,46472.0,18758.0,16844.0,574100.0,22517.0
Wednesday,Southern,20,94103.0,66,27170.0,20036.0,14778.0,13098.0,628000.0,43364.0
Wednesday,Southern,20,94104.0,8,406.0,5232.0,368.0,207.0,1000001.0,48750.0
Wednesday,Southern,20,94105.0,35,5846.0,15826.0,4601.0,3586.0,740900.0,163949.0
Wednesday,Southern,20,94107.0,3,26599.0,14845.0,15141.0,13736.0,719700.0,114439.0
Wednesday,Southern,20,94114.0,1,31124.0,21837.0,17634.0,16281.0,1000001.0,114689.0
Wednesday,Southern,20,94130.0,1,2880.0,3196.0,786.0,656.0,,37500.0
Wednesday,Southern,20,94158.0,32,4792.0,7288.0,2482.0,2271.0,643900.0,82195.0
Wednesday,Southern,21,94102.0,12,31176.0,46472.0,18758.0,16844.0,574100.0,22517.0
Wednesday,Southern,21,94103.0,56,27170.0,20036.0,14778.0,13098.0,628000.0,43364.0
Wednesday,Southern,21,94105.0,17,5846.0,15826.0,4601.0,3586.0,740900.0,163949.0
Wednesday,Southern,21,94130.0,8,2880.0,3196.0,786.0,656.0,,37500.0
Wednesday,Southern,21,94158.0,21,4792.0,7288.0,2482.0,2271.0,643900.0,82195.0
Wednesday,Southern,22,94102.0,11,31176.0,46472.0,18758.0,16844.0,574100.0,22517.0
Wednesday,Southern,22,94103.0,40,27170.0,20036.0,14778.0,13098.0,628000.0,43364.0
Wednesday,Southern,22,94104.0,2,406.0,5232.0,368.0,207.0,1000001.0,48750.0
Wednesday,Southern,22,94105.0,19,5846.0,15826.0,4601.0,3586.0,740900.0,163949.0
Wednesday,Southern,22,94107.0,2,26599.0,14845.0,15141.0,13736.0,719700.0,114439.0
Wednesday,Southern,22,94108.0,1,13768.0,50983.0,8843.0,7628.0,856900.0,35427.0
Wednesday,Southern,22,94130.0,9,2880.0,3196.0,786.0,656.0,,37500.0
Wednesday,Southern,22,94134.0,1,40798.0,17001.0,11867.0,11244.0,547800.0,56716.0
Wednesday,Southern,22,94158.0,15,4792.0,7288.0,2482.0,2271.0,643900.0,82195.0
Wednesday,Southern,23,94102.0,5,31176.0,46472.0,18758.0,16844.0,574100.0,22517.0
Wednesday,Southern,23,94103.0,53,27170.0,20036.0,14778.0,13098.0,628000.0,43364.0
Wednesday,Southern,23,94104.0,4,406.0,5232.0,368.0,207.0,1000001.0,48750.0
Wednesday,Southern,23,94105.0,26,5846.0,15826.0,4601.0,3586.0,740900.0,163949.0
Wednesday,Southern,23,94130.0,1,2880.0,3196.0,786.0,656.0,,37500.0
Wednesday,Southern,23,94158.0,13,4792.0,7288.0,2482.0,2271.0,643900.0,82195.0
Wednesday,Taraval,0,94112.0,2,79407.0,23606.0,23081.0,21975.0,602400.0,71625.0
Wednesday,Taraval,0,94116.0,21,43698.0,16901.0,16283.0,15445.0,734400.0,83407.0
Wednesday,Taraval,0,94122.0,14,56023.0,23699.0,23633.0,22162.0,774500.0,81768.0
Wednesday,Taraval,0,94127.0,4,19289.0,10895.0,7801.0,7511.0,916900.0,131351.0
Wednesday,Taraval,0,94132.0,15,28129.0,9045.0,10769.0,9993.0,733100.0,69223.0
Wednesday,Taraval,1,94112.0,4,79407.0,23606.0,23081.0,21975.0,602400.0,71625.0
Wednesday,Taraval,1,94116.0,5,43698.0,16901.0,16283.0,15445.0,734400.0,83407.0
Wednesday,Taraval,1,94122.0,7,56023.0,23699.0,23633.0,22162.0,774500.0,81768.0
Wednesday,Taraval,1,94127.0,2,19289.0,10895.0,7801.0,7511.0,916900.0,131351.0
Wednesday,Taraval,1,94132.0,7,28129.0,9045.0,10769.0,9993.0,733100.0,69223.0
Wednesday,Taraval,2,94116.0,4,43698.0,16901.0,16283.0,15445.0,734400.0,83407.0
Wednesday,Taraval,2,94122.0,6,56023.0,23699.0,23633.0,22162.0,774500.0,81768.0
Wednesday,Taraval,2,94127.0,1,19289.0,10895.0,7801.0,7511.0,916900.0,131351.0
Wednesday,Taraval,2,94132.0,6,28129.0,9045.0,10769.0,9993.0,733100.0,69223.0
Wednesday,Taraval,3,94112.0,3,79407.0,23606.0,23081.0,21975.0,602400.0,71625.0
Wednesday,Taraval,3,94116.0,6,43698.0,16901.0,16283.0,15445.0,734400.0,83407.0
Wednesday,Taraval,3,94122.0,4,56023.0,23699.0,23633.0,22162.0,774500.0,81768.0
Wednesday,Taraval,3,94127.0,4,19289.0,10895.0,7801.0,7511.0,916900.0,131351.0
Wednesday,Taraval,3,94132.0,6,28129.0,9045.0,10769.0,9993.0,733100.0,69223.0
Wednesday,Taraval,4,94102.0,1,31176.0,46472.0,18758.0,16844.0,574100.0,22517.0
Wednesday,Taraval,4,94112.0,2,79407.0,23606.0,23081.0,21975.0,602400.0,71625.0
Wednesday,Taraval,4,94122.0,2,56023.0,23699.0,23633.0,22162.0,774500.0,81768.0
Wednesday,Taraval,4,94132.0,2,28129.0,9045.0,10769.0,9993.0,733100.0,69223.0
Wednesday,Taraval,5,94112.0,1,79407.0,23606.0,23081.0,21975.0,602400.0,71625.0
Wednesday,Taraval,5,94116.0,3,43698.0,16901.0,16283.0,15445.0,734400.0,83407.0
Wednesday,Taraval,5,94122.0,1,56023.0,23699.0,23633.0,22162.0,774500.0,81768.0
Wednesday,Taraval,5,94132.0,4,28129.0,9045.0,10769.0,9993.0,733100.0,69223.0
Wednesday,Taraval,6,94116.0,6,43698.0,16901.0,16283.0,15445.0,734400.0,83407.0
Wednesday,Taraval,6,94122.0,10,56023.0,23699.0,23633.0,22162.0,774500.0,81768.0
Wednesday,Taraval,6,94127.0,2,19289.0,10895.0,7801.0,7511.0,916900.0,131351.0
Wednesday,Taraval,6,94132.0,2,28129.0,9045.0,10769.0,9993.0,733100.0,69223.0
Wednesday,Taraval,7,94112.0,2,79407.0,23606.0,23081.0,21975.0,602400.0,71625.0
Wednesday,Taraval,7,94116.0,11,43698.0,16901.0,16283.0,15445.0,734400.0,83407.0
Wednesday,Taraval,7,94122.0,9,56023.0,23699.0,23633.0,22162.0,774500.0,81768.0
Wednesday,Taraval,7,94132.0,11,28129.0,9045.0,10769.0,9993.0,733100.0,69223.0
Wednesday,Taraval,8,94104.0,1,406.0,5232.0,368.0,207.0,1000001.0,48750.0
Wednesday,Taraval,8,94109.0,1,55984.0,47129.0,37182.0,33342.0,723200.0,60722.0
Wednesday,Taraval,8,94112.0,2,79407.0,23606.0,23081.0,21975.0,602400.0,71625.0
Wednesday,Taraval,8,94116.0,9,43698.0,16901.0,16283.0,15445.0,734400.0,83407.0
Wednesday,Taraval,8,94122.0,17,56023.0,23699.0,23633.0,22162.0,774500.0,81768.0
Wednesday,Taraval,8,94127.0,13,19289.0,10895.0,7801.0,7511.0,916900.0,131351.0
Wednesday,Taraval,8,94132.0,15,28129.0,9045.0,10769.0,9993.0,733100.0,69223.0
Wednesday,Taraval,9,94112.0,5,79407.0,23606.0,23081.0,21975.0,602400.0,71625.0
Wednesday,Taraval,9,94114.0,1,31124.0,21837.0,17634.0,16281.0,1000001.0,114689.0
Wednesday,Taraval,9,94115.0,1,33021.0,29596.0,18884.0,17289.0,965800.0,76952.0
Wednesday,Taraval,9,94116.0,30,43698.0,16901.0,16283.0,15445.0,734400.0,83407.0
Wednesday,Taraval,9,94122.0,12,56023.0,23699.0,23633.0,22162.0,774500.0,81768.0
Wednesday,Taraval,9,94127.0,11,19289.0,10895.0,7801.0,7511.0,916900.0,131351.0
Wednesday,Taraval,9,94131.0,1,26881.0,12926.0,13427.0,12618.0,859700.0,96889.0
Wednesday,Taraval,9,94132.0,12,28129.0,9045.0,10769.0,9993.0,733100.0,69223.0
Wednesday,Taraval,10,94112.0,6,79407.0,23606.0,23081.0,21975.0,602400.0,71625.0
Wednesday,Taraval,10,94116.0,35,43698.0,16901.0,16283.0,15445.0,734400.0,83407.0
Wednesday,Taraval,10,94122.0,26,56023.0,23699.0,23633.0,22162.0,774500.0,81768.0
Wednesday,Taraval,10,94127.0,6,19289.0,10895.0,7801.0,7511.0,916900.0,131351.0
Wednesday,Taraval,10,94132.0,23,28129.0,9045.0,10769.0,9993.0,733100.0,69223.0
Wednesday,Taraval,11,94112.0,5,79407.0,23606.0,23081.0,21975.0,602400.0,71625.0
Wednesday,Taraval,11,94116.0,32,43698.0,16901.0,16283.0,15445.0,734400.0,83407.0
Wednesday,Taraval,11,94122.0,19,56023.0,23699.0,23633.0,22162.0,774500.0,81768.0
Wednesday,Taraval,11,94127.0,15,19289.0,10895.0,7801.0,7511.0,916900.0,131351.0
Wednesday,Taraval,11,94132.0,13,28129.0,9045.0,10769.0,9993.0,733100.0,69223.0
Wednesday,Taraval,12,94103.0,2,27170.0,20036.0,14778.0,13098.0,628000.0,43364.0
Wednesday,Taraval,12,94112.0,3,79407.0,23606.0,23081.0,21975.0,602400.0,71625.0
Wednesday,Taraval,12,94116.0,21,43698.0,16901.0,16283.0,15445.0,734400.0,83407.0
Wednesday,Taraval,12,94122.0,35,56023.0,23699.0,23633.0,22162.0,774500.0,81768.0
Wednesday,Taraval,12,94127.0,20,19289.0,10895.0,7801.0,7511.0,916900.0,131351.0
Wednesday,Taraval,12,94132.0,29,28129.0,9045.0,10769.0,9993.0,733100.0,69223.0
Wednesday,Taraval,13,94103.0,3,27170.0,20036.0,14778.0,13098.0,628000.0,43364.0
Wednesday,Taraval,13,94116.0,42,43698.0,16901.0,16283.0,15445.0,734400.0,83407.0
Wednesday,Taraval,13,94122.0,29,56023.0,23699.0,23633.0,22162.0,774500.0,81768.0
Wednesday,Taraval,13,94127.0,14,19289.0,10895.0,7801.0,7511.0,916900.0,131351.0
Wednesday,Taraval,13,94132.0,30,28129.0,9045.0,10769.0,9993.0,733100.0,69223.0
Wednesday,Taraval,14,94112.0,1,79407.0,23606.0,23081.0,21975.0,602400.0,71625.0
Wednesday,Taraval,14,94116.0,16,43698.0,16901.0,16283.0,15445.0,734400.0,83407.0
Wednesday,Taraval,14,94122.0,16,56023.0,23699.0,23633.0,22162.0,774500.0,81768.0
Wednesday,Taraval,14,94127.0,13,19289.0,10895.0,7801.0,7511.0,916900.0,131351.0
Wednesday,Taraval,14,94131.0,1,26881.0,12926.0,13427.0,12618.0,859700.0,96889.0
Wednesday,Taraval,14,94132.0,14,28129.0,9045.0,10769.0,9993.0,733100.0,69223.0
Wednesday,Taraval,15,94108.0,1,13768.0,50983.0,8843.0,7628.0,856900.0,35427.0
Wednesday,Taraval,15,94116.0,30,43698.0,16901.0,16283.0,15445.0,734400.0,83407.0
Wednesday,Taraval,15,94122.0,16,56023.0,23699.0,23633.0,22162.0,774500.0,81768.0
Wednesday,Taraval,15,94127.0,22,19289.0,10895.0,7801.0,7511.0,916900.0,131351.0
Wednesday,Taraval,15,94132.0,28,28129.0,9045.0,10769.0,9993.0,733100.0,69223.0
Wednesday,Taraval,16,94108.0,1,13768.0,50983.0,8843.0,7628.0,856900.0,35427.0
Wednesday,Taraval,16,94112.0,4,79407.0,23606.0,23081.0,21975.0,602400.0,71625.0
Wednesday,Taraval,16,94116.0,26,43698.0,16901.0,16283.0,15445.0,734400.0,83407.0
Wednesday,Taraval,16,94122.0,22,56023.0,23699.0,23633.0,22162.0,774500.0,81768.0
Wednesday,Taraval,16,94127.0,12,19289.0,10895.0,7801.0,7511.0,916900.0,131351.0
Wednesday,Taraval,16,94132.0,19,28129.0,9045.0,10769.0,9993.0,733100.0,69223.0
Wednesday,Taraval,17,94110.0,1,69333.0,29816.0,28913.0,27128.0,768200.0,82111.0
Wednesday,Taraval,17,94112.0,3,79407.0,23606.0,23081.0,21975.0,602400.0,71625.0
Wednesday,Taraval,17,94116.0,22,43698.0,16901.0,16283.0,15445.0,734400.0,83407.0
Wednesday,Taraval,17,94122.0,19,56023.0,23699.0,23633.0,22162.0,774500.0,81768.0
Wednesday,Taraval,17,94127.0,13,19289.0,10895.0,7801.0,7511.0,916900.0,131351.0
Wednesday,Taraval,17,94132.0,15,28129.0,9045.0,10769.0,9993.0,733100.0,69223.0
Wednesday,Taraval,18,94112.0,3,79407.0,23606.0,23081.0,21975.0,602400.0,71625.0
Wednesday,Taraval,18,94116.0,21,43698.0,16901.0,16283.0,15445.0,734400.0,83407.0
Wednesday,Taraval,18,94122.0,20,56023.0,23699.0,23633.0,22162.0,774500.0,81768.0
Wednesday,Taraval,18,94127.0,15,19289.0,10895.0,7801.0,7511.0,916900.0,131351.0
Wednesday,Taraval,18,94132.0,12,28129.0,9045.0,10769.0,9993.0,733100.0,69223.0
Wednesday,Taraval,19,94112.0,5,79407.0,23606.0,23081.0,21975.0,602400.0,71625.0
Wednesday,Taraval,19,94114.0,1,31124.0,21837.0,17634.0,16281.0,1000001.0,114689.0
Wednesday,Taraval,19,94116.0,16,43698.0,16901.0,16283.0,15445.0,734400.0,83407.0
Wednesday,Taraval,19,94122.0,30,56023.0,23699.0,23633.0,22162.0,774500.0,81768.0
Wednesday,Taraval,19,94127.0,13,19289.0,10895.0,7801.0,7511.0,916900.0,131351.0
Wednesday,Taraval,19,94132.0,19,28129.0,9045.0,10769.0,9993.0,733100.0,69223.0
Wednesday,Taraval,20,94102.0,1,31176.0,46472.0,18758.0,16844.0,574100.0,22517.0
Wednesday,Taraval,20,94112.0,8,79407.0,23606.0,23081.0,21975.0,602400.0,71625.0
Wednesday,Taraval,20,94116.0,33,43698.0,16901.0,16283.0,15445.0,734400.0,83407.0
Wednesday,Taraval,20,94122.0,26,56023.0,23699.0,23633.0,22162.0,774500.0,81768.0
Wednesday,Taraval,20,94127.0,5,19289.0,10895.0,7801.0,7511.0,916900.0,131351.0
Wednesday,Taraval,20,94132.0,15,28129.0,9045.0,10769.0,9993.0,733100.0,69223.0
Wednesday,Taraval,21,94103.0,1,27170.0,20036.0,14778.0,13098.0,628000.0,43364.0
Wednesday,Taraval,21,94112.0,3,79407.0,23606.0,23081.0,21975.0,602400.0,71625.0
Wednesday,Taraval,21,94116.0,24,43698.0,16901.0,16283.0,15445.0,734400.0,83407.0
Wednesday,Taraval,21,94122.0,17,56023.0,23699.0,23633.0,22162.0,774500.0,81768.0
Wednesday,Taraval,21,94127.0,6,19289.0,10895.0,7801.0,7511.0,916900.0,131351.0
Wednesday,Taraval,21,94131.0,1,26881.0,12926.0,13427.0,12618.0,859700.0,96889.0
Wednesday,Taraval,21,94132.0,15,28129.0,9045.0,10769.0,9993.0,733100.0,69223.0
Wednesday,Taraval,22,94112.0,6,79407.0,23606.0,23081.0,21975.0,602400.0,71625.0
Wednesday,Taraval,22,94116.0,23,43698.0,16901.0,16283.0,15445.0,734400.0,83407.0
Wednesday,Taraval,22,94122.0,26,56023.0,23699.0,23633.0,22162.0,774500.0,81768.0
Wednesday,Taraval,22,94127.0,5,19289.0,10895.0,7801.0,7511.0,916900.0,131351.0
Wednesday,Taraval,22,94132.0,8,28129.0,9045.0,10769.0,9993.0,733100.0,69223.0
Wednesday,Taraval,23,94112.0,1,79407.0,23606.0,23081.0,21975.0,602400.0,71625.0
Wednesday,Taraval,23,94116.0,12,43698.0,16901.0,16283.0,15445.0,734400.0,83407.0
Wednesday,Taraval,23,94122.0,17,56023.0,23699.0,23633.0,22162.0,774500.0,81768.0
Wednesday,Taraval,23,94127.0,10,19289.0,10895.0,7801.0,7511.0,916900.0,131351.0
Wednesday,Taraval,23,94132.0,17,28129.0,9045.0,10769.0,9993.0,733100.0,69223.0
Wednesday,Tenderloin,0,94102.0,11,31176.0,46472.0,18758.0,16844.0,574100.0,22517.0
Wednesday,Tenderloin,0,94103.0,46,27170.0,20036.0,14778.0,13098.0,628000.0,43364.0
Wednesday,Tenderloin,0,94109.0,4,55984.0,47129.0,37182.0,33342.0,723200.0,60722.0
Wednesday,Tenderloin,1,94102.0,10,31176.0,46472.0,18758.0,16844.0,574100.0,22517.0
Wednesday,Tenderloin,1,94103.0,17,27170.0,20036.0,14778.0,13098.0,628000.0,43364.0
Wednesday,Tenderloin,1,94109.0,5,55984.0,47129.0,37182.0,33342.0,723200.0,60722.0
Wednesday,Tenderloin,2,94102.0,6,31176.0,46472.0,18758.0,16844.0,574100.0,22517.0
Wednesday,Tenderloin,2,94103.0,13,27170.0,20036.0,14778.0,13098.0,628000.0,43364.0
Wednesday,Tenderloin,2,94108.0,5,13768.0,50983.0,8843.0,7628.0,856900.0,35427.0
Wednesday,Tenderloin,2,94109.0,1,55984.0,47129.0,37182.0,33342.0,723200.0,60722.0
Wednesday,Tenderloin,3,94102.0,3,31176.0,46472.0,18758.0,16844.0,574100.0,22517.0
Wednesday,Tenderloin,3,94103.0,9,27170.0,20036.0,14778.0,13098.0,628000.0,43364.0
Wednesday,Tenderloin,3,94105.0,1,5846.0,15826.0,4601.0,3586.0,740900.0,163949.0
Wednesday,Tenderloin,3,94109.0,1,55984.0,47129.0,37182.0,33342.0,723200.0,60722.0
Wednesday,Tenderloin,4,94102.0,5,31176.0,46472.0,18758.0,16844.0,574100.0,22517.0
Wednesday,Tenderloin,4,94103.0,11,27170.0,20036.0,14778.0,13098.0,628000.0,43364.0
Wednesday,Tenderloin,4,94104.0,4,406.0,5232.0,368.0,207.0,1000001.0,48750.0
Wednesday,Tenderloin,4,94108.0,3,13768.0,50983.0,8843.0,7628.0,856900.0,35427.0
Wednesday,Tenderloin,4,94109.0,1,55984.0,47129.0,37182.0,33342.0,723200.0,60722.0
Wednesday,Tenderloin,5,94102.0,8,31176.0,46472.0,18758.0,16844.0,574100.0,22517.0
Wednesday,Tenderloin,5,94103.0,15,27170.0,20036.0,14778.0,13098.0,628000.0,43364.0
Wednesday,Tenderloin,5,94104.0,1,406.0,5232.0,368.0,207.0,1000001.0,48750.0
Wednesday,Tenderloin,5,94108.0,1,13768.0,50983.0,8843.0,7628.0,856900.0,35427.0
Wednesday,Tenderloin,6,94102.0,22,31176.0,46472.0,18758.0,16844.0,574100.0,22517.0
Wednesday,Tenderloin,6,94103.0,34,27170.0,20036.0,14778.0,13098.0,628000.0,43364.0
Wednesday,Tenderloin,6,94109.0,1,55984.0,47129.0,37182.0,33342.0,723200.0,60722.0
Wednesday,Tenderloin,7,94102.0,25,31176.0,46472.0,18758.0,16844.0,574100.0,22517.0
Wednesday,Tenderloin,7,94103.0,69,27170.0,20036.0,14778.0,13098.0,628000.0,43364.0
Wednesday,Tenderloin,7,94104.0,2,406.0,5232.0,368.0,207.0,1000001.0,48750.0
Wednesday,Tenderloin,7,94108.0,3,13768.0,50983.0,8843.0,7628.0,856900.0,35427.0
Wednesday,Tenderloin,7,94109.0,2,55984.0,47129.0,37182.0,33342.0,723200.0,60722.0
Wednesday,Tenderloin,8,94102.0,26,31176.0,46472.0,18758.0,16844.0,574100.0,22517.0
Wednesday,Tenderloin,8,94103.0,91,27170.0,20036.0,14778.0,13098.0,628000.0,43364.0
Wednesday,Tenderloin,8,94104.0,1,406.0,5232.0,368.0,207.0,1000001.0,48750.0
Wednesday,Tenderloin,8,94108.0,6,13768.0,50983.0,8843.0,7628.0,856900.0,35427.0
Wednesday,Tenderloin,8,94109.0,4,55984.0,47129.0,37182.0,33342.0,723200.0,60722.0
Wednesday,Tenderloin,9,94102.0,44,31176.0,46472.0,18758.0,16844.0,574100.0,22517.0
Wednesday,Tenderloin,9,94103.0,84,27170.0,20036.0,14778.0,13098.0,628000.0,43364.0
Wednesday,Tenderloin,9,94104.0,5,406.0,5232.0,368.0,207.0,1000001.0,48750.0
Wednesday,Tenderloin,9,94108.0,6,13768.0,50983.0,8843.0,7628.0,856900.0,35427.0
Wednesday,Tenderloin,9,94109.0,6,55984.0,47129.0,37182.0,33342.0,723200.0,60722.0
Wednesday,Tenderloin,10,94102.0,44,31176.0,46472.0,18758.0,16844.0,574100.0,22517.0
Wednesday,Tenderloin,10,94103.0,60,27170.0,20036.0,14778.0,13098.0,628000.0,43364.0
Wednesday,Tenderloin,10,94108.0,4,13768.0,50983.0,8843.0,7628.0,856900.0,35427.0
Wednesday,Tenderloin,10,94109.0,2,55984.0,47129.0,37182.0,33342.0,723200.0,60722.0
Wednesday,Tenderloin,11,94102.0,32,31176.0,46472.0,18758.0,16844.0,574100.0,22517.0
Wednesday,Tenderloin,11,94103.0,76,27170.0,20036.0,14778.0,13098.0,628000.0,43364.0
Wednesday,Tenderloin,11,94104.0,5,406.0,5232.0,368.0,207.0,1000001.0,48750.0
Wednesday,Tenderloin,11,94108.0,11,13768.0,50983.0,8843.0,7628.0,856900.0,35427.0
Wednesday,Tenderloin,11,94109.0,10,55984.0,47129.0,37182.0,33342.0,723200.0,60722.0
Wednesday,Tenderloin,11,94110.0,1,69333.0,29816.0,28913.0,27128.0,768200.0,82111.0
Wednesday,Tenderloin,11,94115.0,1,33021.0,29596.0,18884.0,17289.0,965800.0,76952.0
Wednesday,Tenderloin,12,94102.0,54,31176.0,46472.0,18758.0,16844.0,574100.0,22517.0
Wednesday,Tenderloin,12,94103.0,99,27170.0,20036.0,14778.0,13098.0,628000.0,43364.0
Wednesday,Tenderloin,12,94104.0,8,406.0,5232.0,368.0,207.0,1000001.0,48750.0
Wednesday,Tenderloin,12,94108.0,11,13768.0,50983.0,8843.0,7628.0,856900.0,35427.0
Wednesday,Tenderloin,12,94109.0,11,55984.0,47129.0,37182.0,33342.0,723200.0,60722.0
Wednesday,Tenderloin,13,94102.0,47,31176.0,46472.0,18758.0,16844.0,574100.0,22517.0
Wednesday,Tenderloin,13,94103.0,113,27170.0,20036.0,14778.0,13098.0,628000.0,43364.0
Wednesday,Tenderloin,13,94104.0,5,406.0,5232.0,368.0,207.0,1000001.0,48750.0
Wednesday,Tenderloin,13,94108.0,9,13768.0,50983.0,8843.0,7628.0,856900.0,35427.0
Wednesday,Tenderloin,13,94109.0,3,55984.0,47129.0,37182.0,33342.0,723200.0,60722.0
Wednesday,Tenderloin,14,94102.0,34,31176.0,46472.0,18758.0,16844.0,574100.0,22517.0
Wednesday,Tenderloin,14,94103.0,99,27170.0,20036.0,14778.0,13098.0,628000.0,43364.0
Wednesday,Tenderloin,14,94104.0,3,406.0,5232.0,368.0,207.0,1000001.0,48750.0
Wednesday,Tenderloin,14,94108.0,6,13768.0,50983.0,8843.0,7628.0,856900.0,35427.0
Wednesday,Tenderloin,14,94109.0,3,55984.0,47129.0,37182.0,33342.0,723200.0,60722.0
Wednesday,Tenderloin,14,94110.0,1,69333.0,29816.0,28913.0,27128.0,768200.0,82111.0
Wednesday,Tenderloin,15,94102.0,42,31176.0,46472.0,18758.0,16844.0,574100.0,22517.0
Wednesday,Tenderloin,15,94103.0,120,27170.0,20036.0,14778.0,13098.0,628000.0,43364.0
Wednesday,Tenderloin,15,94104.0,5,406.0,5232.0,368.0,207.0,1000001.0,48750.0
Wednesday,Tenderloin,15,94108.0,14,13768.0,50983.0,8843.0,7628.0,856900.0,35427.0
Wednesday,Tenderloin,15,94109.0,3,55984.0,47129.0,37182.0,33342.0,723200.0,60722.0
Wednesday,Tenderloin,15,94117.0,2,39169.0,23211.0,19255.0,17939.0,911500.0,94479.0
Wednesday,Tenderloin,16,94102.0,33,31176.0,46472.0,18758.0,16844.0,574100.0,22517.0
Wednesday,Tenderloin,16,94103.0,108,27170.0,20036.0,14778.0,13098.0,628000.0,43364.0
Wednesday,Tenderloin,16,94104.0,3,406.0,5232.0,368.0,207.0,1000001.0,48750.0
Wednesday,Tenderloin,16,94108.0,13,13768.0,50983.0,8843.0,7628.0,856900.0,35427.0
Wednesday,Tenderloin,16,94109.0,10,55984.0,47129.0,37182.0,33342.0,723200.0,60722.0
Wednesday,Tenderloin,16,94117.0,1,39169.0,23211.0,19255.0,17939.0,911500.0,94479.0
Wednesday,Tenderloin,17,94102.0,25,31176.0,46472.0,18758.0,16844.0,574100.0,22517.0
Wednesday,Tenderloin,17,94103.0,95,27170.0,20036.0,14778.0,13098.0,628000.0,43364.0
Wednesday,Tenderloin,17,94104.0,6,406.0,5232.0,368.0,207.0,1000001.0,48750.0
Wednesday,Tenderloin,17,94108.0,22,13768.0,50983.0,8843.0,7628.0,856900.0,35427.0
Wednesday,Tenderloin,17,94109.0,6,55984.0,47129.0,37182.0,33342.0,723200.0,60722.0
Wednesday,Tenderloin,18,94102.0,30,31176.0,46472.0,18758.0,16844.0,574100.0,22517.0
Wednesday,Tenderloin,18,94103.0,75,27170.0,20036.0,14778.0,13098.0,628000.0,43364.0
Wednesday,Tenderloin,18,94104.0,4,406.0,5232.0,368.0,207.0,1000001.0,48750.0
Wednesday,Tenderloin,18,94105.0,1,5846.0,15826.0,4601.0,3586.0,740900.0,163949.0
Wednesday,Tenderloin,18,94108.0,8,13768.0,50983.0,8843.0,7628.0,856900.0,35427.0
Wednesday,Tenderloin,18,94109.0,2,55984.0,47129.0,37182.0,33342.0,723200.0,60722.0
Wednesday,Tenderloin,19,94102.0,26,31176.0,46472.0,18758.0,16844.0,574100.0,22517.0
Wednesday,Tenderloin,19,94103.0,79,27170.0,20036.0,14778.0,13098.0,628000.0,43364.0
Wednesday,Tenderloin,19,94104.0,3,406.0,5232.0,368.0,207.0,1000001.0,48750.0
Wednesday,Tenderloin,19,94108.0,3,13768.0,50983.0,8843.0,7628.0,856900.0,35427.0
Wednesday,Tenderloin,19,94109.0,3,55984.0,47129.0,37182.0,33342.0,723200.0,60722.0
Wednesday,Tenderloin,20,94102.0,31,31176.0,46472.0,18758.0,16844.0,574100.0,22517.0
Wednesday,Tenderloin,20,94103.0,48,27170.0,20036.0,14778.0,13098.0,628000.0,43364.0
Wednesday,Tenderloin,20,94104.0,5,406.0,5232.0,368.0,207.0,1000001.0,48750.0
Wednesday,Tenderloin,20,94108.0,6,13768.0,50983.0,8843.0,7628.0,856900.0,35427.0
Wednesday,Tenderloin,20,94109.0,4,55984.0,47129.0,37182.0,33342.0,723200.0,60722.0
Wednesday,Tenderloin,21,94102.0,17,31176.0,46472.0,18758.0,16844.0,574100.0,22517.0
Wednesday,Tenderloin,21,94103.0,51,27170.0,20036.0,14778.0,13098.0,628000.0,43364.0
Wednesday,Tenderloin,21,94108.0,4,13768.0,50983.0,8843.0,7628.0,856900.0,35427.0
Wednesday,Tenderloin,21,94109.0,4,55984.0,47129.0,37182.0,33342.0,723200.0,60722.0
Wednesday,Tenderloin,21,94158.0,1,4792.0,7288.0,2482.0,2271.0,643900.0,82195.0
Wednesday,Tenderloin,22,94102.0,16,31176.0,46472.0,18758.0,16844.0,574100.0,22517.0
Wednesday,Tenderloin,22,94103.0,28,27170.0,20036.0,14778.0,13098.0,628000.0,43364.0
Wednesday,Tenderloin,22,94104.0,1,406.0,5232.0,368.0,207.0,1000001.0,48750.0
Wednesday,Tenderloin,22,94108.0,9,13768.0,50983.0,8843.0,7628.0,856900.0,35427.0
Wednesday,Tenderloin,22,94109.0,2,55984.0,47129.0,37182.0,33342.0,723200.0,60722.0
Wednesday,Tenderloin,23,94102.0,13,31176.0,46472.0,18758.0,16844.0,574100.0,22517.0
Wednesday,Tenderloin,23,94103.0,37,27170.0,20036.0,14778.0,13098.0,628000.0,43364.0
Wednesday,Tenderloin,23,94104.0,2,406.0,5232.0,368.0,207.0,1000001.0,48750.0
Wednesday,Tenderloin,23,94108.0,7,13768.0,50983.0,8843.0,7628.0,856900.0,35427.0
Wednesday,Tenderloin,23,94109.0,4,55984.0,47129.0,37182.0,33342.0,723200.0,60722.0
