incident_day_of_week,incident_hour,zipcode,police_district,crime,population,population_density,housing_units,occupied_housing_units,median_home_value,median_household_income
Friday,0,94102.0,Mission,20,31176.0,46472.0,18758.0,16844.0,574100.0,22517.0
Friday,0,94102.0,Northern,47,31176.0,46472.0,18758.0,16844.0,574100.0,22517.0
Friday,0,94102.0,Out of SF,2,31176.0,46472.0,18758.0,16844.0,574100.0,22517.0
Friday,0,94102.0,Southern,12,31176.0,46472.0,18758.0,16844.0,574100.0,22517.0
Friday,0,94102.0,Tenderloin,7,31176.0,46472.0,18758.0,16844.0,574100.0,22517.0
Friday,0,94103.0,Central,2,27170.0,20036.0,14778.0,13098.0,628000.0,43364.0
Friday,0,94103.0,Mission,9,27170.0,20036.0,14778.0,13098.0,628000.0,43364.0
Friday,0,94103.0,Out of SF,20,27170.0,20036.0,14778.0,13098.0,628000.0,43364.0
Friday,0,94103.0,Southern,62,27170.0,20036.0,14778.0,13098.0,628000.0,43364.0
Friday,0,94103.0,Taraval,1,27170.0,20036.0,14778.0,13098.0,628000.0,43364.0
Friday,0,94103.0,Tenderloin,60,27170.0,20036.0,14778.0,13098.0,628000.0,43364.0
Friday,0,94104.0,Central,24,406.0,5232.0,368.0,207.0,1000001.0,48750.0
Friday,0,94104.0,Southern,2,406.0,5232.0,368.0,207.0,1000001.0,48750.0
Friday,0,94105.0,Central,13,5846.0,15826.0,4601.0,3586.0,740900.0,163949.0
Friday,0,94105.0,Southern,19,5846.0,15826.0,4601.0,3586.0,740900.0,163949.0
Friday,0,94107.0,Bayview,10,26599.0,14845.0,15141.0,13736.0,719700.0,114439.0
Friday,0,94107.0,Southern,1,26599.0,14845.0,15141.0,13736.0,719700.0,114439.0
Friday,0,94108.0,Central,64,13768.0,50983.0,8843.0,7628.0,856900.0,35427.0
Friday,0,94108.0,Out of SF,8,13768.0,50983.0,8843.0,7628.0,856900.0,35427.0
Friday,0,94108.0,Tenderloin,7,13768.0,50983.0,8843.0,7628.0,856900.0,35427.0
Friday,0,94109.0,Central,20,55984.0,47129.0,37182.0,33342.0,723200.0,60722.0
Friday,0,94109.0,Northern,52,55984.0,47129.0,37182.0,33342.0,723200.0,60722.0
Friday,0,94109.0,Tenderloin,6,55984.0,47129.0,37182.0,33342.0,723200.0,60722.0
Friday,0,94110.0,Bayview,8,69333.0,29816.0,28913.0,27128.0,768200.0,82111.0
Friday,0,94110.0,Ingleside,21,69333.0,29816.0,28913.0,27128.0,768200.0,82111.0
Friday,0,94110.0,Mission,106,69333.0,29816.0,28913.0,27128.0,768200.0,82111.0
Friday,0,94110.0,Northern,1,69333.0,29816.0,28913.0,27128.0,768200.0,82111.0
Friday,0,94110.0,Out of SF,2,69333.0,29816.0,28913.0,27128.0,768200.0,82111.0
Friday,0,94110.0,Tenderloin,1,69333.0,29816.0,28913.0,27128.0,768200.0,82111.0
Friday,0,94111.0,Central,26,3713.0,10791.0,2811.0,2365.0,882000.0,89722.0
Friday,0,94111.0,Northern,1,3713.0,10791.0,2811.0,2365.0,882000.0,89722.0
Friday,0,94112.0,Ingleside,30,79407.0,23606.0,23081.0,21975.0,602400.0,71625.0
Friday,0,94112.0,Out of SF,4,79407.0,23606.0,23081.0,21975.0,602400.0,71625.0
Friday,0,94112.0,Park,1,79407.0,23606.0,23081.0,21975.0,602400.0,71625.0
Friday,0,94112.0,Taraval,2,79407.0,23606.0,23081.0,21975.0,602400.0,71625.0
Friday,0,94114.0,Mission,19,31124.0,21837.0,17634.0,16281.0,1000001.0,114689.0
Friday,0,94114.0,Park,8,31124.0,21837.0,17634.0,16281.0,1000001.0,114689.0
Friday,0,94114.0,Richmond,1,31124.0,21837.0,17634.0,16281.0,1000001.0,114689.0
Friday,0,94115.0,Northern,13,33021.0,29596.0,18884.0,17289.0,965800.0,76952.0
Friday,0,94115.0,Park,1,33021.0,29596.0,18884.0,17289.0,965800.0,76952.0
Friday,0,94115.0,Richmond,4,33021.0,29596.0,18884.0,17289.0,965800.0,76952.0
Friday,0,94116.0,Out of SF,2,43698.0,16901.0,16283.0,15445.0,734400.0,83407.0
Friday,0,94116.0,Taraval,22,43698.0,16901.0,16283.0,15445.0,734400.0,83407.0
Friday,0,94117.0,Mission,6,39169.0,23211.0,19255.0,17939.0,911500.0,94479.0
Friday,0,94117.0,Northern,12,39169.0,23211.0,19255.0,17939.0,911500.0,94479.0
Friday,0,94117.0,Park,19,39169.0,23211.0,19255.0,17939.0,911500.0,94479.0
Friday,0,94117.0,Taraval,1,39169.0,23211.0,19255.0,17939.0,911500.0,94479.0
Friday,0,94118.0,Out of SF,5,38319.0,19663.0,18633.0,17171.0,1000001.0,82857.0
Friday,0,94118.0,Park,4,38319.0,19663.0,18633.0,17171.0,1000001.0,82857.0
Friday,0,94118.0,Richmond,37,38319.0,19663.0,18633.0,17171.0,1000001.0,82857.0
Friday,0,94118.0,Southern,1,38319.0,19663.0,18633.0,17171.0,1000001.0,82857.0
Friday,0,94122.0,Park,2,56023.0,23699.0,23633.0,22162.0,774500.0,81768.0
Friday,0,94122.0,Richmond,5,56023.0,23699.0,23633.0,22162.0,774500.0,81768.0
Friday,0,94122.0,Taraval,20,56023.0,23699.0,23633.0,22162.0,774500.0,81768.0
Friday,0,94123.0,Northern,22,23088.0,22622.0,15083.0,13717.0,1000001.0,112650.0
Friday,0,94124.0,Bayview,43,33996.0,6901.0,10812.0,9717.0,470400.0,50146.0
Friday,0,94124.0,Out of SF,1,33996.0,6901.0,10812.0,9717.0,470400.0,50146.0
Friday,0,94124.0,Southern,1,33996.0,6901.0,10812.0,9717.0,470400.0,50146.0
Friday,0,94127.0,Ingleside,10,19289.0,10895.0,7801.0,7511.0,916900.0,131351.0
Friday,0,94127.0,Taraval,16,19289.0,10895.0,7801.0,7511.0,916900.0,131351.0
Friday,0,94129.0,Central,1,3183.0,1381.0,1132.0,1086.0,,143320.0
Friday,0,94130.0,Central,1,2880.0,3196.0,786.0,656.0,,37500.0
Friday,0,94130.0,Southern,1,2880.0,3196.0,786.0,656.0,,37500.0
Friday,0,94131.0,Ingleside,9,26881.0,12926.0,13427.0,12618.0,859700.0,96889.0
Friday,0,94131.0,Mission,6,26881.0,12926.0,13427.0,12618.0,859700.0,96889.0
Friday,0,94131.0,Park,3,26881.0,12926.0,13427.0,12618.0,859700.0,96889.0
Friday,0,94131.0,Taraval,1,26881.0,12926.0,13427.0,12618.0,859700.0,96889.0
Friday,0,94132.0,Taraval,8,28129.0,9045.0,10769.0,9993.0,733100.0,69223.0
Friday,0,94134.0,Bayview,25,40798.0,17001.0,11867.0,11244.0,547800.0,56716.0
Friday,0,94134.0,Ingleside,23,40798.0,17001.0,11867.0,11244.0,547800.0,56716.0
Friday,0,94158.0,Bayview,15,4792.0,7288.0,2482.0,2271.0,643900.0,82195.0
Friday,0,94158.0,Ingleside,1,4792.0,7288.0,2482.0,2271.0,643900.0,82195.0
Friday,0,94158.0,Mission,4,4792.0,7288.0,2482.0,2271.0,643900.0,82195.0
Friday,0,94158.0,Out of SF,14,4792.0,7288.0,2482.0,2271.0,643900.0,82195.0
Friday,0,94158.0,Southern,21,4792.0,7288.0,2482.0,2271.0,643900.0,82195.0
Friday,1,94102.0,Mission,10,31176.0,46472.0,18758.0,16844.0,574100.0,22517.0
Friday,1,94102.0,Northern,23,31176.0,46472.0,18758.0,16844.0,574100.0,22517.0
Friday,1,94102.0,Southern,4,31176.0,46472.0,18758.0,16844.0,574100.0,22517.0
Friday,1,94102.0,Tenderloin,13,31176.0,46472.0,18758.0,16844.0,574100.0,22517.0
Friday,1,94103.0,Out of SF,4,27170.0,20036.0,14778.0,13098.0,628000.0,43364.0
Friday,1,94103.0,Southern,56,27170.0,20036.0,14778.0,13098.0,628000.0,43364.0
Friday,1,94103.0,Tenderloin,27,27170.0,20036.0,14778.0,13098.0,628000.0,43364.0
Friday,1,94104.0,Central,17,406.0,5232.0,368.0,207.0,1000001.0,48750.0
Friday,1,94104.0,Out of SF,1,406.0,5232.0,368.0,207.0,1000001.0,48750.0
Friday,1,94104.0,Southern,2,406.0,5232.0,368.0,207.0,1000001.0,48750.0
Friday,1,94105.0,Central,2,5846.0,15826.0,4601.0,3586.0,740900.0,163949.0
Friday,1,94105.0,Southern,12,5846.0,15826.0,4601.0,3586.0,740900.0,163949.0
Friday,1,94107.0,Bayview,1,26599.0,14845.0,15141.0,13736.0,719700.0,114439.0
Friday,1,94107.0,Southern,2,26599.0,14845.0,15141.0,13736.0,719700.0,114439.0
Friday,1,94108.0,Central,29,13768.0,50983.0,8843.0,7628.0,856900.0,35427.0
Friday,1,94108.0,Tenderloin,5,13768.0,50983.0,8843.0,7628.0,856900.0,35427.0
Friday,1,94109.0,Central,5,55984.0,47129.0,37182.0,33342.0,723200.0,60722.0
Friday,1,94109.0,Northern,27,55984.0,47129.0,37182.0,33342.0,723200.0,60722.0
Friday,1,94109.0,Tenderloin,1,55984.0,47129.0,37182.0,33342.0,723200.0,60722.0
Friday,1,94110.0,Bayview,7,69333.0,29816.0,28913.0,27128.0,768200.0,82111.0
Friday,1,94110.0,Ingleside,10,69333.0,29816.0,28913.0,27128.0,768200.0,82111.0
Friday,1,94110.0,Mission,48,69333.0,29816.0,28913.0,27128.0,768200.0,82111.0
Friday,1,94111.0,Central,20,3713.0,10791.0,2811.0,2365.0,882000.0,89722.0
Friday,1,94112.0,Ingleside,8,79407.0,23606.0,23081.0,21975.0,602400.0,71625.0
Friday,1,94112.0,Out of SF,3,79407.0,23606.0,23081.0,21975.0,602400.0,71625.0
Friday,1,94112.0,Taraval,1,79407.0,23606.0,23081.0,21975.0,602400.0,71625.0
Friday,1,94114.0,Mission,15,31124.0,21837.0,17634.0,16281.0,1000001.0,114689.0
Friday,1,94114.0,Park,4,31124.0,21837.0,17634.0,16281.0,1000001.0,114689.0
Friday,1,94115.0,Northern,8,33021.0,29596.0,18884.0,17289.0,965800.0,76952.0
Friday,1,94115.0,Richmond,4,33021.0,29596.0,18884.0,17289.0,965800.0,76952.0
Friday,1,94116.0,Taraval,7,43698.0,16901.0,16283.0,15445.0,734400.0,83407.0
Friday,1,94117.0,Mission,17,39169.0,23211.0,19255.0,17939.0,911500.0,94479.0
Friday,1,94117.0,Northern,4,39169.0,23211.0,19255.0,17939.0,911500.0,94479.0
Friday,1,94117.0,Park,8,39169.0,23211.0,19255.0,17939.0,911500.0,94479.0
Friday,1,94118.0,Bayview,1,38319.0,19663.0,18633.0,17171.0,1000001.0,82857.0
Friday,1,94118.0,Out of SF,1,38319.0,19663.0,18633.0,17171.0,1000001.0,82857.0
Friday,1,94118.0,Park,3,38319.0,19663.0,18633.0,17171.0,1000001.0,82857.0
Friday,1,94118.0,Richmond,10,38319.0,19663.0,18633.0,17171.0,1000001.0,82857.0
Friday,1,94122.0,Park,1,56023.0,23699.0,23633.0,22162.0,774500.0,81768.0
Friday,1,94122.0,Richmond,5,56023.0,23699.0,23633.0,22162.0,774500.0,81768.0
Friday,1,94122.0,Taraval,11,56023.0,23699.0,23633.0,22162.0,774500.0,81768.0
Friday,1,94123.0,Northern,13,23088.0,22622.0,15083.0,13717.0,1000001.0,112650.0
Friday,1,94124.0,Bayview,20,33996.0,6901.0,10812.0,9717.0,470400.0,50146.0
Friday,1,94127.0,Ingleside,3,19289.0,10895.0,7801.0,7511.0,916900.0,131351.0
Friday,1,94127.0,Taraval,1,19289.0,10895.0,7801.0,7511.0,916900.0,131351.0
Friday,1,94131.0,Ingleside,1,26881.0,12926.0,13427.0,12618.0,859700.0,96889.0
Friday,1,94131.0,Mission,3,26881.0,12926.0,13427.0,12618.0,859700.0,96889.0
Friday,1,94132.0,Taraval,9,28129.0,9045.0,10769.0,9993.0,733100.0,69223.0
Friday,1,94134.0,Bayview,9,40798.0,17001.0,11867.0,11244.0,547800.0,56716.0
Friday,1,94134.0,Ingleside,2,40798.0,17001.0,11867.0,11244.0,547800.0,56716.0
Friday,1,94134.0,Mission,1,40798.0,17001.0,11867.0,11244.0,547800.0,56716.0
Friday,1,94158.0,Bayview,3,4792.0,7288.0,2482.0,2271.0,643900.0,82195.0
Friday,1,94158.0,Mission,1,4792.0,7288.0,2482.0,2271.0,643900.0,82195.0
Friday,1,94158.0,Southern,11,4792.0,7288.0,2482.0,2271.0,643900.0,82195.0
Friday,2,94102.0,Mission,15,31176.0,46472.0,18758.0,16844.0,574100.0,22517.0
Friday,2,94102.0,Northern,20,31176.0,46472.0,18758.0,16844.0,574100.0,22517.0
Friday,2,94102.0,Southern,1,31176.0,46472.0,18758.0,16844.0,574100.0,22517.0
Friday,2,94102.0,Tenderloin,8,31176.0,46472.0,18758.0,16844.0,574100.0,22517.0
Friday,2,94103.0,Mission,3,27170.0,20036.0,14778.0,13098.0,628000.0,43364.0
Friday,2,94103.0,Out of SF,6,27170.0,20036.0,14778.0,13098.0,628000.0,43364.0
Friday,2,94103.0,Southern,30,27170.0,20036.0,14778.0,13098.0,628000.0,43364.0
Friday,2,94103.0,Tenderloin,13,27170.0,20036.0,14778.0,13098.0,628000.0,43364.0
Friday,2,94104.0,Central,17,406.0,5232.0,368.0,207.0,1000001.0,48750.0
Friday,2,94104.0,Southern,1,406.0,5232.0,368.0,207.0,1000001.0,48750.0
Friday,2,94104.0,Tenderloin,1,406.0,5232.0,368.0,207.0,1000001.0,48750.0
Friday,2,94105.0,Southern,17,5846.0,15826.0,4601.0,3586.0,740900.0,163949.0
Friday,2,94107.0,Bayview,1,26599.0,14845.0,15141.0,13736.0,719700.0,114439.0
Friday,2,94108.0,Central,39,13768.0,50983.0,8843.0,7628.0,856900.0,35427.0
Friday,2,94108.0,Tenderloin,5,13768.0,50983.0,8843.0,7628.0,856900.0,35427.0
Friday,2,94109.0,Central,9,55984.0,47129.0,37182.0,33342.0,723200.0,60722.0
Friday,2,94109.0,Northern,10,55984.0,47129.0,37182.0,33342.0,723200.0,60722.0
Friday,2,94109.0,Out of SF,2,55984.0,47129.0,37182.0,33342.0,723200.0,60722.0
Friday,2,94109.0,Tenderloin,5,55984.0,47129.0,37182.0,33342.0,723200.0,60722.0
Friday,2,94110.0,Bayview,5,69333.0,29816.0,28913.0,27128.0,768200.0,82111.0
Friday,2,94110.0,Ingleside,4,69333.0,29816.0,28913.0,27128.0,768200.0,82111.0
Friday,2,94110.0,Mission,46,69333.0,29816.0,28913.0,27128.0,768200.0,82111.0
Friday,2,94110.0,Southern,1,69333.0,29816.0,28913.0,27128.0,768200.0,82111.0
Friday,2,94111.0,Central,9,3713.0,10791.0,2811.0,2365.0,882000.0,89722.0
Friday,2,94112.0,Ingleside,19,79407.0,23606.0,23081.0,21975.0,602400.0,71625.0
Friday,2,94112.0,Taraval,2,79407.0,23606.0,23081.0,21975.0,602400.0,71625.0
Friday,2,94114.0,Mission,17,31124.0,21837.0,17634.0,16281.0,1000001.0,114689.0
Friday,2,94115.0,Northern,8,33021.0,29596.0,18884.0,17289.0,965800.0,76952.0
Friday,2,94115.0,Richmond,3,33021.0,29596.0,18884.0,17289.0,965800.0,76952.0
Friday,2,94116.0,Taraval,2,43698.0,16901.0,16283.0,15445.0,734400.0,83407.0
Friday,2,94117.0,Mission,3,39169.0,23211.0,19255.0,17939.0,911500.0,94479.0
Friday,2,94117.0,Northern,4,39169.0,23211.0,19255.0,17939.0,911500.0,94479.0
Friday,2,94117.0,Park,10,39169.0,23211.0,19255.0,17939.0,911500.0,94479.0
Friday,2,94118.0,Park,1,38319.0,19663.0,18633.0,17171.0,1000001.0,82857.0
Friday,2,94118.0,Richmond,13,38319.0,19663.0,18633.0,17171.0,1000001.0,82857.0
Friday,2,94122.0,Park,1,56023.0,23699.0,23633.0,22162.0,774500.0,81768.0
Friday,2,94122.0,Richmond,3,56023.0,23699.0,23633.0,22162.0,774500.0,81768.0
Friday,2,94122.0,Taraval,11,56023.0,23699.0,23633.0,22162.0,774500.0,81768.0
Friday,2,94123.0,Central,1,23088.0,22622.0,15083.0,13717.0,1000001.0,112650.0
Friday,2,94123.0,Northern,15,23088.0,22622.0,15083.0,13717.0,1000001.0,112650.0
Friday,2,94124.0,Bayview,2,33996.0,6901.0,10812.0,9717.0,470400.0,50146.0
Friday,2,94127.0,Ingleside,2,19289.0,10895.0,7801.0,7511.0,916900.0,131351.0
Friday,2,94127.0,Taraval,5,19289.0,10895.0,7801.0,7511.0,916900.0,131351.0
Friday,2,94131.0,Ingleside,1,26881.0,12926.0,13427.0,12618.0,859700.0,96889.0
Friday,2,94132.0,Taraval,5,28129.0,9045.0,10769.0,9993.0,733100.0,69223.0
Friday,2,94134.0,Bayview,5,40798.0,17001.0,11867.0,11244.0,547800.0,56716.0
Friday,2,94134.0,Ingleside,3,40798.0,17001.0,11867.0,11244.0,547800.0,56716.0
Friday,2,94134.0,Southern,1,40798.0,17001.0,11867.0,11244.0,547800.0,56716.0
Friday,2,94158.0,Bayview,2,4792.0,7288.0,2482.0,2271.0,643900.0,82195.0
Friday,2,94158.0,Mission,2,4792.0,7288.0,2482.0,2271.0,643900.0,82195.0
Friday,2,94158.0,Out of SF,2,4792.0,7288.0,2482.0,2271.0,643900.0,82195.0
Friday,2,94158.0,Southern,10,4792.0,7288.0,2482.0,2271.0,643900.0,82195.0
Friday,3,94102.0,Mission,4,31176.0,46472.0,18758.0,16844.0,574100.0,22517.0
Friday,3,94102.0,Northern,14,31176.0,46472.0,18758.0,16844.0,574100.0,22517.0
Friday,3,94102.0,Park,2,31176.0,46472.0,18758.0,16844.0,574100.0,22517.0
Friday,3,94102.0,Southern,2,31176.0,46472.0,18758.0,16844.0,574100.0,22517.0
Friday,3,94102.0,Tenderloin,11,31176.0,46472.0,18758.0,16844.0,574100.0,22517.0
Friday,3,94103.0,Ingleside,1,27170.0,20036.0,14778.0,13098.0,628000.0,43364.0
Friday,3,94103.0,Out of SF,8,27170.0,20036.0,14778.0,13098.0,628000.0,43364.0
Friday,3,94103.0,Southern,18,27170.0,20036.0,14778.0,13098.0,628000.0,43364.0
Friday,3,94103.0,Tenderloin,15,27170.0,20036.0,14778.0,13098.0,628000.0,43364.0
Friday,3,94104.0,Central,13,406.0,5232.0,368.0,207.0,1000001.0,48750.0
Friday,3,94104.0,Southern,5,406.0,5232.0,368.0,207.0,1000001.0,48750.0
Friday,3,94105.0,Bayview,1,5846.0,15826.0,4601.0,3586.0,740900.0,163949.0
Friday,3,94105.0,Southern,6,5846.0,15826.0,4601.0,3586.0,740900.0,163949.0
Friday,3,94107.0,Bayview,1,26599.0,14845.0,15141.0,13736.0,719700.0,114439.0
Friday,3,94107.0,Southern,2,26599.0,14845.0,15141.0,13736.0,719700.0,114439.0
Friday,3,94108.0,Central,37,13768.0,50983.0,8843.0,7628.0,856900.0,35427.0
Friday,3,94108.0,Out of SF,3,13768.0,50983.0,8843.0,7628.0,856900.0,35427.0
Friday,3,94108.0,Tenderloin,2,13768.0,50983.0,8843.0,7628.0,856900.0,35427.0
Friday,3,94109.0,Central,1,55984.0,47129.0,37182.0,33342.0,723200.0,60722.0
Friday,3,94109.0,Northern,25,55984.0,47129.0,37182.0,33342.0,723200.0,60722.0
Friday,3,94110.0,Bayview,6,69333.0,29816.0,28913.0,27128.0,768200.0,82111.0
Friday,3,94110.0,Ingleside,4,69333.0,29816.0,28913.0,27128.0,768200.0,82111.0
Friday,3,94110.0,Mission,21,69333.0,29816.0,28913.0,27128.0,768200.0,82111.0
Friday,3,94111.0,Central,5,3713.0,10791.0,2811.0,2365.0,882000.0,89722.0
Friday,3,94112.0,Ingleside,10,79407.0,23606.0,23081.0,21975.0,602400.0,71625.0
Friday,3,94112.0,Taraval,3,79407.0,23606.0,23081.0,21975.0,602400.0,71625.0
Friday,3,94114.0,Mission,3,31124.0,21837.0,17634.0,16281.0,1000001.0,114689.0
Friday,3,94114.0,Park,1,31124.0,21837.0,17634.0,16281.0,1000001.0,114689.0
Friday,3,94115.0,Northern,5,33021.0,29596.0,18884.0,17289.0,965800.0,76952.0
Friday,3,94115.0,Park,1,33021.0,29596.0,18884.0,17289.0,965800.0,76952.0
Friday,3,94115.0,Richmond,4,33021.0,29596.0,18884.0,17289.0,965800.0,76952.0
Friday,3,94116.0,Out of SF,1,43698.0,16901.0,16283.0,15445.0,734400.0,83407.0
Friday,3,94116.0,Taraval,12,43698.0,16901.0,16283.0,15445.0,734400.0,83407.0
Friday,3,94117.0,Mission,3,39169.0,23211.0,19255.0,17939.0,911500.0,94479.0
Friday,3,94117.0,Northern,3,39169.0,23211.0,19255.0,17939.0,911500.0,94479.0
Friday,3,94117.0,Park,6,39169.0,23211.0,19255.0,17939.0,911500.0,94479.0
Friday,3,94118.0,Park,1,38319.0,19663.0,18633.0,17171.0,1000001.0,82857.0
Friday,3,94118.0,Richmond,6,38319.0,19663.0,18633.0,17171.0,1000001.0,82857.0
Friday,3,94122.0,Park,1,56023.0,23699.0,23633.0,22162.0,774500.0,81768.0
Friday,3,94122.0,Richmond,9,56023.0,23699.0,23633.0,22162.0,774500.0,81768.0
Friday,3,94122.0,Taraval,10,56023.0,23699.0,23633.0,22162.0,774500.0,81768.0
Friday,3,94123.0,Northern,10,23088.0,22622.0,15083.0,13717.0,1000001.0,112650.0
Friday,3,94124.0,Bayview,14,33996.0,6901.0,10812.0,9717.0,470400.0,50146.0
Friday,3,94127.0,Ingleside,1,19289.0,10895.0,7801.0,7511.0,916900.0,131351.0
Friday,3,94131.0,Ingleside,1,26881.0,12926.0,13427.0,12618.0,859700.0,96889.0
Friday,3,94131.0,Mission,2,26881.0,12926.0,13427.0,12618.0,859700.0,96889.0
Friday,3,94132.0,Taraval,3,28129.0,9045.0,10769.0,9993.0,733100.0,69223.0
Friday,3,94134.0,Bayview,4,40798.0,17001.0,11867.0,11244.0,547800.0,56716.0
Friday,3,94134.0,Ingleside,5,40798.0,17001.0,11867.0,11244.0,547800.0,56716.0
Friday,3,94158.0,Bayview,4,4792.0,7288.0,2482.0,2271.0,643900.0,82195.0
Friday,3,94158.0,Southern,3,4792.0,7288.0,2482.0,2271.0,643900.0,82195.0
Friday,3,94158.0,Taraval,1,4792.0,7288.0,2482.0,2271.0,643900.0,82195.0
Friday,4,94102.0,Mission,4,31176.0,46472.0,18758.0,16844.0,574100.0,22517.0
Friday,4,94102.0,Northern,11,31176.0,46472.0,18758.0,16844.0,574100.0,22517.0
Friday,4,94102.0,Southern,5,31176.0,46472.0,18758.0,16844.0,574100.0,22517.0
Friday,4,94102.0,Tenderloin,6,31176.0,46472.0,18758.0,16844.0,574100.0,22517.0
Friday,4,94103.0,Mission,3,27170.0,20036.0,14778.0,13098.0,628000.0,43364.0
Friday,4,94103.0,Out of SF,1,27170.0,20036.0,14778.0,13098.0,628000.0,43364.0
Friday,4,94103.0,Southern,18,27170.0,20036.0,14778.0,13098.0,628000.0,43364.0
Friday,4,94103.0,Tenderloin,6,27170.0,20036.0,14778.0,13098.0,628000.0,43364.0
Friday,4,94104.0,Central,13,406.0,5232.0,368.0,207.0,1000001.0,48750.0
Friday,4,94105.0,Central,3,5846.0,15826.0,4601.0,3586.0,740900.0,163949.0
Friday,4,94105.0,Southern,5,5846.0,15826.0,4601.0,3586.0,740900.0,163949.0
Friday,4,94107.0,Bayview,2,26599.0,14845.0,15141.0,13736.0,719700.0,114439.0
Friday,4,94107.0,Out of SF,1,26599.0,14845.0,15141.0,13736.0,719700.0,114439.0
Friday,4,94108.0,Central,16,13768.0,50983.0,8843.0,7628.0,856900.0,35427.0
Friday,4,94108.0,Tenderloin,5,13768.0,50983.0,8843.0,7628.0,856900.0,35427.0
Friday,4,94109.0,Central,5,55984.0,47129.0,37182.0,33342.0,723200.0,60722.0
Friday,4,94109.0,Northern,7,55984.0,47129.0,37182.0,33342.0,723200.0,60722.0
Friday,4,94109.0,Tenderloin,1,55984.0,47129.0,37182.0,33342.0,723200.0,60722.0
Friday,4,94110.0,Bayview,1,69333.0,29816.0,28913.0,27128.0,768200.0,82111.0
Friday,4,94110.0,Ingleside,6,69333.0,29816.0,28913.0,27128.0,768200.0,82111.0
Friday,4,94110.0,Mission,20,69333.0,29816.0,28913.0,27128.0,768200.0,82111.0
Friday,4,94111.0,Central,10,3713.0,10791.0,2811.0,2365.0,882000.0,89722.0
Friday,4,94111.0,Northern,1,3713.0,10791.0,2811.0,2365.0,882000.0,89722.0
Friday,4,94112.0,Ingleside,8,79407.0,23606.0,23081.0,21975.0,602400.0,71625.0
Friday,4,94114.0,Mission,3,31124.0,21837.0,17634.0,16281.0,1000001.0,114689.0
Friday,4,94114.0,Park,1,31124.0,21837.0,17634.0,16281.0,1000001.0,114689.0
Friday,4,94115.0,Northern,6,33021.0,29596.0,18884.0,17289.0,965800.0,76952.0
Friday,4,94115.0,Richmond,2,33021.0,29596.0,18884.0,17289.0,965800.0,76952.0
Friday,4,94116.0,Taraval,6,43698.0,16901.0,16283.0,15445.0,734400.0,83407.0
Friday,4,94117.0,Mission,4,39169.0,23211.0,19255.0,17939.0,911500.0,94479.0
Friday,4,94117.0,Northern,5,39169.0,23211.0,19255.0,17939.0,911500.0,94479.0
Friday,4,94117.0,Park,5,39169.0,23211.0,19255.0,17939.0,911500.0,94479.0
Friday,4,94118.0,Richmond,4,38319.0,19663.0,18633.0,17171.0,1000001.0,82857.0
Friday,4,94122.0,Richmond,5,56023.0,23699.0,23633.0,22162.0,774500.0,81768.0
Friday,4,94122.0,Taraval,9,56023.0,23699.0,23633.0,22162.0,774500.0,81768.0
Friday,4,94123.0,Northern,4,23088.0,22622.0,15083.0,13717.0,1000001.0,112650.0
Friday,4,94124.0,Bayview,14,33996.0,6901.0,10812.0,9717.0,470400.0,50146.0
Friday,4,94127.0,Ingleside,1,19289.0,10895.0,7801.0,7511.0,916900.0,131351.0
Friday,4,94127.0,Taraval,1,19289.0,10895.0,7801.0,7511.0,916900.0,131351.0
Friday,4,94131.0,Ingleside,2,26881.0,12926.0,13427.0,12618.0,859700.0,96889.0
Friday,4,94131.0,Mission,1,26881.0,12926.0,13427.0,12618.0,859700.0,96889.0
Friday,4,94131.0,Park,1,26881.0,12926.0,13427.0,12618.0,859700.0,96889.0
Friday,4,94132.0,Taraval,4,28129.0,9045.0,10769.0,9993.0,733100.0,69223.0
Friday,4,94134.0,Bayview,2,40798.0,17001.0,11867.0,11244.0,547800.0,56716.0
Friday,4,94134.0,Ingleside,6,40798.0,17001.0,11867.0,11244.0,547800.0,56716.0
Friday,4,94158.0,Bayview,2,4792.0,7288.0,2482.0,2271.0,643900.0,82195.0
Friday,4,94158.0,Southern,4,4792.0,7288.0,2482.0,2271.0,643900.0,82195.0
Friday,5,94102.0,Mission,5,31176.0,46472.0,18758.0,16844.0,574100.0,22517.0
Friday,5,94102.0,Northern,18,31176.0,46472.0,18758.0,16844.0,574100.0,22517.0
Friday,5,94102.0,Park,1,31176.0,46472.0,18758.0,16844.0,574100.0,22517.0
Friday,5,94102.0,Tenderloin,3,31176.0,46472.0,18758.0,16844.0,574100.0,22517.0
Friday,5,94103.0,Mission,1,27170.0,20036.0,14778.0,13098.0,628000.0,43364.0
Friday,5,94103.0,Southern,21,27170.0,20036.0,14778.0,13098.0,628000.0,43364.0
Friday,5,94103.0,Tenderloin,15,27170.0,20036.0,14778.0,13098.0,628000.0,43364.0
Friday,5,94104.0,Central,13,406.0,5232.0,368.0,207.0,1000001.0,48750.0
Friday,5,94105.0,Central,2,5846.0,15826.0,4601.0,3586.0,740900.0,163949.0
Friday,5,94105.0,Southern,5,5846.0,15826.0,4601.0,3586.0,740900.0,163949.0
Friday,5,94107.0,Bayview,4,26599.0,14845.0,15141.0,13736.0,719700.0,114439.0
Friday,5,94107.0,Southern,1,26599.0,14845.0,15141.0,13736.0,719700.0,114439.0
Friday,5,94108.0,Central,16,13768.0,50983.0,8843.0,7628.0,856900.0,35427.0
Friday,5,94109.0,Central,7,55984.0,47129.0,37182.0,33342.0,723200.0,60722.0
Friday,5,94109.0,Northern,8,55984.0,47129.0,37182.0,33342.0,723200.0,60722.0
Friday,5,94110.0,Bayview,4,69333.0,29816.0,28913.0,27128.0,768200.0,82111.0
Friday,5,94110.0,Ingleside,5,69333.0,29816.0,28913.0,27128.0,768200.0,82111.0
Friday,5,94110.0,Mission,23,69333.0,29816.0,28913.0,27128.0,768200.0,82111.0
Friday,5,94111.0,Central,1,3713.0,10791.0,2811.0,2365.0,882000.0,89722.0
Friday,5,94112.0,Bayview,1,79407.0,23606.0,23081.0,21975.0,602400.0,71625.0
Friday,5,94112.0,Ingleside,8,79407.0,23606.0,23081.0,21975.0,602400.0,71625.0
Friday,5,94114.0,Mission,5,31124.0,21837.0,17634.0,16281.0,1000001.0,114689.0
Friday,5,94114.0,Park,1,31124.0,21837.0,17634.0,16281.0,1000001.0,114689.0
Friday,5,94114.0,Richmond,1,31124.0,21837.0,17634.0,16281.0,1000001.0,114689.0
Friday,5,94115.0,Northern,4,33021.0,29596.0,18884.0,17289.0,965800.0,76952.0
Friday,5,94115.0,Richmond,3,33021.0,29596.0,18884.0,17289.0,965800.0,76952.0
Friday,5,94116.0,Taraval,6,43698.0,16901.0,16283.0,15445.0,734400.0,83407.0
Friday,5,94117.0,Mission,6,39169.0,23211.0,19255.0,17939.0,911500.0,94479.0
Friday,5,94117.0,Park,12,39169.0,23211.0,19255.0,17939.0,911500.0,94479.0
Friday,5,94118.0,Richmond,5,38319.0,19663.0,18633.0,17171.0,1000001.0,82857.0
Friday,5,94122.0,Richmond,3,56023.0,23699.0,23633.0,22162.0,774500.0,81768.0
Friday,5,94122.0,Taraval,3,56023.0,23699.0,23633.0,22162.0,774500.0,81768.0
Friday,5,94123.0,Central,1,23088.0,22622.0,15083.0,13717.0,1000001.0,112650.0
Friday,5,94123.0,Northern,3,23088.0,22622.0,15083.0,13717.0,1000001.0,112650.0
Friday,5,94124.0,Bayview,19,33996.0,6901.0,10812.0,9717.0,470400.0,50146.0
Friday,5,94127.0,Taraval,3,19289.0,10895.0,7801.0,7511.0,916900.0,131351.0
Friday,5,94131.0,Ingleside,2,26881.0,12926.0,13427.0,12618.0,859700.0,96889.0
Friday,5,94131.0,Mission,2,26881.0,12926.0,13427.0,12618.0,859700.0,96889.0
Friday,5,94131.0,Park,2,26881.0,12926.0,13427.0,12618.0,859700.0,96889.0
Friday,5,94132.0,Taraval,6,28129.0,9045.0,10769.0,9993.0,733100.0,69223.0
Friday,5,94134.0,Bayview,4,40798.0,17001.0,11867.0,11244.0,547800.0,56716.0
Friday,5,94134.0,Ingleside,9,40798.0,17001.0,11867.0,11244.0,547800.0,56716.0
Friday,5,94158.0,Bayview,1,4792.0,7288.0,2482.0,2271.0,643900.0,82195.0
Friday,5,94158.0,Mission,1,4792.0,7288.0,2482.0,2271.0,643900.0,82195.0
Friday,5,94158.0,Out of SF,2,4792.0,7288.0,2482.0,2271.0,643900.0,82195.0
Friday,5,94158.0,Southern,4,4792.0,7288.0,2482.0,2271.0,643900.0,82195.0
Friday,6,94102.0,Bayview,1,31176.0,46472.0,18758.0,16844.0,574100.0,22517.0
Friday,6,94102.0,Mission,5,31176.0,46472.0,18758.0,16844.0,574100.0,22517.0
Friday,6,94102.0,Northern,16,31176.0,46472.0,18758.0,16844.0,574100.0,22517.0
Friday,6,94102.0,Southern,6,31176.0,46472.0,18758.0,16844.0,574100.0,22517.0
Friday,6,94102.0,Tenderloin,15,31176.0,46472.0,18758.0,16844.0,574100.0,22517.0
Friday,6,94103.0,Out of SF,1,27170.0,20036.0,14778.0,13098.0,628000.0,43364.0
Friday,6,94103.0,Southern,22,27170.0,20036.0,14778.0,13098.0,628000.0,43364.0
Friday,6,94103.0,Tenderloin,23,27170.0,20036.0,14778.0,13098.0,628000.0,43364.0
Friday,6,94104.0,Central,15,406.0,5232.0,368.0,207.0,1000001.0,48750.0
Friday,6,94104.0,Southern,3,406.0,5232.0,368.0,207.0,1000001.0,48750.0
Friday,6,94105.0,Central,2,5846.0,15826.0,4601.0,3586.0,740900.0,163949.0
Friday,6,94105.0,Southern,6,5846.0,15826.0,4601.0,3586.0,740900.0,163949.0
Friday,6,94107.0,Bayview,1,26599.0,14845.0,15141.0,13736.0,719700.0,114439.0
Friday,6,94107.0,Southern,2,26599.0,14845.0,15141.0,13736.0,719700.0,114439.0
Friday,6,94108.0,Central,12,13768.0,50983.0,8843.0,7628.0,856900.0,35427.0
Friday,6,94108.0,Tenderloin,7,13768.0,50983.0,8843.0,7628.0,856900.0,35427.0
Friday,6,94109.0,Central,7,55984.0,47129.0,37182.0,33342.0,723200.0,60722.0
Friday,6,94109.0,Northern,4,55984.0,47129.0,37182.0,33342.0,723200.0,60722.0
Friday,6,94109.0,Tenderloin,1,55984.0,47129.0,37182.0,33342.0,723200.0,60722.0
Friday,6,94110.0,Bayview,3,69333.0,29816.0,28913.0,27128.0,768200.0,82111.0
Friday,6,94110.0,Ingleside,5,69333.0,29816.0,28913.0,27128.0,768200.0,82111.0
Friday,6,94110.0,Mission,12,69333.0,29816.0,28913.0,27128.0,768200.0,82111.0
Friday,6,94111.0,Central,3,3713.0,10791.0,2811.0,2365.0,882000.0,89722.0
Friday,6,94111.0,Northern,1,3713.0,10791.0,2811.0,2365.0,882000.0,89722.0
Friday,6,94112.0,Ingleside,16,79407.0,23606.0,23081.0,21975.0,602400.0,71625.0
Friday,6,94114.0,Mission,4,31124.0,21837.0,17634.0,16281.0,1000001.0,114689.0
Friday,6,94114.0,Park,1,31124.0,21837.0,17634.0,16281.0,1000001.0,114689.0
Friday,6,94115.0,Northern,2,33021.0,29596.0,18884.0,17289.0,965800.0,76952.0
Friday,6,94116.0,Richmond,1,43698.0,16901.0,16283.0,15445.0,734400.0,83407.0
Friday,6,94116.0,Taraval,5,43698.0,16901.0,16283.0,15445.0,734400.0,83407.0
Friday,6,94117.0,Mission,3,39169.0,23211.0,19255.0,17939.0,911500.0,94479.0
Friday,6,94117.0,Northern,4,39169.0,23211.0,19255.0,17939.0,911500.0,94479.0
Friday,6,94117.0,Park,4,39169.0,23211.0,19255.0,17939.0,911500.0,94479.0
Friday,6,94118.0,Park,2,38319.0,19663.0,18633.0,17171.0,1000001.0,82857.0
Friday,6,94118.0,Richmond,7,38319.0,19663.0,18633.0,17171.0,1000001.0,82857.0
Friday,6,94122.0,Taraval,11,56023.0,23699.0,23633.0,22162.0,774500.0,81768.0
Friday,6,94123.0,Northern,10,23088.0,22622.0,15083.0,13717.0,1000001.0,112650.0
Friday,6,94124.0,Bayview,29,33996.0,6901.0,10812.0,9717.0,470400.0,50146.0
Friday,6,94127.0,Ingleside,3,19289.0,10895.0,7801.0,7511.0,916900.0,131351.0
Friday,6,94127.0,Taraval,2,19289.0,10895.0,7801.0,7511.0,916900.0,131351.0
Friday,6,94131.0,Ingleside,2,26881.0,12926.0,13427.0,12618.0,859700.0,96889.0
Friday,6,94131.0,Mission,1,26881.0,12926.0,13427.0,12618.0,859700.0,96889.0
Friday,6,94131.0,Park,1,26881.0,12926.0,13427.0,12618.0,859700.0,96889.0
Friday,6,94132.0,Taraval,7,28129.0,9045.0,10769.0,9993.0,733100.0,69223.0
Friday,6,94134.0,Bayview,5,40798.0,17001.0,11867.0,11244.0,547800.0,56716.0
Friday,6,94134.0,Ingleside,4,40798.0,17001.0,11867.0,11244.0,547800.0,56716.0
Friday,6,94158.0,Bayview,4,4792.0,7288.0,2482.0,2271.0,643900.0,82195.0
Friday,6,94158.0,Mission,2,4792.0,7288.0,2482.0,2271.0,643900.0,82195.0
Friday,6,94158.0,Out of SF,2,4792.0,7288.0,2482.0,2271.0,643900.0,82195.0
Friday,6,94158.0,Southern,5,4792.0,7288.0,2482.0,2271.0,643900.0,82195.0
Friday,7,94102.0,Mission,15,31176.0,46472.0,18758.0,16844.0,574100.0,22517.0
Friday,7,94102.0,Northern,41,31176.0,46472.0,18758.0,16844.0,574100.0,22517.0
Friday,7,94102.0,Southern,12,31176.0,46472.0,18758.0,16844.0,574100.0,22517.0
Friday,7,94102.0,Tenderloin,25,31176.0,46472.0,18758.0,16844.0,574100.0,22517.0
Friday,7,94103.0,Central,1,27170.0,20036.0,14778.0,13098.0,628000.0,43364.0
Friday,7,94103.0,Mission,4,27170.0,20036.0,14778.0,13098.0,628000.0,43364.0
Friday,7,94103.0,Southern,29,27170.0,20036.0,14778.0,13098.0,628000.0,43364.0
Friday,7,94103.0,Taraval,1,27170.0,20036.0,14778.0,13098.0,628000.0,43364.0
Friday,7,94103.0,Tenderloin,40,27170.0,20036.0,14778.0,13098.0,628000.0,43364.0
Friday,7,94104.0,Central,21,406.0,5232.0,368.0,207.0,1000001.0,48750.0
Friday,7,94104.0,Southern,3,406.0,5232.0,368.0,207.0,1000001.0,48750.0
Friday,7,94105.0,Central,5,5846.0,15826.0,4601.0,3586.0,740900.0,163949.0
Friday,7,94105.0,Southern,22,5846.0,15826.0,4601.0,3586.0,740900.0,163949.0
Friday,7,94107.0,Bayview,3,26599.0,14845.0,15141.0,13736.0,719700.0,114439.0
Friday,7,94107.0,Southern,7,26599.0,14845.0,15141.0,13736.0,719700.0,114439.0
Friday,7,94108.0,Central,19,13768.0,50983.0,8843.0,7628.0,856900.0,35427.0
Friday,7,94108.0,Tenderloin,1,13768.0,50983.0,8843.0,7628.0,856900.0,35427.0
Friday,7,94109.0,Central,7,55984.0,47129.0,37182.0,33342.0,723200.0,60722.0
Friday,7,94109.0,Northern,23,55984.0,47129.0,37182.0,33342.0,723200.0,60722.0
Friday,7,94110.0,Bayview,7,69333.0,29816.0,28913.0,27128.0,768200.0,82111.0
Friday,7,94110.0,Ingleside,18,69333.0,29816.0,28913.0,27128.0,768200.0,82111.0
Friday,7,94110.0,Mission,32,69333.0,29816.0,28913.0,27128.0,768200.0,82111.0
Friday,7,94110.0,Out of SF,1,69333.0,29816.0,28913.0,27128.0,768200.0,82111.0
Friday,7,94111.0,Central,16,3713.0,10791.0,2811.0,2365.0,882000.0,89722.0
Friday,7,94112.0,Ingleside,11,79407.0,23606.0,23081.0,21975.0,602400.0,71625.0
Friday,7,94114.0,Mission,12,31124.0,21837.0,17634.0,16281.0,1000001.0,114689.0
Friday,7,94114.0,Park,5,31124.0,21837.0,17634.0,16281.0,1000001.0,114689.0
Friday,7,94115.0,Northern,12,33021.0,29596.0,18884.0,17289.0,965800.0,76952.0
Friday,7,94115.0,Richmond,3,33021.0,29596.0,18884.0,17289.0,965800.0,76952.0
Friday,7,94116.0,Taraval,13,43698.0,16901.0,16283.0,15445.0,734400.0,83407.0
Friday,7,94117.0,Mission,6,39169.0,23211.0,19255.0,17939.0,911500.0,94479.0
Friday,7,94117.0,Northern,3,39169.0,23211.0,19255.0,17939.0,911500.0,94479.0
Friday,7,94117.0,Park,15,39169.0,23211.0,19255.0,17939.0,911500.0,94479.0
Friday,7,94118.0,Park,1,38319.0,19663.0,18633.0,17171.0,1000001.0,82857.0
Friday,7,94118.0,Richmond,16,38319.0,19663.0,18633.0,17171.0,1000001.0,82857.0
Friday,7,94118.0,Taraval,1,38319.0,19663.0,18633.0,17171.0,1000001.0,82857.0
Friday,7,94122.0,Park,1,56023.0,23699.0,23633.0,22162.0,774500.0,81768.0
Friday,7,94122.0,Richmond,7,56023.0,23699.0,23633.0,22162.0,774500.0,81768.0
Friday,7,94122.0,Taraval,7,56023.0,23699.0,23633.0,22162.0,774500.0,81768.0
Friday,7,94123.0,Northern,15,23088.0,22622.0,15083.0,13717.0,1000001.0,112650.0
Friday,7,94124.0,Bayview,28,33996.0,6901.0,10812.0,9717.0,470400.0,50146.0
Friday,7,94124.0,Southern,1,33996.0,6901.0,10812.0,9717.0,470400.0,50146.0
Friday,7,94127.0,Ingleside,3,19289.0,10895.0,7801.0,7511.0,916900.0,131351.0
Friday,7,94127.0,Taraval,6,19289.0,10895.0,7801.0,7511.0,916900.0,131351.0
Friday,7,94130.0,Southern,1,2880.0,3196.0,786.0,656.0,,37500.0
Friday,7,94131.0,Ingleside,2,26881.0,12926.0,13427.0,12618.0,859700.0,96889.0
Friday,7,94131.0,Mission,1,26881.0,12926.0,13427.0,12618.0,859700.0,96889.0
Friday,7,94131.0,Park,10,26881.0,12926.0,13427.0,12618.0,859700.0,96889.0
Friday,7,94132.0,Taraval,4,28129.0,9045.0,10769.0,9993.0,733100.0,69223.0
Friday,7,94134.0,Bayview,21,40798.0,17001.0,11867.0,11244.0,547800.0,56716.0
Friday,7,94134.0,Ingleside,16,40798.0,17001.0,11867.0,11244.0,547800.0,56716.0
Friday,7,94158.0,Bayview,6,4792.0,7288.0,2482.0,2271.0,643900.0,82195.0
Friday,7,94158.0,Out of SF,1,4792.0,7288.0,2482.0,2271.0,643900.0,82195.0
Friday,7,94158.0,Southern,9,4792.0,7288.0,2482.0,2271.0,643900.0,82195.0
Friday,8,94102.0,Mission,25,31176.0,46472.0,18758.0,16844.0,574100.0,22517.0
Friday,8,94102.0,Northern,42,31176.0,46472.0,18758.0,16844.0,574100.0,22517.0
Friday,8,94102.0,Park,3,31176.0,46472.0,18758.0,16844.0,574100.0,22517.0
Friday,8,94102.0,Southern,7,31176.0,46472.0,18758.0,16844.0,574100.0,22517.0
Friday,8,94102.0,Tenderloin,20,31176.0,46472.0,18758.0,16844.0,574100.0,22517.0
Friday,8,94103.0,Bayview,1,27170.0,20036.0,14778.0,13098.0,628000.0,43364.0
Friday,8,94103.0,Mission,3,27170.0,20036.0,14778.0,13098.0,628000.0,43364.0
Friday,8,94103.0,Out of SF,2,27170.0,20036.0,14778.0,13098.0,628000.0,43364.0
Friday,8,94103.0,Southern,55,27170.0,20036.0,14778.0,13098.0,628000.0,43364.0
Friday,8,94103.0,Tenderloin,63,27170.0,20036.0,14778.0,13098.0,628000.0,43364.0
Friday,8,94104.0,Central,35,406.0,5232.0,368.0,207.0,1000001.0,48750.0
Friday,8,94104.0,Southern,2,406.0,5232.0,368.0,207.0,1000001.0,48750.0
Friday,8,94105.0,Central,5,5846.0,15826.0,4601.0,3586.0,740900.0,163949.0
Friday,8,94105.0,Mission,1,5846.0,15826.0,4601.0,3586.0,740900.0,163949.0
Friday,8,94105.0,Southern,17,5846.0,15826.0,4601.0,3586.0,740900.0,163949.0
Friday,8,94107.0,Bayview,3,26599.0,14845.0,15141.0,13736.0,719700.0,114439.0
Friday,8,94108.0,Central,37,13768.0,50983.0,8843.0,7628.0,856900.0,35427.0
Friday,8,94108.0,Out of SF,4,13768.0,50983.0,8843.0,7628.0,856900.0,35427.0
Friday,8,94108.0,Tenderloin,1,13768.0,50983.0,8843.0,7628.0,856900.0,35427.0
Friday,8,94109.0,Central,12,55984.0,47129.0,37182.0,33342.0,723200.0,60722.0
Friday,8,94109.0,Northern,26,55984.0,47129.0,37182.0,33342.0,723200.0,60722.0
Friday,8,94109.0,Tenderloin,2,55984.0,47129.0,37182.0,33342.0,723200.0,60722.0
Friday,8,94110.0,Bayview,10,69333.0,29816.0,28913.0,27128.0,768200.0,82111.0
Friday,8,94110.0,Ingleside,15,69333.0,29816.0,28913.0,27128.0,768200.0,82111.0
Friday,8,94110.0,Mission,56,69333.0,29816.0,28913.0,27128.0,768200.0,82111.0
Friday,8,94110.0,Out of SF,1,69333.0,29816.0,28913.0,27128.0,768200.0,82111.0
Friday,8,94111.0,Central,11,3713.0,10791.0,2811.0,2365.0,882000.0,89722.0
Friday,8,94111.0,Northern,3,3713.0,10791.0,2811.0,2365.0,882000.0,89722.0
Friday,8,94112.0,Ingleside,26,79407.0,23606.0,23081.0,21975.0,602400.0,71625.0
Friday,8,94114.0,Mission,12,31124.0,21837.0,17634.0,16281.0,1000001.0,114689.0
Friday,8,94114.0,Park,7,31124.0,21837.0,17634.0,16281.0,1000001.0,114689.0
Friday,8,94115.0,Northern,24,33021.0,29596.0,18884.0,17289.0,965800.0,76952.0
Friday,8,94115.0,Park,1,33021.0,29596.0,18884.0,17289.0,965800.0,76952.0
Friday,8,94115.0,Richmond,5,33021.0,29596.0,18884.0,17289.0,965800.0,76952.0
Friday,8,94116.0,Taraval,15,43698.0,16901.0,16283.0,15445.0,734400.0,83407.0
Friday,8,94117.0,Mission,6,39169.0,23211.0,19255.0,17939.0,911500.0,94479.0
Friday,8,94117.0,Northern,11,39169.0,23211.0,19255.0,17939.0,911500.0,94479.0
Friday,8,94117.0,Park,17,39169.0,23211.0,19255.0,17939.0,911500.0,94479.0
Friday,8,94118.0,Out of SF,2,38319.0,19663.0,18633.0,17171.0,1000001.0,82857.0
Friday,8,94118.0,Park,2,38319.0,19663.0,18633.0,17171.0,1000001.0,82857.0
Friday,8,94118.0,Richmond,29,38319.0,19663.0,18633.0,17171.0,1000001.0,82857.0
Friday,8,94122.0,Park,3,56023.0,23699.0,23633.0,22162.0,774500.0,81768.0
Friday,8,94122.0,Richmond,17,56023.0,23699.0,23633.0,22162.0,774500.0,81768.0
Friday,8,94122.0,Taraval,16,56023.0,23699.0,23633.0,22162.0,774500.0,81768.0
Friday,8,94123.0,Northern,16,23088.0,22622.0,15083.0,13717.0,1000001.0,112650.0
Friday,8,94124.0,Bayview,48,33996.0,6901.0,10812.0,9717.0,470400.0,50146.0
Friday,8,94127.0,Ingleside,2,19289.0,10895.0,7801.0,7511.0,916900.0,131351.0
Friday,8,94127.0,Taraval,12,19289.0,10895.0,7801.0,7511.0,916900.0,131351.0
Friday,8,94129.0,Central,1,3183.0,1381.0,1132.0,1086.0,,143320.0
Friday,8,94129.0,Northern,1,3183.0,1381.0,1132.0,1086.0,,143320.0
Friday,8,94130.0,Southern,9,2880.0,3196.0,786.0,656.0,,37500.0
Friday,8,94131.0,Ingleside,6,26881.0,12926.0,13427.0,12618.0,859700.0,96889.0
Friday,8,94131.0,Mission,5,26881.0,12926.0,13427.0,12618.0,859700.0,96889.0
Friday,8,94131.0,Park,2,26881.0,12926.0,13427.0,12618.0,859700.0,96889.0
Friday,8,94132.0,Taraval,7,28129.0,9045.0,10769.0,9993.0,733100.0,69223.0
Friday,8,94134.0,Bayview,27,40798.0,17001.0,11867.0,11244.0,547800.0,56716.0
Friday,8,94134.0,Ingleside,12,40798.0,17001.0,11867.0,11244.0,547800.0,56716.0
Friday,8,94134.0,Northern,1,40798.0,17001.0,11867.0,11244.0,547800.0,56716.0
Friday,8,94158.0,Bayview,3,4792.0,7288.0,2482.0,2271.0,643900.0,82195.0
Friday,8,94158.0,Mission,1,4792.0,7288.0,2482.0,2271.0,643900.0,82195.0
Friday,8,94158.0,Out of SF,2,4792.0,7288.0,2482.0,2271.0,643900.0,82195.0
Friday,8,94158.0,Southern,21,4792.0,7288.0,2482.0,2271.0,643900.0,82195.0
Friday,9,94102.0,Mission,17,31176.0,46472.0,18758.0,16844.0,574100.0,22517.0
Friday,9,94102.0,Northern,49,31176.0,46472.0,18758.0,16844.0,574100.0,22517.0
Friday,9,94102.0,Out of SF,1,31176.0,46472.0,18758.0,16844.0,574100.0,22517.0
Friday,9,94102.0,Richmond,1,31176.0,46472.0,18758.0,16844.0,574100.0,22517.0
Friday,9,94102.0,Southern,13,31176.0,46472.0,18758.0,16844.0,574100.0,22517.0
Friday,9,94102.0,Tenderloin,30,31176.0,46472.0,18758.0,16844.0,574100.0,22517.0
Friday,9,94103.0,Mission,5,27170.0,20036.0,14778.0,13098.0,628000.0,43364.0
Friday,9,94103.0,Out of SF,2,27170.0,20036.0,14778.0,13098.0,628000.0,43364.0
Friday,9,94103.0,Southern,63,27170.0,20036.0,14778.0,13098.0,628000.0,43364.0
Friday,9,94103.0,Tenderloin,57,27170.0,20036.0,14778.0,13098.0,628000.0,43364.0
Friday,9,94104.0,Central,24,406.0,5232.0,368.0,207.0,1000001.0,48750.0
Friday,9,94104.0,Southern,4,406.0,5232.0,368.0,207.0,1000001.0,48750.0
Friday,9,94104.0,Tenderloin,4,406.0,5232.0,368.0,207.0,1000001.0,48750.0
Friday,9,94105.0,Central,6,5846.0,15826.0,4601.0,3586.0,740900.0,163949.0
Friday,9,94105.0,Richmond,1,5846.0,15826.0,4601.0,3586.0,740900.0,163949.0
Friday,9,94105.0,Southern,16,5846.0,15826.0,4601.0,3586.0,740900.0,163949.0
Friday,9,94107.0,Bayview,4,26599.0,14845.0,15141.0,13736.0,719700.0,114439.0
Friday,9,94107.0,Southern,1,26599.0,14845.0,15141.0,13736.0,719700.0,114439.0
Friday,9,94108.0,Central,27,13768.0,50983.0,8843.0,7628.0,856900.0,35427.0
Friday,9,94108.0,Northern,1,13768.0,50983.0,8843.0,7628.0,856900.0,35427.0
Friday,9,94108.0,Out of SF,2,13768.0,50983.0,8843.0,7628.0,856900.0,35427.0
Friday,9,94108.0,Southern,1,13768.0,50983.0,8843.0,7628.0,856900.0,35427.0
Friday,9,94108.0,Tenderloin,4,13768.0,50983.0,8843.0,7628.0,856900.0,35427.0
Friday,9,94109.0,Central,15,55984.0,47129.0,37182.0,33342.0,723200.0,60722.0
Friday,9,94109.0,Northern,41,55984.0,47129.0,37182.0,33342.0,723200.0,60722.0
Friday,9,94109.0,Tenderloin,1,55984.0,47129.0,37182.0,33342.0,723200.0,60722.0
Friday,9,94110.0,Bayview,8,69333.0,29816.0,28913.0,27128.0,768200.0,82111.0
Friday,9,94110.0,Ingleside,12,69333.0,29816.0,28913.0,27128.0,768200.0,82111.0
Friday,9,94110.0,Mission,53,69333.0,29816.0,28913.0,27128.0,768200.0,82111.0
Friday,9,94110.0,Out of SF,1,69333.0,29816.0,28913.0,27128.0,768200.0,82111.0
Friday,9,94111.0,Central,30,3713.0,10791.0,2811.0,2365.0,882000.0,89722.0
Friday,9,94111.0,Mission,1,3713.0,10791.0,2811.0,2365.0,882000.0,89722.0
Friday,9,94112.0,Ingleside,28,79407.0,23606.0,23081.0,21975.0,602400.0,71625.0
Friday,9,94112.0,Out of SF,1,79407.0,23606.0,23081.0,21975.0,602400.0,71625.0
Friday,9,94112.0,Taraval,6,79407.0,23606.0,23081.0,21975.0,602400.0,71625.0
Friday,9,94114.0,Mission,18,31124.0,21837.0,17634.0,16281.0,1000001.0,114689.0
Friday,9,94114.0,Park,9,31124.0,21837.0,17634.0,16281.0,1000001.0,114689.0
Friday,9,94115.0,Northern,15,33021.0,29596.0,18884.0,17289.0,965800.0,76952.0
Friday,9,94115.0,Park,2,33021.0,29596.0,18884.0,17289.0,965800.0,76952.0
Friday,9,94115.0,Richmond,5,33021.0,29596.0,18884.0,17289.0,965800.0,76952.0
Friday,9,94116.0,Taraval,31,43698.0,16901.0,16283.0,15445.0,734400.0,83407.0
Friday,9,94117.0,Mission,14,39169.0,23211.0,19255.0,17939.0,911500.0,94479.0
Friday,9,94117.0,Northern,14,39169.0,23211.0,19255.0,17939.0,911500.0,94479.0
Friday,9,94117.0,Park,31,39169.0,23211.0,19255.0,17939.0,911500.0,94479.0
Friday,9,94118.0,Out of SF,1,38319.0,19663.0,18633.0,17171.0,1000001.0,82857.0
Friday,9,94118.0,Park,4,38319.0,19663.0,18633.0,17171.0,1000001.0,82857.0
Friday,9,94118.0,Richmond,24,38319.0,19663.0,18633.0,17171.0,1000001.0,82857.0
Friday,9,94122.0,Park,1,56023.0,23699.0,23633.0,22162.0,774500.0,81768.0
Friday,9,94122.0,Richmond,33,56023.0,23699.0,23633.0,22162.0,774500.0,81768.0
Friday,9,94122.0,Taraval,11,56023.0,23699.0,23633.0,22162.0,774500.0,81768.0
Friday,9,94123.0,Northern,13,23088.0,22622.0,15083.0,13717.0,1000001.0,112650.0
Friday,9,94124.0,Bayview,44,33996.0,6901.0,10812.0,9717.0,470400.0,50146.0
Friday,9,94124.0,Southern,1,33996.0,6901.0,10812.0,9717.0,470400.0,50146.0
Friday,9,94127.0,Ingleside,2,19289.0,10895.0,7801.0,7511.0,916900.0,131351.0
Friday,9,94127.0,Taraval,10,19289.0,10895.0,7801.0,7511.0,916900.0,131351.0
Friday,9,94130.0,Southern,1,2880.0,3196.0,786.0,656.0,,37500.0
Friday,9,94131.0,Ingleside,1,26881.0,12926.0,13427.0,12618.0,859700.0,96889.0
Friday,9,94131.0,Mission,5,26881.0,12926.0,13427.0,12618.0,859700.0,96889.0
Friday,9,94131.0,Park,9,26881.0,12926.0,13427.0,12618.0,859700.0,96889.0
Friday,9,94132.0,Taraval,10,28129.0,9045.0,10769.0,9993.0,733100.0,69223.0
Friday,9,94134.0,Bayview,28,40798.0,17001.0,11867.0,11244.0,547800.0,56716.0
Friday,9,94134.0,Ingleside,14,40798.0,17001.0,11867.0,11244.0,547800.0,56716.0
Friday,9,94134.0,Tenderloin,1,40798.0,17001.0,11867.0,11244.0,547800.0,56716.0
Friday,9,94158.0,Bayview,13,4792.0,7288.0,2482.0,2271.0,643900.0,82195.0
Friday,9,94158.0,Mission,3,4792.0,7288.0,2482.0,2271.0,643900.0,82195.0
Friday,9,94158.0,Out of SF,4,4792.0,7288.0,2482.0,2271.0,643900.0,82195.0
Friday,9,94158.0,Southern,14,4792.0,7288.0,2482.0,2271.0,643900.0,82195.0
Friday,10,94102.0,Central,2,31176.0,46472.0,18758.0,16844.0,574100.0,22517.0
Friday,10,94102.0,Mission,19,31176.0,46472.0,18758.0,16844.0,574100.0,22517.0
Friday,10,94102.0,Northern,33,31176.0,46472.0,18758.0,16844.0,574100.0,22517.0
Friday,10,94102.0,Out of SF,2,31176.0,46472.0,18758.0,16844.0,574100.0,22517.0
Friday,10,94102.0,Park,1,31176.0,46472.0,18758.0,16844.0,574100.0,22517.0
Friday,10,94102.0,Southern,11,31176.0,46472.0,18758.0,16844.0,574100.0,22517.0
Friday,10,94102.0,Tenderloin,31,31176.0,46472.0,18758.0,16844.0,574100.0,22517.0
Friday,10,94103.0,Central,2,27170.0,20036.0,14778.0,13098.0,628000.0,43364.0
Friday,10,94103.0,Ingleside,1,27170.0,20036.0,14778.0,13098.0,628000.0,43364.0
Friday,10,94103.0,Mission,7,27170.0,20036.0,14778.0,13098.0,628000.0,43364.0
Friday,10,94103.0,Southern,69,27170.0,20036.0,14778.0,13098.0,628000.0,43364.0
Friday,10,94103.0,Tenderloin,86,27170.0,20036.0,14778.0,13098.0,628000.0,43364.0
Friday,10,94104.0,Central,34,406.0,5232.0,368.0,207.0,1000001.0,48750.0
Friday,10,94104.0,Southern,3,406.0,5232.0,368.0,207.0,1000001.0,48750.0
Friday,10,94104.0,Tenderloin,2,406.0,5232.0,368.0,207.0,1000001.0,48750.0
Friday,10,94105.0,Central,4,5846.0,15826.0,4601.0,3586.0,740900.0,163949.0
Friday,10,94105.0,Southern,17,5846.0,15826.0,4601.0,3586.0,740900.0,163949.0
Friday,10,94107.0,Bayview,8,26599.0,14845.0,15141.0,13736.0,719700.0,114439.0
Friday,10,94107.0,Southern,1,26599.0,14845.0,15141.0,13736.0,719700.0,114439.0
Friday,10,94108.0,Central,78,13768.0,50983.0,8843.0,7628.0,856900.0,35427.0
Friday,10,94108.0,Out of SF,1,13768.0,50983.0,8843.0,7628.0,856900.0,35427.0
Friday,10,94108.0,Tenderloin,10,13768.0,50983.0,8843.0,7628.0,856900.0,35427.0
Friday,10,94109.0,Central,11,55984.0,47129.0,37182.0,33342.0,723200.0,60722.0
Friday,10,94109.0,Northern,19,55984.0,47129.0,37182.0,33342.0,723200.0,60722.0
Friday,10,94109.0,Park,1,55984.0,47129.0,37182.0,33342.0,723200.0,60722.0
Friday,10,94109.0,Tenderloin,4,55984.0,47129.0,37182.0,33342.0,723200.0,60722.0
Friday,10,94110.0,Bayview,12,69333.0,29816.0,28913.0,27128.0,768200.0,82111.0
Friday,10,94110.0,Ingleside,19,69333.0,29816.0,28913.0,27128.0,768200.0,82111.0
Friday,10,94110.0,Mission,37,69333.0,29816.0,28913.0,27128.0,768200.0,82111.0
Friday,10,94110.0,Taraval,1,69333.0,29816.0,28913.0,27128.0,768200.0,82111.0
Friday,10,94111.0,Central,37,3713.0,10791.0,2811.0,2365.0,882000.0,89722.0
Friday,10,94111.0,Northern,3,3713.0,10791.0,2811.0,2365.0,882000.0,89722.0
Friday,10,94112.0,Ingleside,25,79407.0,23606.0,23081.0,21975.0,602400.0,71625.0
Friday,10,94114.0,Mission,23,31124.0,21837.0,17634.0,16281.0,1000001.0,114689.0
Friday,10,94114.0,Park,4,31124.0,21837.0,17634.0,16281.0,1000001.0,114689.0
Friday,10,94115.0,Northern,23,33021.0,29596.0,18884.0,17289.0,965800.0,76952.0
Friday,10,94115.0,Richmond,17,33021.0,29596.0,18884.0,17289.0,965800.0,76952.0
Friday,10,94116.0,Taraval,26,43698.0,16901.0,16283.0,15445.0,734400.0,83407.0
Friday,10,94117.0,Mission,11,39169.0,23211.0,19255.0,17939.0,911500.0,94479.0
Friday,10,94117.0,Northern,16,39169.0,23211.0,19255.0,17939.0,911500.0,94479.0
Friday,10,94117.0,Park,23,39169.0,23211.0,19255.0,17939.0,911500.0,94479.0
Friday,10,94118.0,Out of SF,3,38319.0,19663.0,18633.0,17171.0,1000001.0,82857.0
Friday,10,94118.0,Park,3,38319.0,19663.0,18633.0,17171.0,1000001.0,82857.0
Friday,10,94118.0,Richmond,22,38319.0,19663.0,18633.0,17171.0,1000001.0,82857.0
Friday,10,94122.0,Park,5,56023.0,23699.0,23633.0,22162.0,774500.0,81768.0
Friday,10,94122.0,Richmond,40,56023.0,23699.0,23633.0,22162.0,774500.0,81768.0
Friday,10,94122.0,Taraval,36,56023.0,23699.0,23633.0,22162.0,774500.0,81768.0
Friday,10,94123.0,Northern,24,23088.0,22622.0,15083.0,13717.0,1000001.0,112650.0
Friday,10,94124.0,Bayview,49,33996.0,6901.0,10812.0,9717.0,470400.0,50146.0
Friday,10,94124.0,Out of SF,1,33996.0,6901.0,10812.0,9717.0,470400.0,50146.0
Friday,10,94124.0,Tenderloin,1,33996.0,6901.0,10812.0,9717.0,470400.0,50146.0
Friday,10,94127.0,Ingleside,9,19289.0,10895.0,7801.0,7511.0,916900.0,131351.0
Friday,10,94127.0,Taraval,7,19289.0,10895.0,7801.0,7511.0,916900.0,131351.0
Friday,10,94129.0,Northern,1,3183.0,1381.0,1132.0,1086.0,,143320.0
Friday,10,94130.0,Southern,7,2880.0,3196.0,786.0,656.0,,37500.0
Friday,10,94131.0,Ingleside,3,26881.0,12926.0,13427.0,12618.0,859700.0,96889.0
Friday,10,94131.0,Mission,1,26881.0,12926.0,13427.0,12618.0,859700.0,96889.0
Friday,10,94131.0,Park,4,26881.0,12926.0,13427.0,12618.0,859700.0,96889.0
Friday,10,94132.0,Taraval,24,28129.0,9045.0,10769.0,9993.0,733100.0,69223.0
Friday,10,94134.0,Bayview,16,40798.0,17001.0,11867.0,11244.0,547800.0,56716.0
Friday,10,94134.0,Ingleside,14,40798.0,17001.0,11867.0,11244.0,547800.0,56716.0
Friday,10,94134.0,Out of SF,1,40798.0,17001.0,11867.0,11244.0,547800.0,56716.0
Friday,10,94158.0,Bayview,9,4792.0,7288.0,2482.0,2271.0,643900.0,82195.0
Friday,10,94158.0,Mission,4,4792.0,7288.0,2482.0,2271.0,643900.0,82195.0
Friday,10,94158.0,Out of SF,1,4792.0,7288.0,2482.0,2271.0,643900.0,82195.0
Friday,10,94158.0,Southern,19,4792.0,7288.0,2482.0,2271.0,643900.0,82195.0
Friday,11,94102.0,Bayview,2,31176.0,46472.0,18758.0,16844.0,574100.0,22517.0
Friday,11,94102.0,Mission,10,31176.0,46472.0,18758.0,16844.0,574100.0,22517.0
Friday,11,94102.0,Northern,47,31176.0,46472.0,18758.0,16844.0,574100.0,22517.0
Friday,11,94102.0,Out of SF,2,31176.0,46472.0,18758.0,16844.0,574100.0,22517.0
Friday,11,94102.0,Southern,14,31176.0,46472.0,18758.0,16844.0,574100.0,22517.0
Friday,11,94102.0,Taraval,2,31176.0,46472.0,18758.0,16844.0,574100.0,22517.0
Friday,11,94102.0,Tenderloin,28,31176.0,46472.0,18758.0,16844.0,574100.0,22517.0
Friday,11,94103.0,Central,1,27170.0,20036.0,14778.0,13098.0,628000.0,43364.0
Friday,11,94103.0,Ingleside,2,27170.0,20036.0,14778.0,13098.0,628000.0,43364.0
Friday,11,94103.0,Mission,11,27170.0,20036.0,14778.0,13098.0,628000.0,43364.0
Friday,11,94103.0,Out of SF,2,27170.0,20036.0,14778.0,13098.0,628000.0,43364.0
Friday,11,94103.0,Southern,74,27170.0,20036.0,14778.0,13098.0,628000.0,43364.0
Friday,11,94103.0,Tenderloin,75,27170.0,20036.0,14778.0,13098.0,628000.0,43364.0
Friday,11,94104.0,Central,46,406.0,5232.0,368.0,207.0,1000001.0,48750.0
Friday,11,94104.0,Southern,4,406.0,5232.0,368.0,207.0,1000001.0,48750.0
Friday,11,94104.0,Tenderloin,4,406.0,5232.0,368.0,207.0,1000001.0,48750.0
Friday,11,94105.0,Central,8,5846.0,15826.0,4601.0,3586.0,740900.0,163949.0
Friday,11,94105.0,Southern,26,5846.0,15826.0,4601.0,3586.0,740900.0,163949.0
Friday,11,94107.0,Bayview,1,26599.0,14845.0,15141.0,13736.0,719700.0,114439.0
Friday,11,94107.0,Southern,2,26599.0,14845.0,15141.0,13736.0,719700.0,114439.0
Friday,11,94108.0,Central,51,13768.0,50983.0,8843.0,7628.0,856900.0,35427.0
Friday,11,94108.0,Out of SF,6,13768.0,50983.0,8843.0,7628.0,856900.0,35427.0
Friday,11,94108.0,Tenderloin,3,13768.0,50983.0,8843.0,7628.0,856900.0,35427.0
Friday,11,94109.0,Bayview,1,55984.0,47129.0,37182.0,33342.0,723200.0,60722.0
Friday,11,94109.0,Central,19,55984.0,47129.0,37182.0,33342.0,723200.0,60722.0
Friday,11,94109.0,Northern,24,55984.0,47129.0,37182.0,33342.0,723200.0,60722.0
Friday,11,94109.0,Taraval,1,55984.0,47129.0,37182.0,33342.0,723200.0,60722.0
Friday,11,94109.0,Tenderloin,8,55984.0,47129.0,37182.0,33342.0,723200.0,60722.0
Friday,11,94110.0,Bayview,11,69333.0,29816.0,28913.0,27128.0,768200.0,82111.0
Friday,11,94110.0,Central,1,69333.0,29816.0,28913.0,27128.0,768200.0,82111.0
Friday,11,94110.0,Ingleside,15,69333.0,29816.0,28913.0,27128.0,768200.0,82111.0
Friday,11,94110.0,Mission,58,69333.0,29816.0,28913.0,27128.0,768200.0,82111.0
Friday,11,94110.0,Out of SF,2,69333.0,29816.0,28913.0,27128.0,768200.0,82111.0
Friday,11,94111.0,Central,47,3713.0,10791.0,2811.0,2365.0,882000.0,89722.0
Friday,11,94111.0,Northern,2,3713.0,10791.0,2811.0,2365.0,882000.0,89722.0
Friday,11,94112.0,Ingleside,37,79407.0,23606.0,23081.0,21975.0,602400.0,71625.0
Friday,11,94112.0,Taraval,1,79407.0,23606.0,23081.0,21975.0,602400.0,71625.0
Friday,11,94114.0,Mission,11,31124.0,21837.0,17634.0,16281.0,1000001.0,114689.0
Friday,11,94114.0,Park,4,31124.0,21837.0,17634.0,16281.0,1000001.0,114689.0
Friday,11,94115.0,Northern,21,33021.0,29596.0,18884.0,17289.0,965800.0,76952.0
Friday,11,94115.0,Park,1,33021.0,29596.0,18884.0,17289.0,965800.0,76952.0
Friday,11,94115.0,Richmond,10,33021.0,29596.0,18884.0,17289.0,965800.0,76952.0
Friday,11,94116.0,Taraval,13,43698.0,16901.0,16283.0,15445.0,734400.0,83407.0
Friday,11,94117.0,Mission,10,39169.0,23211.0,19255.0,17939.0,911500.0,94479.0
Friday,11,94117.0,Northern,17,39169.0,23211.0,19255.0,17939.0,911500.0,94479.0
Friday,11,94117.0,Out of SF,1,39169.0,23211.0,19255.0,17939.0,911500.0,94479.0
Friday,11,94117.0,Park,28,39169.0,23211.0,19255.0,17939.0,911500.0,94479.0
Friday,11,94118.0,Park,7,38319.0,19663.0,18633.0,17171.0,1000001.0,82857.0
Friday,11,94118.0,Richmond,25,38319.0,19663.0,18633.0,17171.0,1000001.0,82857.0
Friday,11,94122.0,Park,6,56023.0,23699.0,23633.0,22162.0,774500.0,81768.0
Friday,11,94122.0,Richmond,40,56023.0,23699.0,23633.0,22162.0,774500.0,81768.0
Friday,11,94122.0,Taraval,30,56023.0,23699.0,23633.0,22162.0,774500.0,81768.0
Friday,11,94123.0,Northern,46,23088.0,22622.0,15083.0,13717.0,1000001.0,112650.0
Friday,11,94124.0,Bayview,33,33996.0,6901.0,10812.0,9717.0,470400.0,50146.0
Friday,11,94127.0,Ingleside,2,19289.0,10895.0,7801.0,7511.0,916900.0,131351.0
Friday,11,94127.0,Taraval,7,19289.0,10895.0,7801.0,7511.0,916900.0,131351.0
Friday,11,94129.0,Central,1,3183.0,1381.0,1132.0,1086.0,,143320.0
Friday,11,94129.0,Ingleside,1,3183.0,1381.0,1132.0,1086.0,,143320.0
Friday,11,94129.0,Northern,1,3183.0,1381.0,1132.0,1086.0,,143320.0
Friday,11,94130.0,Central,1,2880.0,3196.0,786.0,656.0,,37500.0
Friday,11,94130.0,Southern,2,2880.0,3196.0,786.0,656.0,,37500.0
Friday,11,94131.0,Ingleside,7,26881.0,12926.0,13427.0,12618.0,859700.0,96889.0
Friday,11,94131.0,Mission,3,26881.0,12926.0,13427.0,12618.0,859700.0,96889.0
Friday,11,94131.0,Park,5,26881.0,12926.0,13427.0,12618.0,859700.0,96889.0
Friday,11,94132.0,Taraval,26,28129.0,9045.0,10769.0,9993.0,733100.0,69223.0
Friday,11,94134.0,Bayview,16,40798.0,17001.0,11867.0,11244.0,547800.0,56716.0
Friday,11,94134.0,Ingleside,12,40798.0,17001.0,11867.0,11244.0,547800.0,56716.0
Friday,11,94134.0,Park,1,40798.0,17001.0,11867.0,11244.0,547800.0,56716.0
Friday,11,94158.0,Bayview,14,4792.0,7288.0,2482.0,2271.0,643900.0,82195.0
Friday,11,94158.0,Mission,4,4792.0,7288.0,2482.0,2271.0,643900.0,82195.0
Friday,11,94158.0,Out of SF,5,4792.0,7288.0,2482.0,2271.0,643900.0,82195.0
Friday,11,94158.0,Southern,7,4792.0,7288.0,2482.0,2271.0,643900.0,82195.0
Friday,12,94102.0,Mission,30,31176.0,46472.0,18758.0,16844.0,574100.0,22517.0
Friday,12,94102.0,Northern,55,31176.0,46472.0,18758.0,16844.0,574100.0,22517.0
Friday,12,94102.0,Park,1,31176.0,46472.0,18758.0,16844.0,574100.0,22517.0
Friday,12,94102.0,Richmond,1,31176.0,46472.0,18758.0,16844.0,574100.0,22517.0
Friday,12,94102.0,Southern,11,31176.0,46472.0,18758.0,16844.0,574100.0,22517.0
Friday,12,94102.0,Tenderloin,33,31176.0,46472.0,18758.0,16844.0,574100.0,22517.0
Friday,12,94103.0,Mission,6,27170.0,20036.0,14778.0,13098.0,628000.0,43364.0
Friday,12,94103.0,Northern,1,27170.0,20036.0,14778.0,13098.0,628000.0,43364.0
Friday,12,94103.0,Out of SF,5,27170.0,20036.0,14778.0,13098.0,628000.0,43364.0
Friday,12,94103.0,Southern,61,27170.0,20036.0,14778.0,13098.0,628000.0,43364.0
Friday,12,94103.0,Tenderloin,79,27170.0,20036.0,14778.0,13098.0,628000.0,43364.0
Friday,12,94104.0,Central,44,406.0,5232.0,368.0,207.0,1000001.0,48750.0
Friday,12,94104.0,Northern,1,406.0,5232.0,368.0,207.0,1000001.0,48750.0
Friday,12,94104.0,Southern,2,406.0,5232.0,368.0,207.0,1000001.0,48750.0
Friday,12,94104.0,Tenderloin,3,406.0,5232.0,368.0,207.0,1000001.0,48750.0
Friday,12,94105.0,Central,6,5846.0,15826.0,4601.0,3586.0,740900.0,163949.0
Friday,12,94105.0,Southern,38,5846.0,15826.0,4601.0,3586.0,740900.0,163949.0
Friday,12,94107.0,Bayview,12,26599.0,14845.0,15141.0,13736.0,719700.0,114439.0
Friday,12,94107.0,Northern,1,26599.0,14845.0,15141.0,13736.0,719700.0,114439.0
Friday,12,94107.0,Southern,3,26599.0,14845.0,15141.0,13736.0,719700.0,114439.0
Friday,12,94108.0,Central,69,13768.0,50983.0,8843.0,7628.0,856900.0,35427.0
Friday,12,94108.0,Out of SF,1,13768.0,50983.0,8843.0,7628.0,856900.0,35427.0
Friday,12,94108.0,Richmond,1,13768.0,50983.0,8843.0,7628.0,856900.0,35427.0
Friday,12,94108.0,Southern,1,13768.0,50983.0,8843.0,7628.0,856900.0,35427.0
Friday,12,94108.0,Tenderloin,48,13768.0,50983.0,8843.0,7628.0,856900.0,35427.0
Friday,12,94109.0,Central,23,55984.0,47129.0,37182.0,33342.0,723200.0,60722.0
Friday,12,94109.0,Northern,42,55984.0,47129.0,37182.0,33342.0,723200.0,60722.0
Friday,12,94109.0,Tenderloin,9,55984.0,47129.0,37182.0,33342.0,723200.0,60722.0
Friday,12,94110.0,Bayview,18,69333.0,29816.0,28913.0,27128.0,768200.0,82111.0
Friday,12,94110.0,Central,1,69333.0,29816.0,28913.0,27128.0,768200.0,82111.0
Friday,12,94110.0,Ingleside,29,69333.0,29816.0,28913.0,27128.0,768200.0,82111.0
Friday,12,94110.0,Mission,59,69333.0,29816.0,28913.0,27128.0,768200.0,82111.0
Friday,12,94111.0,Central,47,3713.0,10791.0,2811.0,2365.0,882000.0,89722.0
Friday,12,94112.0,Ingleside,46,79407.0,23606.0,23081.0,21975.0,602400.0,71625.0
Friday,12,94112.0,Taraval,3,79407.0,23606.0,23081.0,21975.0,602400.0,71625.0
Friday,12,94114.0,Mission,22,31124.0,21837.0,17634.0,16281.0,1000001.0,114689.0
Friday,12,94114.0,Park,12,31124.0,21837.0,17634.0,16281.0,1000001.0,114689.0
Friday,12,94115.0,Northern,19,33021.0,29596.0,18884.0,17289.0,965800.0,76952.0
Friday,12,94115.0,Richmond,8,33021.0,29596.0,18884.0,17289.0,965800.0,76952.0
Friday,12,94116.0,Out of SF,3,43698.0,16901.0,16283.0,15445.0,734400.0,83407.0
Friday,12,94116.0,Taraval,22,43698.0,16901.0,16283.0,15445.0,734400.0,83407.0
Friday,12,94117.0,Mission,8,39169.0,23211.0,19255.0,17939.0,911500.0,94479.0
Friday,12,94117.0,Northern,22,39169.0,23211.0,19255.0,17939.0,911500.0,94479.0
Friday,12,94117.0,Park,35,39169.0,23211.0,19255.0,17939.0,911500.0,94479.0
Friday,12,94117.0,Southern,1,39169.0,23211.0,19255.0,17939.0,911500.0,94479.0
Friday,12,94118.0,Park,13,38319.0,19663.0,18633.0,17171.0,1000001.0,82857.0
Friday,12,94118.0,Richmond,49,38319.0,19663.0,18633.0,17171.0,1000001.0,82857.0
Friday,12,94122.0,Out of SF,1,56023.0,23699.0,23633.0,22162.0,774500.0,81768.0
Friday,12,94122.0,Park,3,56023.0,23699.0,23633.0,22162.0,774500.0,81768.0
Friday,12,94122.0,Richmond,39,56023.0,23699.0,23633.0,22162.0,774500.0,81768.0
Friday,12,94122.0,Taraval,41,56023.0,23699.0,23633.0,22162.0,774500.0,81768.0
Friday,12,94123.0,Northern,35,23088.0,22622.0,15083.0,13717.0,1000001.0,112650.0
Friday,12,94124.0,Bayview,46,33996.0,6901.0,10812.0,9717.0,470400.0,50146.0
Friday,12,94124.0,Central,2,33996.0,6901.0,10812.0,9717.0,470400.0,50146.0
Friday,12,94124.0,Ingleside,1,33996.0,6901.0,10812.0,9717.0,470400.0,50146.0
Friday,12,94127.0,Ingleside,6,19289.0,10895.0,7801.0,7511.0,916900.0,131351.0
Friday,12,94127.0,Out of SF,1,19289.0,10895.0,7801.0,7511.0,916900.0,131351.0
Friday,12,94127.0,Taraval,8,19289.0,10895.0,7801.0,7511.0,916900.0,131351.0
Friday,12,94129.0,Central,2,3183.0,1381.0,1132.0,1086.0,,143320.0
Friday,12,94129.0,Northern,4,3183.0,1381.0,1132.0,1086.0,,143320.0
Friday,12,94129.0,Richmond,1,3183.0,1381.0,1132.0,1086.0,,143320.0
Friday,12,94130.0,Southern,1,2880.0,3196.0,786.0,656.0,,37500.0
Friday,12,94131.0,Ingleside,5,26881.0,12926.0,13427.0,12618.0,859700.0,96889.0
Friday,12,94131.0,Mission,8,26881.0,12926.0,13427.0,12618.0,859700.0,96889.0
Friday,12,94131.0,Park,9,26881.0,12926.0,13427.0,12618.0,859700.0,96889.0
Friday,12,94132.0,Ingleside,1,28129.0,9045.0,10769.0,9993.0,733100.0,69223.0
Friday,12,94132.0,Taraval,27,28129.0,9045.0,10769.0,9993.0,733100.0,69223.0
Friday,12,94134.0,Bayview,34,40798.0,17001.0,11867.0,11244.0,547800.0,56716.0
Friday,12,94134.0,Ingleside,34,40798.0,17001.0,11867.0,11244.0,547800.0,56716.0
Friday,12,94158.0,Bayview,17,4792.0,7288.0,2482.0,2271.0,643900.0,82195.0
Friday,12,94158.0,Mission,3,4792.0,7288.0,2482.0,2271.0,643900.0,82195.0
Friday,12,94158.0,Out of SF,1,4792.0,7288.0,2482.0,2271.0,643900.0,82195.0
Friday,12,94158.0,Southern,34,4792.0,7288.0,2482.0,2271.0,643900.0,82195.0
Friday,13,94102.0,Mission,23,31176.0,46472.0,18758.0,16844.0,574100.0,22517.0
Friday,13,94102.0,Northern,57,31176.0,46472.0,18758.0,16844.0,574100.0,22517.0
Friday,13,94102.0,Southern,4,31176.0,46472.0,18758.0,16844.0,574100.0,22517.0
Friday,13,94102.0,Tenderloin,33,31176.0,46472.0,18758.0,16844.0,574100.0,22517.0
Friday,13,94103.0,Ingleside,1,27170.0,20036.0,14778.0,13098.0,628000.0,43364.0
Friday,13,94103.0,Mission,10,27170.0,20036.0,14778.0,13098.0,628000.0,43364.0
Friday,13,94103.0,Out of SF,5,27170.0,20036.0,14778.0,13098.0,628000.0,43364.0
Friday,13,94103.0,Southern,73,27170.0,20036.0,14778.0,13098.0,628000.0,43364.0
Friday,13,94103.0,Tenderloin,68,27170.0,20036.0,14778.0,13098.0,628000.0,43364.0
Friday,13,94104.0,Central,42,406.0,5232.0,368.0,207.0,1000001.0,48750.0
Friday,13,94104.0,Southern,2,406.0,5232.0,368.0,207.0,1000001.0,48750.0
Friday,13,94104.0,Tenderloin,1,406.0,5232.0,368.0,207.0,1000001.0,48750.0
Friday,13,94105.0,Central,3,5846.0,15826.0,4601.0,3586.0,740900.0,163949.0
Friday,13,94105.0,Southern,14,5846.0,15826.0,4601.0,3586.0,740900.0,163949.0
Friday,13,94107.0,Bayview,3,26599.0,14845.0,15141.0,13736.0,719700.0,114439.0
Friday,13,94107.0,Southern,5,26599.0,14845.0,15141.0,13736.0,719700.0,114439.0
Friday,13,94108.0,Central,81,13768.0,50983.0,8843.0,7628.0,856900.0,35427.0
Friday,13,94108.0,Tenderloin,10,13768.0,50983.0,8843.0,7628.0,856900.0,35427.0
Friday,13,94109.0,Central,18,55984.0,47129.0,37182.0,33342.0,723200.0,60722.0
Friday,13,94109.0,Northern,20,55984.0,47129.0,37182.0,33342.0,723200.0,60722.0
Friday,13,94109.0,Tenderloin,6,55984.0,47129.0,37182.0,33342.0,723200.0,60722.0
Friday,13,94110.0,Bayview,20,69333.0,29816.0,28913.0,27128.0,768200.0,82111.0
Friday,13,94110.0,Central,1,69333.0,29816.0,28913.0,27128.0,768200.0,82111.0
Friday,13,94110.0,Ingleside,17,69333.0,29816.0,28913.0,27128.0,768200.0,82111.0
Friday,13,94110.0,Mission,71,69333.0,29816.0,28913.0,27128.0,768200.0,82111.0
Friday,13,94110.0,Southern,1,69333.0,29816.0,28913.0,27128.0,768200.0,82111.0
Friday,13,94111.0,Central,56,3713.0,10791.0,2811.0,2365.0,882000.0,89722.0
Friday,13,94111.0,Northern,2,3713.0,10791.0,2811.0,2365.0,882000.0,89722.0
Friday,13,94112.0,Ingleside,43,79407.0,23606.0,23081.0,21975.0,602400.0,71625.0
Friday,13,94112.0,Out of SF,3,79407.0,23606.0,23081.0,21975.0,602400.0,71625.0
Friday,13,94112.0,Taraval,2,79407.0,23606.0,23081.0,21975.0,602400.0,71625.0
Friday,13,94114.0,Mission,10,31124.0,21837.0,17634.0,16281.0,1000001.0,114689.0
Friday,13,94114.0,Park,6,31124.0,21837.0,17634.0,16281.0,1000001.0,114689.0
Friday,13,94114.0,Taraval,1,31124.0,21837.0,17634.0,16281.0,1000001.0,114689.0
Friday,13,94115.0,Northern,23,33021.0,29596.0,18884.0,17289.0,965800.0,76952.0
Friday,13,94115.0,Park,1,33021.0,29596.0,18884.0,17289.0,965800.0,76952.0
Friday,13,94115.0,Richmond,4,33021.0,29596.0,18884.0,17289.0,965800.0,76952.0
Friday,13,94116.0,Ingleside,1,43698.0,16901.0,16283.0,15445.0,734400.0,83407.0
Friday,13,94116.0,Southern,1,43698.0,16901.0,16283.0,15445.0,734400.0,83407.0
Friday,13,94116.0,Taraval,15,43698.0,16901.0,16283.0,15445.0,734400.0,83407.0
Friday,13,94117.0,Mission,3,39169.0,23211.0,19255.0,17939.0,911500.0,94479.0
Friday,13,94117.0,Northern,18,39169.0,23211.0,19255.0,17939.0,911500.0,94479.0
Friday,13,94117.0,Park,23,39169.0,23211.0,19255.0,17939.0,911500.0,94479.0
Friday,13,94117.0,Richmond,1,39169.0,23211.0,19255.0,17939.0,911500.0,94479.0
Friday,13,94118.0,Out of SF,2,38319.0,19663.0,18633.0,17171.0,1000001.0,82857.0
Friday,13,94118.0,Park,7,38319.0,19663.0,18633.0,17171.0,1000001.0,82857.0
Friday,13,94118.0,Richmond,27,38319.0,19663.0,18633.0,17171.0,1000001.0,82857.0
Friday,13,94122.0,Richmond,38,56023.0,23699.0,23633.0,22162.0,774500.0,81768.0
Friday,13,94122.0,Taraval,21,56023.0,23699.0,23633.0,22162.0,774500.0,81768.0
Friday,13,94123.0,Central,1,23088.0,22622.0,15083.0,13717.0,1000001.0,112650.0
Friday,13,94123.0,Northern,31,23088.0,22622.0,15083.0,13717.0,1000001.0,112650.0
Friday,13,94124.0,Bayview,39,33996.0,6901.0,10812.0,9717.0,470400.0,50146.0
Friday,13,94127.0,Ingleside,8,19289.0,10895.0,7801.0,7511.0,916900.0,131351.0
Friday,13,94127.0,Park,1,19289.0,10895.0,7801.0,7511.0,916900.0,131351.0
Friday,13,94127.0,Taraval,10,19289.0,10895.0,7801.0,7511.0,916900.0,131351.0
Friday,13,94130.0,Southern,4,2880.0,3196.0,786.0,656.0,,37500.0
Friday,13,94131.0,Ingleside,7,26881.0,12926.0,13427.0,12618.0,859700.0,96889.0
Friday,13,94131.0,Northern,1,26881.0,12926.0,13427.0,12618.0,859700.0,96889.0
Friday,13,94131.0,Park,2,26881.0,12926.0,13427.0,12618.0,859700.0,96889.0
Friday,13,94132.0,Out of SF,1,28129.0,9045.0,10769.0,9993.0,733100.0,69223.0
Friday,13,94132.0,Taraval,11,28129.0,9045.0,10769.0,9993.0,733100.0,69223.0
Friday,13,94134.0,Bayview,12,40798.0,17001.0,11867.0,11244.0,547800.0,56716.0
Friday,13,94134.0,Ingleside,14,40798.0,17001.0,11867.0,11244.0,547800.0,56716.0
Friday,13,94158.0,Bayview,7,4792.0,7288.0,2482.0,2271.0,643900.0,82195.0
Friday,13,94158.0,Mission,2,4792.0,7288.0,2482.0,2271.0,643900.0,82195.0
Friday,13,94158.0,Out of SF,4,4792.0,7288.0,2482.0,2271.0,643900.0,82195.0
Friday,13,94158.0,Southern,15,4792.0,7288.0,2482.0,2271.0,643900.0,82195.0
Friday,14,94102.0,Ingleside,2,31176.0,46472.0,18758.0,16844.0,574100.0,22517.0
Friday,14,94102.0,Mission,12,31176.0,46472.0,18758.0,16844.0,574100.0,22517.0
Friday,14,94102.0,Northern,29,31176.0,46472.0,18758.0,16844.0,574100.0,22517.0
Friday,14,94102.0,Park,1,31176.0,46472.0,18758.0,16844.0,574100.0,22517.0
Friday,14,94102.0,Southern,6,31176.0,46472.0,18758.0,16844.0,574100.0,22517.0
Friday,14,94102.0,Tenderloin,40,31176.0,46472.0,18758.0,16844.0,574100.0,22517.0
Friday,14,94103.0,Central,1,27170.0,20036.0,14778.0,13098.0,628000.0,43364.0
Friday,14,94103.0,Ingleside,1,27170.0,20036.0,14778.0,13098.0,628000.0,43364.0
Friday,14,94103.0,Mission,5,27170.0,20036.0,14778.0,13098.0,628000.0,43364.0
Friday,14,94103.0,Out of SF,1,27170.0,20036.0,14778.0,13098.0,628000.0,43364.0
Friday,14,94103.0,Southern,56,27170.0,20036.0,14778.0,13098.0,628000.0,43364.0
Friday,14,94103.0,Taraval,1,27170.0,20036.0,14778.0,13098.0,628000.0,43364.0
Friday,14,94103.0,Tenderloin,81,27170.0,20036.0,14778.0,13098.0,628000.0,43364.0
Friday,14,94104.0,Central,47,406.0,5232.0,368.0,207.0,1000001.0,48750.0
Friday,14,94104.0,Southern,2,406.0,5232.0,368.0,207.0,1000001.0,48750.0
Friday,14,94104.0,Tenderloin,5,406.0,5232.0,368.0,207.0,1000001.0,48750.0
Friday,14,94105.0,Central,8,5846.0,15826.0,4601.0,3586.0,740900.0,163949.0
Friday,14,94105.0,Southern,32,5846.0,15826.0,4601.0,3586.0,740900.0,163949.0
Friday,14,94107.0,Bayview,4,26599.0,14845.0,15141.0,13736.0,719700.0,114439.0
Friday,14,94107.0,Southern,1,26599.0,14845.0,15141.0,13736.0,719700.0,114439.0
Friday,14,94108.0,Central,74,13768.0,50983.0,8843.0,7628.0,856900.0,35427.0
Friday,14,94108.0,Ingleside,1,13768.0,50983.0,8843.0,7628.0,856900.0,35427.0
Friday,14,94108.0,Out of SF,7,13768.0,50983.0,8843.0,7628.0,856900.0,35427.0
Friday,14,94108.0,Tenderloin,3,13768.0,50983.0,8843.0,7628.0,856900.0,35427.0
Friday,14,94109.0,Central,9,55984.0,47129.0,37182.0,33342.0,723200.0,60722.0
Friday,14,94109.0,Northern,21,55984.0,47129.0,37182.0,33342.0,723200.0,60722.0
Friday,14,94109.0,Tenderloin,2,55984.0,47129.0,37182.0,33342.0,723200.0,60722.0
Friday,14,94110.0,Bayview,15,69333.0,29816.0,28913.0,27128.0,768200.0,82111.0
Friday,14,94110.0,Ingleside,25,69333.0,29816.0,28913.0,27128.0,768200.0,82111.0
Friday,14,94110.0,Mission,58,69333.0,29816.0,28913.0,27128.0,768200.0,82111.0
Friday,14,94111.0,Central,72,3713.0,10791.0,2811.0,2365.0,882000.0,89722.0
Friday,14,94111.0,Northern,5,3713.0,10791.0,2811.0,2365.0,882000.0,89722.0
Friday,14,94112.0,Ingleside,28,79407.0,23606.0,23081.0,21975.0,602400.0,71625.0
Friday,14,94114.0,Mission,11,31124.0,21837.0,17634.0,16281.0,1000001.0,114689.0
Friday,14,94114.0,Park,1,31124.0,21837.0,17634.0,16281.0,1000001.0,114689.0
Friday,14,94115.0,Northern,15,33021.0,29596.0,18884.0,17289.0,965800.0,76952.0
Friday,14,94115.0,Richmond,5,33021.0,29596.0,18884.0,17289.0,965800.0,76952.0
Friday,14,94115.0,Southern,1,33021.0,29596.0,18884.0,17289.0,965800.0,76952.0
Friday,14,94116.0,Out of SF,3,43698.0,16901.0,16283.0,15445.0,734400.0,83407.0
Friday,14,94116.0,Taraval,22,43698.0,16901.0,16283.0,15445.0,734400.0,83407.0
Friday,14,94117.0,Central,1,39169.0,23211.0,19255.0,17939.0,911500.0,94479.0
Friday,14,94117.0,Mission,3,39169.0,23211.0,19255.0,17939.0,911500.0,94479.0
Friday,14,94117.0,Northern,15,39169.0,23211.0,19255.0,17939.0,911500.0,94479.0
Friday,14,94117.0,Park,29,39169.0,23211.0,19255.0,17939.0,911500.0,94479.0
Friday,14,94118.0,Park,10,38319.0,19663.0,18633.0,17171.0,1000001.0,82857.0
Friday,14,94118.0,Richmond,39,38319.0,19663.0,18633.0,17171.0,1000001.0,82857.0
Friday,14,94122.0,Park,3,56023.0,23699.0,23633.0,22162.0,774500.0,81768.0
Friday,14,94122.0,Richmond,37,56023.0,23699.0,23633.0,22162.0,774500.0,81768.0
Friday,14,94122.0,Taraval,9,56023.0,23699.0,23633.0,22162.0,774500.0,81768.0
Friday,14,94123.0,Central,3,23088.0,22622.0,15083.0,13717.0,1000001.0,112650.0
Friday,14,94123.0,Northern,24,23088.0,22622.0,15083.0,13717.0,1000001.0,112650.0
Friday,14,94124.0,Bayview,36,33996.0,6901.0,10812.0,9717.0,470400.0,50146.0
Friday,14,94124.0,Central,1,33996.0,6901.0,10812.0,9717.0,470400.0,50146.0
Friday,14,94124.0,Out of SF,1,33996.0,6901.0,10812.0,9717.0,470400.0,50146.0
Friday,14,94127.0,Ingleside,7,19289.0,10895.0,7801.0,7511.0,916900.0,131351.0
Friday,14,94127.0,Park,1,19289.0,10895.0,7801.0,7511.0,916900.0,131351.0
Friday,14,94127.0,Taraval,8,19289.0,10895.0,7801.0,7511.0,916900.0,131351.0
Friday,14,94129.0,Richmond,1,3183.0,1381.0,1132.0,1086.0,,143320.0
Friday,14,94130.0,Central,1,2880.0,3196.0,786.0,656.0,,37500.0
Friday,14,94130.0,Southern,3,2880.0,3196.0,786.0,656.0,,37500.0
Friday,14,94131.0,Ingleside,4,26881.0,12926.0,13427.0,12618.0,859700.0,96889.0
Friday,14,94131.0,Mission,7,26881.0,12926.0,13427.0,12618.0,859700.0,96889.0
Friday,14,94131.0,Park,3,26881.0,12926.0,13427.0,12618.0,859700.0,96889.0
Friday,14,94132.0,Taraval,18,28129.0,9045.0,10769.0,9993.0,733100.0,69223.0
Friday,14,94134.0,Bayview,35,40798.0,17001.0,11867.0,11244.0,547800.0,56716.0
Friday,14,94134.0,Ingleside,21,40798.0,17001.0,11867.0,11244.0,547800.0,56716.0
Friday,14,94158.0,Bayview,2,4792.0,7288.0,2482.0,2271.0,643900.0,82195.0
Friday,14,94158.0,Mission,9,4792.0,7288.0,2482.0,2271.0,643900.0,82195.0
Friday,14,94158.0,Out of SF,2,4792.0,7288.0,2482.0,2271.0,643900.0,82195.0
Friday,14,94158.0,Southern,14,4792.0,7288.0,2482.0,2271.0,643900.0,82195.0
Friday,15,94102.0,Mission,14,31176.0,46472.0,18758.0,16844.0,574100.0,22517.0
Friday,15,94102.0,Northern,33,31176.0,46472.0,18758.0,16844.0,574100.0,22517.0
Friday,15,94102.0,Park,2,31176.0,46472.0,18758.0,16844.0,574100.0,22517.0
Friday,15,94102.0,Southern,16,31176.0,46472.0,18758.0,16844.0,574100.0,22517.0
Friday,15,94102.0,Tenderloin,27,31176.0,46472.0,18758.0,16844.0,574100.0,22517.0
Friday,15,94103.0,Mission,9,27170.0,20036.0,14778.0,13098.0,628000.0,43364.0
Friday,15,94103.0,Out of SF,2,27170.0,20036.0,14778.0,13098.0,628000.0,43364.0
Friday,15,94103.0,Southern,75,27170.0,20036.0,14778.0,13098.0,628000.0,43364.0
Friday,15,94103.0,Tenderloin,103,27170.0,20036.0,14778.0,13098.0,628000.0,43364.0
Friday,15,94104.0,Central,50,406.0,5232.0,368.0,207.0,1000001.0,48750.0
Friday,15,94104.0,Southern,2,406.0,5232.0,368.0,207.0,1000001.0,48750.0
Friday,15,94104.0,Tenderloin,4,406.0,5232.0,368.0,207.0,1000001.0,48750.0
Friday,15,94105.0,Central,10,5846.0,15826.0,4601.0,3586.0,740900.0,163949.0
Friday,15,94105.0,Southern,48,5846.0,15826.0,4601.0,3586.0,740900.0,163949.0
Friday,15,94107.0,Bayview,2,26599.0,14845.0,15141.0,13736.0,719700.0,114439.0
Friday,15,94107.0,Southern,1,26599.0,14845.0,15141.0,13736.0,719700.0,114439.0
Friday,15,94108.0,Central,76,13768.0,50983.0,8843.0,7628.0,856900.0,35427.0
Friday,15,94108.0,Northern,1,13768.0,50983.0,8843.0,7628.0,856900.0,35427.0
Friday,15,94108.0,Out of SF,2,13768.0,50983.0,8843.0,7628.0,856900.0,35427.0
Friday,15,94108.0,Tenderloin,28,13768.0,50983.0,8843.0,7628.0,856900.0,35427.0
Friday,15,94109.0,Central,18,55984.0,47129.0,37182.0,33342.0,723200.0,60722.0
Friday,15,94109.0,Northern,23,55984.0,47129.0,37182.0,33342.0,723200.0,60722.0
Friday,15,94109.0,Tenderloin,2,55984.0,47129.0,37182.0,33342.0,723200.0,60722.0
Friday,15,94110.0,Bayview,14,69333.0,29816.0,28913.0,27128.0,768200.0,82111.0
Friday,15,94110.0,Ingleside,14,69333.0,29816.0,28913.0,27128.0,768200.0,82111.0
Friday,15,94110.0,Mission,63,69333.0,29816.0,28913.0,27128.0,768200.0,82111.0
Friday,15,94110.0,Out of SF,1,69333.0,29816.0,28913.0,27128.0,768200.0,82111.0
Friday,15,94110.0,Southern,1,69333.0,29816.0,28913.0,27128.0,768200.0,82111.0
Friday,15,94111.0,Central,49,3713.0,10791.0,2811.0,2365.0,882000.0,89722.0
Friday,15,94112.0,Ingleside,37,79407.0,23606.0,23081.0,21975.0,602400.0,71625.0
Friday,15,94112.0,Taraval,1,79407.0,23606.0,23081.0,21975.0,602400.0,71625.0
Friday,15,94114.0,Mission,23,31124.0,21837.0,17634.0,16281.0,1000001.0,114689.0
Friday,15,94114.0,Park,9,31124.0,21837.0,17634.0,16281.0,1000001.0,114689.0
Friday,15,94115.0,Northern,26,33021.0,29596.0,18884.0,17289.0,965800.0,76952.0
Friday,15,94115.0,Richmond,9,33021.0,29596.0,18884.0,17289.0,965800.0,76952.0
Friday,15,94116.0,Park,1,43698.0,16901.0,16283.0,15445.0,734400.0,83407.0
Friday,15,94116.0,Taraval,24,43698.0,16901.0,16283.0,15445.0,734400.0,83407.0
Friday,15,94117.0,Mission,9,39169.0,23211.0,19255.0,17939.0,911500.0,94479.0
Friday,15,94117.0,Northern,20,39169.0,23211.0,19255.0,17939.0,911500.0,94479.0
Friday,15,94117.0,Park,41,39169.0,23211.0,19255.0,17939.0,911500.0,94479.0
Friday,15,94118.0,Out of SF,1,38319.0,19663.0,18633.0,17171.0,1000001.0,82857.0
Friday,15,94118.0,Park,8,38319.0,19663.0,18633.0,17171.0,1000001.0,82857.0
Friday,15,94118.0,Richmond,26,38319.0,19663.0,18633.0,17171.0,1000001.0,82857.0
Friday,15,94122.0,Out of SF,1,56023.0,23699.0,23633.0,22162.0,774500.0,81768.0
Friday,15,94122.0,Park,3,56023.0,23699.0,23633.0,22162.0,774500.0,81768.0
Friday,15,94122.0,Richmond,39,56023.0,23699.0,23633.0,22162.0,774500.0,81768.0
Friday,15,94122.0,Taraval,19,56023.0,23699.0,23633.0,22162.0,774500.0,81768.0
Friday,15,94123.0,Northern,30,23088.0,22622.0,15083.0,13717.0,1000001.0,112650.0
Friday,15,94124.0,Bayview,48,33996.0,6901.0,10812.0,9717.0,470400.0,50146.0
Friday,15,94124.0,Central,1,33996.0,6901.0,10812.0,9717.0,470400.0,50146.0
Friday,15,94124.0,Out of SF,3,33996.0,6901.0,10812.0,9717.0,470400.0,50146.0
Friday,15,94124.0,Richmond,1,33996.0,6901.0,10812.0,9717.0,470400.0,50146.0
Friday,15,94127.0,Ingleside,8,19289.0,10895.0,7801.0,7511.0,916900.0,131351.0
Friday,15,94127.0,Southern,1,19289.0,10895.0,7801.0,7511.0,916900.0,131351.0
Friday,15,94127.0,Taraval,6,19289.0,10895.0,7801.0,7511.0,916900.0,131351.0
Friday,15,94129.0,Central,1,3183.0,1381.0,1132.0,1086.0,,143320.0
Friday,15,94130.0,Southern,2,2880.0,3196.0,786.0,656.0,,37500.0
Friday,15,94131.0,Ingleside,5,26881.0,12926.0,13427.0,12618.0,859700.0,96889.0
Friday,15,94131.0,Mission,7,26881.0,12926.0,13427.0,12618.0,859700.0,96889.0
Friday,15,94131.0,Park,8,26881.0,12926.0,13427.0,12618.0,859700.0,96889.0
Friday,15,94132.0,Ingleside,1,28129.0,9045.0,10769.0,9993.0,733100.0,69223.0
Friday,15,94132.0,Taraval,22,28129.0,9045.0,10769.0,9993.0,733100.0,69223.0
Friday,15,94134.0,Bayview,34,40798.0,17001.0,11867.0,11244.0,547800.0,56716.0
Friday,15,94134.0,Ingleside,15,40798.0,17001.0,11867.0,11244.0,547800.0,56716.0
Friday,15,94158.0,Bayview,6,4792.0,7288.0,2482.0,2271.0,643900.0,82195.0
Friday,15,94158.0,Out of SF,5,4792.0,7288.0,2482.0,2271.0,643900.0,82195.0
Friday,15,94158.0,Southern,10,4792.0,7288.0,2482.0,2271.0,643900.0,82195.0
Friday,16,94102.0,Mission,18,31176.0,46472.0,18758.0,16844.0,574100.0,22517.0
Friday,16,94102.0,Northern,60,31176.0,46472.0,18758.0,16844.0,574100.0,22517.0
Friday,16,94102.0,Park,1,31176.0,46472.0,18758.0,16844.0,574100.0,22517.0
Friday,16,94102.0,Southern,14,31176.0,46472.0,18758.0,16844.0,574100.0,22517.0
Friday,16,94102.0,Tenderloin,34,31176.0,46472.0,18758.0,16844.0,574100.0,22517.0
Friday,16,94103.0,Mission,4,27170.0,20036.0,14778.0,13098.0,628000.0,43364.0
Friday,16,94103.0,Out of SF,1,27170.0,20036.0,14778.0,13098.0,628000.0,43364.0
Friday,16,94103.0,Southern,61,27170.0,20036.0,14778.0,13098.0,628000.0,43364.0
Friday,16,94103.0,Tenderloin,72,27170.0,20036.0,14778.0,13098.0,628000.0,43364.0
Friday,16,94104.0,Central,40,406.0,5232.0,368.0,207.0,1000001.0,48750.0
Friday,16,94104.0,Southern,1,406.0,5232.0,368.0,207.0,1000001.0,48750.0
Friday,16,94105.0,Central,5,5846.0,15826.0,4601.0,3586.0,740900.0,163949.0
Friday,16,94105.0,Southern,30,5846.0,15826.0,4601.0,3586.0,740900.0,163949.0
Friday,16,94107.0,Bayview,4,26599.0,14845.0,15141.0,13736.0,719700.0,114439.0
Friday,16,94107.0,Southern,2,26599.0,14845.0,15141.0,13736.0,719700.0,114439.0
Friday,16,94108.0,Central,78,13768.0,50983.0,8843.0,7628.0,856900.0,35427.0
Friday,16,94108.0,Out of SF,1,13768.0,50983.0,8843.0,7628.0,856900.0,35427.0
Friday,16,94108.0,Richmond,1,13768.0,50983.0,8843.0,7628.0,856900.0,35427.0
Friday,16,94108.0,Southern,1,13768.0,50983.0,8843.0,7628.0,856900.0,35427.0
Friday,16,94108.0,Tenderloin,11,13768.0,50983.0,8843.0,7628.0,856900.0,35427.0
Friday,16,94109.0,Central,8,55984.0,47129.0,37182.0,33342.0,723200.0,60722.0
Friday,16,94109.0,Northern,28,55984.0,47129.0,37182.0,33342.0,723200.0,60722.0
Friday,16,94109.0,Tenderloin,3,55984.0,47129.0,37182.0,33342.0,723200.0,60722.0
Friday,16,94110.0,Bayview,7,69333.0,29816.0,28913.0,27128.0,768200.0,82111.0
Friday,16,94110.0,Ingleside,15,69333.0,29816.0,28913.0,27128.0,768200.0,82111.0
Friday,16,94110.0,Mission,82,69333.0,29816.0,28913.0,27128.0,768200.0,82111.0
Friday,16,94110.0,Taraval,1,69333.0,29816.0,28913.0,27128.0,768200.0,82111.0
Friday,16,94111.0,Central,50,3713.0,10791.0,2811.0,2365.0,882000.0,89722.0
Friday,16,94111.0,Northern,1,3713.0,10791.0,2811.0,2365.0,882000.0,89722.0
Friday,16,94111.0,Southern,2,3713.0,10791.0,2811.0,2365.0,882000.0,89722.0
Friday,16,94112.0,Ingleside,39,79407.0,23606.0,23081.0,21975.0,602400.0,71625.0
Friday,16,94114.0,Mission,19,31124.0,21837.0,17634.0,16281.0,1000001.0,114689.0
Friday,16,94114.0,Park,2,31124.0,21837.0,17634.0,16281.0,1000001.0,114689.0
Friday,16,94115.0,Northern,34,33021.0,29596.0,18884.0,17289.0,965800.0,76952.0
Friday,16,94115.0,Richmond,11,33021.0,29596.0,18884.0,17289.0,965800.0,76952.0
Friday,16,94116.0,Out of SF,1,43698.0,16901.0,16283.0,15445.0,734400.0,83407.0
Friday,16,94116.0,Taraval,33,43698.0,16901.0,16283.0,15445.0,734400.0,83407.0
Friday,16,94117.0,Mission,5,39169.0,23211.0,19255.0,17939.0,911500.0,94479.0
Friday,16,94117.0,Northern,11,39169.0,23211.0,19255.0,17939.0,911500.0,94479.0
Friday,16,94117.0,Park,32,39169.0,23211.0,19255.0,17939.0,911500.0,94479.0
Friday,16,94118.0,Out of SF,2,38319.0,19663.0,18633.0,17171.0,1000001.0,82857.0
Friday,16,94118.0,Park,3,38319.0,19663.0,18633.0,17171.0,1000001.0,82857.0
Friday,16,94118.0,Richmond,28,38319.0,19663.0,18633.0,17171.0,1000001.0,82857.0
Friday,16,94118.0,Southern,1,38319.0,19663.0,18633.0,17171.0,1000001.0,82857.0
Friday,16,94122.0,Bayview,1,56023.0,23699.0,23633.0,22162.0,774500.0,81768.0
Friday,16,94122.0,Park,3,56023.0,23699.0,23633.0,22162.0,774500.0,81768.0
Friday,16,94122.0,Richmond,41,56023.0,23699.0,23633.0,22162.0,774500.0,81768.0
Friday,16,94122.0,Taraval,22,56023.0,23699.0,23633.0,22162.0,774500.0,81768.0
Friday,16,94123.0,Central,2,23088.0,22622.0,15083.0,13717.0,1000001.0,112650.0
Friday,16,94123.0,Northern,33,23088.0,22622.0,15083.0,13717.0,1000001.0,112650.0
Friday,16,94124.0,Bayview,52,33996.0,6901.0,10812.0,9717.0,470400.0,50146.0
Friday,16,94124.0,Mission,1,33996.0,6901.0,10812.0,9717.0,470400.0,50146.0
Friday,16,94127.0,Ingleside,6,19289.0,10895.0,7801.0,7511.0,916900.0,131351.0
Friday,16,94127.0,Taraval,13,19289.0,10895.0,7801.0,7511.0,916900.0,131351.0
Friday,16,94131.0,Ingleside,13,26881.0,12926.0,13427.0,12618.0,859700.0,96889.0
Friday,16,94131.0,Mission,6,26881.0,12926.0,13427.0,12618.0,859700.0,96889.0
Friday,16,94131.0,Park,6,26881.0,12926.0,13427.0,12618.0,859700.0,96889.0
Friday,16,94132.0,Ingleside,1,28129.0,9045.0,10769.0,9993.0,733100.0,69223.0
Friday,16,94132.0,Taraval,17,28129.0,9045.0,10769.0,9993.0,733100.0,69223.0
Friday,16,94134.0,Bayview,16,40798.0,17001.0,11867.0,11244.0,547800.0,56716.0
Friday,16,94134.0,Ingleside,19,40798.0,17001.0,11867.0,11244.0,547800.0,56716.0
Friday,16,94158.0,Bayview,12,4792.0,7288.0,2482.0,2271.0,643900.0,82195.0
Friday,16,94158.0,Mission,7,4792.0,7288.0,2482.0,2271.0,643900.0,82195.0
Friday,16,94158.0,Out of SF,5,4792.0,7288.0,2482.0,2271.0,643900.0,82195.0
Friday,16,94158.0,Southern,14,4792.0,7288.0,2482.0,2271.0,643900.0,82195.0
Friday,16,94158.0,Tenderloin,1,4792.0,7288.0,2482.0,2271.0,643900.0,82195.0
Friday,17,94102.0,Mission,27,31176.0,46472.0,18758.0,16844.0,574100.0,22517.0
Friday,17,94102.0,Northern,63,31176.0,46472.0,18758.0,16844.0,574100.0,22517.0
Friday,17,94102.0,Park,1,31176.0,46472.0,18758.0,16844.0,574100.0,22517.0
Friday,17,94102.0,Southern,11,31176.0,46472.0,18758.0,16844.0,574100.0,22517.0
Friday,17,94102.0,Tenderloin,26,31176.0,46472.0,18758.0,16844.0,574100.0,22517.0
Friday,17,94103.0,Central,3,27170.0,20036.0,14778.0,13098.0,628000.0,43364.0
Friday,17,94103.0,Mission,11,27170.0,20036.0,14778.0,13098.0,628000.0,43364.0
Friday,17,94103.0,Out of SF,3,27170.0,20036.0,14778.0,13098.0,628000.0,43364.0
Friday,17,94103.0,Southern,68,27170.0,20036.0,14778.0,13098.0,628000.0,43364.0
Friday,17,94103.0,Tenderloin,85,27170.0,20036.0,14778.0,13098.0,628000.0,43364.0
Friday,17,94104.0,Central,55,406.0,5232.0,368.0,207.0,1000001.0,48750.0
Friday,17,94104.0,Southern,1,406.0,5232.0,368.0,207.0,1000001.0,48750.0
Friday,17,94104.0,Tenderloin,4,406.0,5232.0,368.0,207.0,1000001.0,48750.0
Friday,17,94105.0,Central,7,5846.0,15826.0,4601.0,3586.0,740900.0,163949.0
Friday,17,94105.0,Southern,30,5846.0,15826.0,4601.0,3586.0,740900.0,163949.0
Friday,17,94107.0,Bayview,11,26599.0,14845.0,15141.0,13736.0,719700.0,114439.0
Friday,17,94107.0,Southern,1,26599.0,14845.0,15141.0,13736.0,719700.0,114439.0
Friday,17,94108.0,Central,53,13768.0,50983.0,8843.0,7628.0,856900.0,35427.0
Friday,17,94108.0,Out of SF,3,13768.0,50983.0,8843.0,7628.0,856900.0,35427.0
Friday,17,94108.0,Tenderloin,3,13768.0,50983.0,8843.0,7628.0,856900.0,35427.0
Friday,17,94109.0,Central,25,55984.0,47129.0,37182.0,33342.0,723200.0,60722.0
Friday,17,94109.0,Northern,33,55984.0,47129.0,37182.0,33342.0,723200.0,60722.0
Friday,17,94109.0,Tenderloin,8,55984.0,47129.0,37182.0,33342.0,723200.0,60722.0
Friday,17,94110.0,Bayview,14,69333.0,29816.0,28913.0,27128.0,768200.0,82111.0
Friday,17,94110.0,Ingleside,28,69333.0,29816.0,28913.0,27128.0,768200.0,82111.0
Friday,17,94110.0,Mission,78,69333.0,29816.0,28913.0,27128.0,768200.0,82111.0
Friday,17,94110.0,Out of SF,1,69333.0,29816.0,28913.0,27128.0,768200.0,82111.0
Friday,17,94111.0,Central,52,3713.0,10791.0,2811.0,2365.0,882000.0,89722.0
Friday,17,94111.0,Northern,1,3713.0,10791.0,2811.0,2365.0,882000.0,89722.0
Friday,17,94112.0,Ingleside,45,79407.0,23606.0,23081.0,21975.0,602400.0,71625.0
Friday,17,94112.0,Taraval,5,79407.0,23606.0,23081.0,21975.0,602400.0,71625.0
Friday,17,94114.0,Mission,26,31124.0,21837.0,17634.0,16281.0,1000001.0,114689.0
Friday,17,94114.0,Northern,1,31124.0,21837.0,17634.0,16281.0,1000001.0,114689.0
Friday,17,94114.0,Park,9,31124.0,21837.0,17634.0,16281.0,1000001.0,114689.0
Friday,17,94115.0,Northern,22,33021.0,29596.0,18884.0,17289.0,965800.0,76952.0
Friday,17,94115.0,Park,2,33021.0,29596.0,18884.0,17289.0,965800.0,76952.0
Friday,17,94115.0,Richmond,14,33021.0,29596.0,18884.0,17289.0,965800.0,76952.0
Friday,17,94116.0,Out of SF,1,43698.0,16901.0,16283.0,15445.0,734400.0,83407.0
Friday,17,94116.0,Taraval,31,43698.0,16901.0,16283.0,15445.0,734400.0,83407.0
Friday,17,94117.0,Mission,8,39169.0,23211.0,19255.0,17939.0,911500.0,94479.0
Friday,17,94117.0,Northern,8,39169.0,23211.0,19255.0,17939.0,911500.0,94479.0
Friday,17,94117.0,Park,43,39169.0,23211.0,19255.0,17939.0,911500.0,94479.0
Friday,17,94118.0,Park,2,38319.0,19663.0,18633.0,17171.0,1000001.0,82857.0
Friday,17,94118.0,Richmond,41,38319.0,19663.0,18633.0,17171.0,1000001.0,82857.0
Friday,17,94122.0,Park,2,56023.0,23699.0,23633.0,22162.0,774500.0,81768.0
Friday,17,94122.0,Richmond,39,56023.0,23699.0,23633.0,22162.0,774500.0,81768.0
Friday,17,94122.0,Taraval,23,56023.0,23699.0,23633.0,22162.0,774500.0,81768.0
Friday,17,94123.0,Central,2,23088.0,22622.0,15083.0,13717.0,1000001.0,112650.0
Friday,17,94123.0,Northern,42,23088.0,22622.0,15083.0,13717.0,1000001.0,112650.0
Friday,17,94124.0,Bayview,60,33996.0,6901.0,10812.0,9717.0,470400.0,50146.0
Friday,17,94124.0,Out of SF,2,33996.0,6901.0,10812.0,9717.0,470400.0,50146.0
Friday,17,94127.0,Ingleside,6,19289.0,10895.0,7801.0,7511.0,916900.0,131351.0
Friday,17,94127.0,Taraval,7,19289.0,10895.0,7801.0,7511.0,916900.0,131351.0
Friday,17,94129.0,Central,1,3183.0,1381.0,1132.0,1086.0,,143320.0
Friday,17,94130.0,Southern,4,2880.0,3196.0,786.0,656.0,,37500.0
Friday,17,94131.0,Ingleside,10,26881.0,12926.0,13427.0,12618.0,859700.0,96889.0
Friday,17,94131.0,Mission,11,26881.0,12926.0,13427.0,12618.0,859700.0,96889.0
Friday,17,94131.0,Park,1,26881.0,12926.0,13427.0,12618.0,859700.0,96889.0
Friday,17,94131.0,Taraval,1,26881.0,12926.0,13427.0,12618.0,859700.0,96889.0
Friday,17,94132.0,Taraval,32,28129.0,9045.0,10769.0,9993.0,733100.0,69223.0
Friday,17,94134.0,Bayview,31,40798.0,17001.0,11867.0,11244.0,547800.0,56716.0
Friday,17,94134.0,Ingleside,23,40798.0,17001.0,11867.0,11244.0,547800.0,56716.0
Friday,17,94158.0,Bayview,10,4792.0,7288.0,2482.0,2271.0,643900.0,82195.0
Friday,17,94158.0,Mission,2,4792.0,7288.0,2482.0,2271.0,643900.0,82195.0
Friday,17,94158.0,Out of SF,2,4792.0,7288.0,2482.0,2271.0,643900.0,82195.0
Friday,17,94158.0,Southern,10,4792.0,7288.0,2482.0,2271.0,643900.0,82195.0
Friday,17,94158.0,Tenderloin,1,4792.0,7288.0,2482.0,2271.0,643900.0,82195.0
Friday,18,94102.0,Central,2,31176.0,46472.0,18758.0,16844.0,574100.0,22517.0
Friday,18,94102.0,Mission,34,31176.0,46472.0,18758.0,16844.0,574100.0,22517.0
Friday,18,94102.0,Northern,67,31176.0,46472.0,18758.0,16844.0,574100.0,22517.0
Friday,18,94102.0,Out of SF,8,31176.0,46472.0,18758.0,16844.0,574100.0,22517.0
Friday,18,94102.0,Southern,12,31176.0,46472.0,18758.0,16844.0,574100.0,22517.0
Friday,18,94102.0,Tenderloin,26,31176.0,46472.0,18758.0,16844.0,574100.0,22517.0
Friday,18,94103.0,Central,4,27170.0,20036.0,14778.0,13098.0,628000.0,43364.0
Friday,18,94103.0,Mission,8,27170.0,20036.0,14778.0,13098.0,628000.0,43364.0
Friday,18,94103.0,Out of SF,1,27170.0,20036.0,14778.0,13098.0,628000.0,43364.0
Friday,18,94103.0,Park,1,27170.0,20036.0,14778.0,13098.0,628000.0,43364.0
Friday,18,94103.0,Southern,75,27170.0,20036.0,14778.0,13098.0,628000.0,43364.0
Friday,18,94103.0,Taraval,1,27170.0,20036.0,14778.0,13098.0,628000.0,43364.0
Friday,18,94103.0,Tenderloin,63,27170.0,20036.0,14778.0,13098.0,628000.0,43364.0
Friday,18,94104.0,Central,52,406.0,5232.0,368.0,207.0,1000001.0,48750.0
Friday,18,94104.0,Southern,6,406.0,5232.0,368.0,207.0,1000001.0,48750.0
Friday,18,94104.0,Tenderloin,2,406.0,5232.0,368.0,207.0,1000001.0,48750.0
Friday,18,94105.0,Central,4,5846.0,15826.0,4601.0,3586.0,740900.0,163949.0
Friday,18,94105.0,Southern,43,5846.0,15826.0,4601.0,3586.0,740900.0,163949.0
Friday,18,94107.0,Bayview,13,26599.0,14845.0,15141.0,13736.0,719700.0,114439.0
Friday,18,94107.0,Southern,1,26599.0,14845.0,15141.0,13736.0,719700.0,114439.0
Friday,18,94108.0,Central,77,13768.0,50983.0,8843.0,7628.0,856900.0,35427.0
Friday,18,94108.0,Out of SF,5,13768.0,50983.0,8843.0,7628.0,856900.0,35427.0
Friday,18,94108.0,Southern,1,13768.0,50983.0,8843.0,7628.0,856900.0,35427.0
Friday,18,94108.0,Tenderloin,7,13768.0,50983.0,8843.0,7628.0,856900.0,35427.0
Friday,18,94109.0,Central,8,55984.0,47129.0,37182.0,33342.0,723200.0,60722.0
Friday,18,94109.0,Northern,29,55984.0,47129.0,37182.0,33342.0,723200.0,60722.0
Friday,18,94109.0,Tenderloin,7,55984.0,47129.0,37182.0,33342.0,723200.0,60722.0
Friday,18,94110.0,Bayview,17,69333.0,29816.0,28913.0,27128.0,768200.0,82111.0
Friday,18,94110.0,Ingleside,19,69333.0,29816.0,28913.0,27128.0,768200.0,82111.0
Friday,18,94110.0,Mission,88,69333.0,29816.0,28913.0,27128.0,768200.0,82111.0
Friday,18,94110.0,Northern,3,69333.0,29816.0,28913.0,27128.0,768200.0,82111.0
Friday,18,94110.0,Out of SF,5,69333.0,29816.0,28913.0,27128.0,768200.0,82111.0
Friday,18,94110.0,Southern,2,69333.0,29816.0,28913.0,27128.0,768200.0,82111.0
Friday,18,94111.0,Central,46,3713.0,10791.0,2811.0,2365.0,882000.0,89722.0
Friday,18,94111.0,Northern,1,3713.0,10791.0,2811.0,2365.0,882000.0,89722.0
Friday,18,94112.0,Ingleside,36,79407.0,23606.0,23081.0,21975.0,602400.0,71625.0
Friday,18,94112.0,Mission,2,79407.0,23606.0,23081.0,21975.0,602400.0,71625.0
Friday,18,94112.0,Taraval,1,79407.0,23606.0,23081.0,21975.0,602400.0,71625.0
Friday,18,94114.0,Mission,15,31124.0,21837.0,17634.0,16281.0,1000001.0,114689.0
Friday,18,94114.0,Park,8,31124.0,21837.0,17634.0,16281.0,1000001.0,114689.0
Friday,18,94115.0,Northern,20,33021.0,29596.0,18884.0,17289.0,965800.0,76952.0
Friday,18,94115.0,Richmond,11,33021.0,29596.0,18884.0,17289.0,965800.0,76952.0
Friday,18,94116.0,Taraval,16,43698.0,16901.0,16283.0,15445.0,734400.0,83407.0
Friday,18,94117.0,Mission,16,39169.0,23211.0,19255.0,17939.0,911500.0,94479.0
Friday,18,94117.0,Northern,14,39169.0,23211.0,19255.0,17939.0,911500.0,94479.0
Friday,18,94117.0,Park,28,39169.0,23211.0,19255.0,17939.0,911500.0,94479.0
Friday,18,94118.0,Northern,1,38319.0,19663.0,18633.0,17171.0,1000001.0,82857.0
Friday,18,94118.0,Park,4,38319.0,19663.0,18633.0,17171.0,1000001.0,82857.0
Friday,18,94118.0,Richmond,50,38319.0,19663.0,18633.0,17171.0,1000001.0,82857.0
Friday,18,94122.0,Park,1,56023.0,23699.0,23633.0,22162.0,774500.0,81768.0
Friday,18,94122.0,Richmond,22,56023.0,23699.0,23633.0,22162.0,774500.0,81768.0
Friday,18,94122.0,Taraval,36,56023.0,23699.0,23633.0,22162.0,774500.0,81768.0
Friday,18,94123.0,Central,1,23088.0,22622.0,15083.0,13717.0,1000001.0,112650.0
Friday,18,94123.0,Northern,43,23088.0,22622.0,15083.0,13717.0,1000001.0,112650.0
Friday,18,94124.0,Bayview,44,33996.0,6901.0,10812.0,9717.0,470400.0,50146.0
Friday,18,94127.0,Ingleside,9,19289.0,10895.0,7801.0,7511.0,916900.0,131351.0
Friday,18,94127.0,Taraval,17,19289.0,10895.0,7801.0,7511.0,916900.0,131351.0
Friday,18,94130.0,Southern,2,2880.0,3196.0,786.0,656.0,,37500.0
Friday,18,94131.0,Ingleside,10,26881.0,12926.0,13427.0,12618.0,859700.0,96889.0
Friday,18,94131.0,Mission,3,26881.0,12926.0,13427.0,12618.0,859700.0,96889.0
Friday,18,94131.0,Park,4,26881.0,12926.0,13427.0,12618.0,859700.0,96889.0
Friday,18,94132.0,Ingleside,3,28129.0,9045.0,10769.0,9993.0,733100.0,69223.0
Friday,18,94132.0,Taraval,22,28129.0,9045.0,10769.0,9993.0,733100.0,69223.0
Friday,18,94134.0,Bayview,20,40798.0,17001.0,11867.0,11244.0,547800.0,56716.0
Friday,18,94134.0,Ingleside,28,40798.0,17001.0,11867.0,11244.0,547800.0,56716.0
Friday,18,94158.0,Bayview,15,4792.0,7288.0,2482.0,2271.0,643900.0,82195.0
Friday,18,94158.0,Mission,2,4792.0,7288.0,2482.0,2271.0,643900.0,82195.0
Friday,18,94158.0,Out of SF,1,4792.0,7288.0,2482.0,2271.0,643900.0,82195.0
Friday,18,94158.0,Southern,21,4792.0,7288.0,2482.0,2271.0,643900.0,82195.0
Friday,19,94102.0,Bayview,1,31176.0,46472.0,18758.0,16844.0,574100.0,22517.0
Friday,19,94102.0,Central,1,31176.0,46472.0,18758.0,16844.0,574100.0,22517.0
Friday,19,94102.0,Mission,30,31176.0,46472.0,18758.0,16844.0,574100.0,22517.0
Friday,19,94102.0,Northern,51,31176.0,46472.0,18758.0,16844.0,574100.0,22517.0
Friday,19,94102.0,Southern,18,31176.0,46472.0,18758.0,16844.0,574100.0,22517.0
Friday,19,94102.0,Tenderloin,39,31176.0,46472.0,18758.0,16844.0,574100.0,22517.0
Friday,19,94103.0,Central,1,27170.0,20036.0,14778.0,13098.0,628000.0,43364.0
Friday,19,94103.0,Mission,9,27170.0,20036.0,14778.0,13098.0,628000.0,43364.0
Friday,19,94103.0,Southern,52,27170.0,20036.0,14778.0,13098.0,628000.0,43364.0
Friday,19,94103.0,Tenderloin,61,27170.0,20036.0,14778.0,13098.0,628000.0,43364.0
Friday,19,94104.0,Central,46,406.0,5232.0,368.0,207.0,1000001.0,48750.0
Friday,19,94104.0,Southern,7,406.0,5232.0,368.0,207.0,1000001.0,48750.0
Friday,19,94104.0,Tenderloin,1,406.0,5232.0,368.0,207.0,1000001.0,48750.0
Friday,19,94105.0,Central,10,5846.0,15826.0,4601.0,3586.0,740900.0,163949.0
Friday,19,94105.0,Southern,32,5846.0,15826.0,4601.0,3586.0,740900.0,163949.0
Friday,19,94107.0,Bayview,7,26599.0,14845.0,15141.0,13736.0,719700.0,114439.0
Friday,19,94107.0,Out of SF,2,26599.0,14845.0,15141.0,13736.0,719700.0,114439.0
Friday,19,94107.0,Southern,1,26599.0,14845.0,15141.0,13736.0,719700.0,114439.0
Friday,19,94108.0,Central,80,13768.0,50983.0,8843.0,7628.0,856900.0,35427.0
Friday,19,94108.0,Out of SF,2,13768.0,50983.0,8843.0,7628.0,856900.0,35427.0
Friday,19,94108.0,Tenderloin,6,13768.0,50983.0,8843.0,7628.0,856900.0,35427.0
Friday,19,94109.0,Central,14,55984.0,47129.0,37182.0,33342.0,723200.0,60722.0
Friday,19,94109.0,Northern,47,55984.0,47129.0,37182.0,33342.0,723200.0,60722.0
Friday,19,94109.0,Tenderloin,9,55984.0,47129.0,37182.0,33342.0,723200.0,60722.0
Friday,19,94110.0,Bayview,20,69333.0,29816.0,28913.0,27128.0,768200.0,82111.0
Friday,19,94110.0,Ingleside,20,69333.0,29816.0,28913.0,27128.0,768200.0,82111.0
Friday,19,94110.0,Mission,85,69333.0,29816.0,28913.0,27128.0,768200.0,82111.0
Friday,19,94110.0,Out of SF,1,69333.0,29816.0,28913.0,27128.0,768200.0,82111.0
Friday,19,94111.0,Central,60,3713.0,10791.0,2811.0,2365.0,882000.0,89722.0
Friday,19,94111.0,Northern,2,3713.0,10791.0,2811.0,2365.0,882000.0,89722.0
Friday,19,94112.0,Ingleside,25,79407.0,23606.0,23081.0,21975.0,602400.0,71625.0
Friday,19,94112.0,Taraval,5,79407.0,23606.0,23081.0,21975.0,602400.0,71625.0
Friday,19,94114.0,Mission,26,31124.0,21837.0,17634.0,16281.0,1000001.0,114689.0
Friday,19,94114.0,Park,3,31124.0,21837.0,17634.0,16281.0,1000001.0,114689.0
Friday,19,94114.0,Taraval,1,31124.0,21837.0,17634.0,16281.0,1000001.0,114689.0
Friday,19,94115.0,Northern,21,33021.0,29596.0,18884.0,17289.0,965800.0,76952.0
Friday,19,94115.0,Richmond,4,33021.0,29596.0,18884.0,17289.0,965800.0,76952.0
Friday,19,94116.0,Taraval,35,43698.0,16901.0,16283.0,15445.0,734400.0,83407.0
Friday,19,94117.0,Mission,7,39169.0,23211.0,19255.0,17939.0,911500.0,94479.0
Friday,19,94117.0,Northern,14,39169.0,23211.0,19255.0,17939.0,911500.0,94479.0
Friday,19,94117.0,Park,25,39169.0,23211.0,19255.0,17939.0,911500.0,94479.0
Friday,19,94118.0,Out of SF,1,38319.0,19663.0,18633.0,17171.0,1000001.0,82857.0
Friday,19,94118.0,Park,3,38319.0,19663.0,18633.0,17171.0,1000001.0,82857.0
Friday,19,94118.0,Richmond,44,38319.0,19663.0,18633.0,17171.0,1000001.0,82857.0
Friday,19,94122.0,Out of SF,1,56023.0,23699.0,23633.0,22162.0,774500.0,81768.0
Friday,19,94122.0,Park,2,56023.0,23699.0,23633.0,22162.0,774500.0,81768.0
Friday,19,94122.0,Richmond,12,56023.0,23699.0,23633.0,22162.0,774500.0,81768.0
Friday,19,94122.0,Taraval,20,56023.0,23699.0,23633.0,22162.0,774500.0,81768.0
Friday,19,94123.0,Central,2,23088.0,22622.0,15083.0,13717.0,1000001.0,112650.0
Friday,19,94123.0,Northern,41,23088.0,22622.0,15083.0,13717.0,1000001.0,112650.0
Friday,19,94124.0,Bayview,42,33996.0,6901.0,10812.0,9717.0,470400.0,50146.0
Friday,19,94127.0,Ingleside,3,19289.0,10895.0,7801.0,7511.0,916900.0,131351.0
Friday,19,94127.0,Taraval,10,19289.0,10895.0,7801.0,7511.0,916900.0,131351.0
Friday,19,94130.0,Southern,3,2880.0,3196.0,786.0,656.0,,37500.0
Friday,19,94131.0,Ingleside,3,26881.0,12926.0,13427.0,12618.0,859700.0,96889.0
Friday,19,94131.0,Mission,1,26881.0,12926.0,13427.0,12618.0,859700.0,96889.0
Friday,19,94131.0,Park,7,26881.0,12926.0,13427.0,12618.0,859700.0,96889.0
Friday,19,94132.0,Taraval,28,28129.0,9045.0,10769.0,9993.0,733100.0,69223.0
Friday,19,94134.0,Bayview,16,40798.0,17001.0,11867.0,11244.0,547800.0,56716.0
Friday,19,94134.0,Ingleside,15,40798.0,17001.0,11867.0,11244.0,547800.0,56716.0
Friday,19,94158.0,Bayview,17,4792.0,7288.0,2482.0,2271.0,643900.0,82195.0
Friday,19,94158.0,Mission,3,4792.0,7288.0,2482.0,2271.0,643900.0,82195.0
Friday,19,94158.0,Out of SF,1,4792.0,7288.0,2482.0,2271.0,643900.0,82195.0
Friday,19,94158.0,Southern,12,4792.0,7288.0,2482.0,2271.0,643900.0,82195.0
Friday,20,94102.0,Mission,20,31176.0,46472.0,18758.0,16844.0,574100.0,22517.0
Friday,20,94102.0,Northern,77,31176.0,46472.0,18758.0,16844.0,574100.0,22517.0
Friday,20,94102.0,Southern,12,31176.0,46472.0,18758.0,16844.0,574100.0,22517.0
Friday,20,94102.0,Tenderloin,10,31176.0,46472.0,18758.0,16844.0,574100.0,22517.0
Friday,20,94103.0,Mission,10,27170.0,20036.0,14778.0,13098.0,628000.0,43364.0
Friday,20,94103.0,Southern,81,27170.0,20036.0,14778.0,13098.0,628000.0,43364.0
Friday,20,94103.0,Tenderloin,59,27170.0,20036.0,14778.0,13098.0,628000.0,43364.0
Friday,20,94104.0,Central,63,406.0,5232.0,368.0,207.0,1000001.0,48750.0
Friday,20,94104.0,Southern,4,406.0,5232.0,368.0,207.0,1000001.0,48750.0
Friday,20,94104.0,Tenderloin,4,406.0,5232.0,368.0,207.0,1000001.0,48750.0
Friday,20,94105.0,Central,4,5846.0,15826.0,4601.0,3586.0,740900.0,163949.0
Friday,20,94105.0,Southern,40,5846.0,15826.0,4601.0,3586.0,740900.0,163949.0
Friday,20,94107.0,Bayview,6,26599.0,14845.0,15141.0,13736.0,719700.0,114439.0
Friday,20,94107.0,Southern,1,26599.0,14845.0,15141.0,13736.0,719700.0,114439.0
Friday,20,94108.0,Central,76,13768.0,50983.0,8843.0,7628.0,856900.0,35427.0
Friday,20,94108.0,Tenderloin,8,13768.0,50983.0,8843.0,7628.0,856900.0,35427.0
Friday,20,94109.0,Bayview,2,55984.0,47129.0,37182.0,33342.0,723200.0,60722.0
Friday,20,94109.0,Central,14,55984.0,47129.0,37182.0,33342.0,723200.0,60722.0
Friday,20,94109.0,Northern,34,55984.0,47129.0,37182.0,33342.0,723200.0,60722.0
Friday,20,94109.0,Tenderloin,2,55984.0,47129.0,37182.0,33342.0,723200.0,60722.0
Friday,20,94110.0,Bayview,7,69333.0,29816.0,28913.0,27128.0,768200.0,82111.0
Friday,20,94110.0,Central,2,69333.0,29816.0,28913.0,27128.0,768200.0,82111.0
Friday,20,94110.0,Ingleside,23,69333.0,29816.0,28913.0,27128.0,768200.0,82111.0
Friday,20,94110.0,Mission,78,69333.0,29816.0,28913.0,27128.0,768200.0,82111.0
Friday,20,94110.0,Northern,1,69333.0,29816.0,28913.0,27128.0,768200.0,82111.0
Friday,20,94110.0,Out of SF,1,69333.0,29816.0,28913.0,27128.0,768200.0,82111.0
Friday,20,94110.0,Tenderloin,1,69333.0,29816.0,28913.0,27128.0,768200.0,82111.0
Friday,20,94111.0,Central,68,3713.0,10791.0,2811.0,2365.0,882000.0,89722.0
Friday,20,94111.0,Northern,1,3713.0,10791.0,2811.0,2365.0,882000.0,89722.0
Friday,20,94112.0,Ingleside,38,79407.0,23606.0,23081.0,21975.0,602400.0,71625.0
Friday,20,94112.0,Taraval,2,79407.0,23606.0,23081.0,21975.0,602400.0,71625.0
Friday,20,94114.0,Mission,19,31124.0,21837.0,17634.0,16281.0,1000001.0,114689.0
Friday,20,94114.0,Park,4,31124.0,21837.0,17634.0,16281.0,1000001.0,114689.0
Friday,20,94115.0,Northern,35,33021.0,29596.0,18884.0,17289.0,965800.0,76952.0
Friday,20,94115.0,Richmond,14,33021.0,29596.0,18884.0,17289.0,965800.0,76952.0
Friday,20,94115.0,Tenderloin,1,33021.0,29596.0,18884.0,17289.0,965800.0,76952.0
Friday,20,94116.0,Taraval,28,43698.0,16901.0,16283.0,15445.0,734400.0,83407.0
Friday,20,94117.0,Mission,9,39169.0,23211.0,19255.0,17939.0,911500.0,94479.0
Friday,20,94117.0,Northern,10,39169.0,23211.0,19255.0,17939.0,911500.0,94479.0
Friday,20,94117.0,Park,20,39169.0,23211.0,19255.0,17939.0,911500.0,94479.0
Friday,20,94118.0,Park,5,38319.0,19663.0,18633.0,17171.0,1000001.0,82857.0
Friday,20,94118.0,Richmond,39,38319.0,19663.0,18633.0,17171.0,1000001.0,82857.0
Friday,20,94122.0,Park,5,56023.0,23699.0,23633.0,22162.0,774500.0,81768.0
Friday,20,94122.0,Richmond,29,56023.0,23699.0,23633.0,22162.0,774500.0,81768.0
Friday,20,94122.0,Taraval,28,56023.0,23699.0,23633.0,22162.0,774500.0,81768.0
Friday,20,94123.0,Central,1,23088.0,22622.0,15083.0,13717.0,1000001.0,112650.0
Friday,20,94123.0,Northern,24,23088.0,22622.0,15083.0,13717.0,1000001.0,112650.0
Friday,20,94123.0,Out of SF,2,23088.0,22622.0,15083.0,13717.0,1000001.0,112650.0
Friday,20,94124.0,Bayview,55,33996.0,6901.0,10812.0,9717.0,470400.0,50146.0
Friday,20,94127.0,Ingleside,7,19289.0,10895.0,7801.0,7511.0,916900.0,131351.0
Friday,20,94127.0,Taraval,15,19289.0,10895.0,7801.0,7511.0,916900.0,131351.0
Friday,20,94129.0,Central,1,3183.0,1381.0,1132.0,1086.0,,143320.0
Friday,20,94131.0,Ingleside,3,26881.0,12926.0,13427.0,12618.0,859700.0,96889.0
Friday,20,94131.0,Mission,4,26881.0,12926.0,13427.0,12618.0,859700.0,96889.0
Friday,20,94131.0,Park,5,26881.0,12926.0,13427.0,12618.0,859700.0,96889.0
Friday,20,94132.0,Taraval,17,28129.0,9045.0,10769.0,9993.0,733100.0,69223.0
Friday,20,94134.0,Bayview,13,40798.0,17001.0,11867.0,11244.0,547800.0,56716.0
Friday,20,94134.0,Ingleside,7,40798.0,17001.0,11867.0,11244.0,547800.0,56716.0
Friday,20,94158.0,Bayview,4,4792.0,7288.0,2482.0,2271.0,643900.0,82195.0
Friday,20,94158.0,Mission,5,4792.0,7288.0,2482.0,2271.0,643900.0,82195.0
Friday,20,94158.0,Out of SF,1,4792.0,7288.0,2482.0,2271.0,643900.0,82195.0
Friday,20,94158.0,Southern,17,4792.0,7288.0,2482.0,2271.0,643900.0,82195.0
Friday,21,94102.0,Mission,25,31176.0,46472.0,18758.0,16844.0,574100.0,22517.0
Friday,21,94102.0,Northern,55,31176.0,46472.0,18758.0,16844.0,574100.0,22517.0
Friday,21,94102.0,Southern,8,31176.0,46472.0,18758.0,16844.0,574100.0,22517.0
Friday,21,94102.0,Tenderloin,10,31176.0,46472.0,18758.0,16844.0,574100.0,22517.0
Friday,21,94103.0,Central,1,27170.0,20036.0,14778.0,13098.0,628000.0,43364.0
Friday,21,94103.0,Mission,6,27170.0,20036.0,14778.0,13098.0,628000.0,43364.0
Friday,21,94103.0,Out of SF,3,27170.0,20036.0,14778.0,13098.0,628000.0,43364.0
Friday,21,94103.0,Richmond,1,27170.0,20036.0,14778.0,13098.0,628000.0,43364.0
Friday,21,94103.0,Southern,59,27170.0,20036.0,14778.0,13098.0,628000.0,43364.0
Friday,21,94103.0,Tenderloin,30,27170.0,20036.0,14778.0,13098.0,628000.0,43364.0
Friday,21,94104.0,Central,38,406.0,5232.0,368.0,207.0,1000001.0,48750.0
Friday,21,94104.0,Southern,5,406.0,5232.0,368.0,207.0,1000001.0,48750.0
Friday,21,94104.0,Tenderloin,1,406.0,5232.0,368.0,207.0,1000001.0,48750.0
Friday,21,94105.0,Central,3,5846.0,15826.0,4601.0,3586.0,740900.0,163949.0
Friday,21,94105.0,Southern,42,5846.0,15826.0,4601.0,3586.0,740900.0,163949.0
Friday,21,94107.0,Bayview,6,26599.0,14845.0,15141.0,13736.0,719700.0,114439.0
Friday,21,94107.0,Southern,1,26599.0,14845.0,15141.0,13736.0,719700.0,114439.0
Friday,21,94108.0,Central,52,13768.0,50983.0,8843.0,7628.0,856900.0,35427.0
Friday,21,94108.0,Out of SF,3,13768.0,50983.0,8843.0,7628.0,856900.0,35427.0
Friday,21,94108.0,Tenderloin,9,13768.0,50983.0,8843.0,7628.0,856900.0,35427.0
Friday,21,94109.0,Central,7,55984.0,47129.0,37182.0,33342.0,723200.0,60722.0
Friday,21,94109.0,Northern,49,55984.0,47129.0,37182.0,33342.0,723200.0,60722.0
Friday,21,94109.0,Tenderloin,1,55984.0,47129.0,37182.0,33342.0,723200.0,60722.0
Friday,21,94110.0,Bayview,8,69333.0,29816.0,28913.0,27128.0,768200.0,82111.0
Friday,21,94110.0,Central,1,69333.0,29816.0,28913.0,27128.0,768200.0,82111.0
Friday,21,94110.0,Ingleside,16,69333.0,29816.0,28913.0,27128.0,768200.0,82111.0
Friday,21,94110.0,Mission,95,69333.0,29816.0,28913.0,27128.0,768200.0,82111.0
Friday,21,94111.0,Central,54,3713.0,10791.0,2811.0,2365.0,882000.0,89722.0
Friday,21,94111.0,Northern,2,3713.0,10791.0,2811.0,2365.0,882000.0,89722.0
Friday,21,94112.0,Ingleside,33,79407.0,23606.0,23081.0,21975.0,602400.0,71625.0
Friday,21,94112.0,Taraval,2,79407.0,23606.0,23081.0,21975.0,602400.0,71625.0
Friday,21,94112.0,Tenderloin,1,79407.0,23606.0,23081.0,21975.0,602400.0,71625.0
Friday,21,94114.0,Mission,18,31124.0,21837.0,17634.0,16281.0,1000001.0,114689.0
Friday,21,94114.0,Park,6,31124.0,21837.0,17634.0,16281.0,1000001.0,114689.0
Friday,21,94115.0,Mission,1,33021.0,29596.0,18884.0,17289.0,965800.0,76952.0
Friday,21,94115.0,Northern,26,33021.0,29596.0,18884.0,17289.0,965800.0,76952.0
Friday,21,94115.0,Richmond,11,33021.0,29596.0,18884.0,17289.0,965800.0,76952.0
Friday,21,94116.0,Out of SF,4,43698.0,16901.0,16283.0,15445.0,734400.0,83407.0
Friday,21,94116.0,Taraval,21,43698.0,16901.0,16283.0,15445.0,734400.0,83407.0
Friday,21,94117.0,Central,1,39169.0,23211.0,19255.0,17939.0,911500.0,94479.0
Friday,21,94117.0,Mission,4,39169.0,23211.0,19255.0,17939.0,911500.0,94479.0
Friday,21,94117.0,Northern,6,39169.0,23211.0,19255.0,17939.0,911500.0,94479.0
Friday,21,94117.0,Park,18,39169.0,23211.0,19255.0,17939.0,911500.0,94479.0
Friday,21,94118.0,Park,3,38319.0,19663.0,18633.0,17171.0,1000001.0,82857.0
Friday,21,94118.0,Richmond,18,38319.0,19663.0,18633.0,17171.0,1000001.0,82857.0
Friday,21,94122.0,Park,3,56023.0,23699.0,23633.0,22162.0,774500.0,81768.0
Friday,21,94122.0,Richmond,12,56023.0,23699.0,23633.0,22162.0,774500.0,81768.0
Friday,21,94122.0,Taraval,16,56023.0,23699.0,23633.0,22162.0,774500.0,81768.0
Friday,21,94123.0,Northern,18,23088.0,22622.0,15083.0,13717.0,1000001.0,112650.0
Friday,21,94124.0,Bayview,42,33996.0,6901.0,10812.0,9717.0,470400.0,50146.0
Friday,21,94127.0,Bayview,1,19289.0,10895.0,7801.0,7511.0,916900.0,131351.0
Friday,21,94127.0,Ingleside,3,19289.0,10895.0,7801.0,7511.0,916900.0,131351.0
Friday,21,94127.0,Taraval,8,19289.0,10895.0,7801.0,7511.0,916900.0,131351.0
Friday,21,94129.0,Central,1,3183.0,1381.0,1132.0,1086.0,,143320.0
Friday,21,94129.0,Richmond,1,3183.0,1381.0,1132.0,1086.0,,143320.0
Friday,21,94131.0,Ingleside,4,26881.0,12926.0,13427.0,12618.0,859700.0,96889.0
Friday,21,94131.0,Mission,4,26881.0,12926.0,13427.0,12618.0,859700.0,96889.0
Friday,21,94131.0,Park,4,26881.0,12926.0,13427.0,12618.0,859700.0,96889.0
Friday,21,94132.0,Taraval,20,28129.0,9045.0,10769.0,9993.0,733100.0,69223.0
Friday,21,94134.0,Bayview,21,40798.0,17001.0,11867.0,11244.0,547800.0,56716.0
Friday,21,94134.0,Ingleside,18,40798.0,17001.0,11867.0,11244.0,547800.0,56716.0
Friday,21,94158.0,Bayview,5,4792.0,7288.0,2482.0,2271.0,643900.0,82195.0
Friday,21,94158.0,Mission,5,4792.0,7288.0,2482.0,2271.0,643900.0,82195.0
Friday,21,94158.0,Out of SF,3,4792.0,7288.0,2482.0,2271.0,643900.0,82195.0
Friday,21,94158.0,Southern,23,4792.0,7288.0,2482.0,2271.0,643900.0,82195.0
Friday,22,94102.0,Mission,13,31176.0,46472.0,18758.0,16844.0,574100.0,22517.0
Friday,22,94102.0,Northern,68,31176.0,46472.0,18758.0,16844.0,574100.0,22517.0
Friday,22,94102.0,Out of SF,1,31176.0,46472.0,18758.0,16844.0,574100.0,22517.0
Friday,22,94102.0,Park,2,31176.0,46472.0,18758.0,16844.0,574100.0,22517.0
Friday,22,94102.0,Southern,4,31176.0,46472.0,18758.0,16844.0,574100.0,22517.0
Friday,22,94102.0,Tenderloin,21,31176.0,46472.0,18758.0,16844.0,574100.0,22517.0
Friday,22,94103.0,Mission,5,27170.0,20036.0,14778.0,13098.0,628000.0,43364.0
Friday,22,94103.0,Southern,58,27170.0,20036.0,14778.0,13098.0,628000.0,43364.0
Friday,22,94103.0,Tenderloin,43,27170.0,20036.0,14778.0,13098.0,628000.0,43364.0
Friday,22,94104.0,Central,51,406.0,5232.0,368.0,207.0,1000001.0,48750.0
Friday,22,94104.0,Northern,1,406.0,5232.0,368.0,207.0,1000001.0,48750.0
Friday,22,94104.0,Southern,6,406.0,5232.0,368.0,207.0,1000001.0,48750.0
Friday,22,94104.0,Tenderloin,1,406.0,5232.0,368.0,207.0,1000001.0,48750.0
Friday,22,94105.0,Central,5,5846.0,15826.0,4601.0,3586.0,740900.0,163949.0
Friday,22,94105.0,Southern,41,5846.0,15826.0,4601.0,3586.0,740900.0,163949.0
Friday,22,94107.0,Bayview,5,26599.0,14845.0,15141.0,13736.0,719700.0,114439.0
Friday,22,94107.0,Southern,2,26599.0,14845.0,15141.0,13736.0,719700.0,114439.0
Friday,22,94108.0,Central,68,13768.0,50983.0,8843.0,7628.0,856900.0,35427.0
Friday,22,94108.0,Tenderloin,5,13768.0,50983.0,8843.0,7628.0,856900.0,35427.0
Friday,22,94109.0,Central,22,55984.0,47129.0,37182.0,33342.0,723200.0,60722.0
Friday,22,94109.0,Northern,47,55984.0,47129.0,37182.0,33342.0,723200.0,60722.0
Friday,22,94109.0,Tenderloin,5,55984.0,47129.0,37182.0,33342.0,723200.0,60722.0
Friday,22,94110.0,Bayview,9,69333.0,29816.0,28913.0,27128.0,768200.0,82111.0
Friday,22,94110.0,Ingleside,23,69333.0,29816.0,28913.0,27128.0,768200.0,82111.0
Friday,22,94110.0,Mission,76,69333.0,29816.0,28913.0,27128.0,768200.0,82111.0
Friday,22,94110.0,Out of SF,1,69333.0,29816.0,28913.0,27128.0,768200.0,82111.0
Friday,22,94111.0,Central,50,3713.0,10791.0,2811.0,2365.0,882000.0,89722.0
Friday,22,94112.0,Ingleside,22,79407.0,23606.0,23081.0,21975.0,602400.0,71625.0
Friday,22,94112.0,Out of SF,2,79407.0,23606.0,23081.0,21975.0,602400.0,71625.0
Friday,22,94112.0,Taraval,2,79407.0,23606.0,23081.0,21975.0,602400.0,71625.0
Friday,22,94114.0,Mission,35,31124.0,21837.0,17634.0,16281.0,1000001.0,114689.0
Friday,22,94114.0,Park,5,31124.0,21837.0,17634.0,16281.0,1000001.0,114689.0
Friday,22,94114.0,Richmond,1,31124.0,21837.0,17634.0,16281.0,1000001.0,114689.0
Friday,22,94115.0,Northern,21,33021.0,29596.0,18884.0,17289.0,965800.0,76952.0
Friday,22,94115.0,Richmond,6,33021.0,29596.0,18884.0,17289.0,965800.0,76952.0
Friday,22,94116.0,Taraval,31,43698.0,16901.0,16283.0,15445.0,734400.0,83407.0
Friday,22,94117.0,Mission,11,39169.0,23211.0,19255.0,17939.0,911500.0,94479.0
Friday,22,94117.0,Northern,15,39169.0,23211.0,19255.0,17939.0,911500.0,94479.0
Friday,22,94117.0,Park,28,39169.0,23211.0,19255.0,17939.0,911500.0,94479.0
Friday,22,94118.0,Park,4,38319.0,19663.0,18633.0,17171.0,1000001.0,82857.0
Friday,22,94118.0,Richmond,37,38319.0,19663.0,18633.0,17171.0,1000001.0,82857.0
Friday,22,94118.0,Southern,2,38319.0,19663.0,18633.0,17171.0,1000001.0,82857.0
Friday,22,94122.0,Richmond,12,56023.0,23699.0,23633.0,22162.0,774500.0,81768.0
Friday,22,94122.0,Taraval,16,56023.0,23699.0,23633.0,22162.0,774500.0,81768.0
Friday,22,94123.0,Northern,29,23088.0,22622.0,15083.0,13717.0,1000001.0,112650.0
Friday,22,94124.0,Bayview,40,33996.0,6901.0,10812.0,9717.0,470400.0,50146.0
Friday,22,94127.0,Taraval,6,19289.0,10895.0,7801.0,7511.0,916900.0,131351.0
Friday,22,94130.0,Southern,2,2880.0,3196.0,786.0,656.0,,37500.0
Friday,22,94131.0,Ingleside,3,26881.0,12926.0,13427.0,12618.0,859700.0,96889.0
Friday,22,94131.0,Mission,3,26881.0,12926.0,13427.0,12618.0,859700.0,96889.0
Friday,22,94131.0,Park,8,26881.0,12926.0,13427.0,12618.0,859700.0,96889.0
Friday,22,94132.0,Ingleside,1,28129.0,9045.0,10769.0,9993.0,733100.0,69223.0
Friday,22,94132.0,Taraval,9,28129.0,9045.0,10769.0,9993.0,733100.0,69223.0
Friday,22,94134.0,Bayview,15,40798.0,17001.0,11867.0,11244.0,547800.0,56716.0
Friday,22,94134.0,Ingleside,9,40798.0,17001.0,11867.0,11244.0,547800.0,56716.0
Friday,22,94134.0,Southern,1,40798.0,17001.0,11867.0,11244.0,547800.0,56716.0
Friday,22,94158.0,Bayview,9,4792.0,7288.0,2482.0,2271.0,643900.0,82195.0
Friday,22,94158.0,Mission,7,4792.0,7288.0,2482.0,2271.0,643900.0,82195.0
Friday,22,94158.0,Out of SF,4,4792.0,7288.0,2482.0,2271.0,643900.0,82195.0
Friday,22,94158.0,Southern,15,4792.0,7288.0,2482.0,2271.0,643900.0,82195.0
Friday,23,94102.0,Mission,20,31176.0,46472.0,18758.0,16844.0,574100.0,22517.0
Friday,23,94102.0,Northern,39,31176.0,46472.0,18758.0,16844.0,574100.0,22517.0
Friday,23,94102.0,Out of SF,1,31176.0,46472.0,18758.0,16844.0,574100.0,22517.0
Friday,23,94102.0,Southern,8,31176.0,46472.0,18758.0,16844.0,574100.0,22517.0
Friday,23,94102.0,Tenderloin,16,31176.0,46472.0,18758.0,16844.0,574100.0,22517.0
Friday,23,94103.0,Central,1,27170.0,20036.0,14778.0,13098.0,628000.0,43364.0
Friday,23,94103.0,Ingleside,1,27170.0,20036.0,14778.0,13098.0,628000.0,43364.0
Friday,23,94103.0,Mission,3,27170.0,20036.0,14778.0,13098.0,628000.0,43364.0
Friday,23,94103.0,Out of SF,2,27170.0,20036.0,14778.0,13098.0,628000.0,43364.0
Friday,23,94103.0,Southern,91,27170.0,20036.0,14778.0,13098.0,628000.0,43364.0
Friday,23,94103.0,Tenderloin,38,27170.0,20036.0,14778.0,13098.0,628000.0,43364.0
Friday,23,94104.0,Central,20,406.0,5232.0,368.0,207.0,1000001.0,48750.0
Friday,23,94104.0,Southern,1,406.0,5232.0,368.0,207.0,1000001.0,48750.0
Friday,23,94105.0,Central,6,5846.0,15826.0,4601.0,3586.0,740900.0,163949.0
Friday,23,94105.0,Ingleside,1,5846.0,15826.0,4601.0,3586.0,740900.0,163949.0
Friday,23,94105.0,Southern,28,5846.0,15826.0,4601.0,3586.0,740900.0,163949.0
Friday,23,94105.0,Tenderloin,1,5846.0,15826.0,4601.0,3586.0,740900.0,163949.0
Friday,23,94107.0,Bayview,2,26599.0,14845.0,15141.0,13736.0,719700.0,114439.0
Friday,23,94108.0,Central,72,13768.0,50983.0,8843.0,7628.0,856900.0,35427.0
Friday,23,94108.0,Out of SF,2,13768.0,50983.0,8843.0,7628.0,856900.0,35427.0
Friday,23,94108.0,Tenderloin,6,13768.0,50983.0,8843.0,7628.0,856900.0,35427.0
Friday,23,94109.0,Central,17,55984.0,47129.0,37182.0,33342.0,723200.0,60722.0
Friday,23,94109.0,Northern,84,55984.0,47129.0,37182.0,33342.0,723200.0,60722.0
Friday,23,94109.0,Southern,1,55984.0,47129.0,37182.0,33342.0,723200.0,60722.0
Friday,23,94109.0,Tenderloin,11,55984.0,47129.0,37182.0,33342.0,723200.0,60722.0
Friday,23,94110.0,Bayview,5,69333.0,29816.0,28913.0,27128.0,768200.0,82111.0
Friday,23,94110.0,Ingleside,14,69333.0,29816.0,28913.0,27128.0,768200.0,82111.0
Friday,23,94110.0,Mission,97,69333.0,29816.0,28913.0,27128.0,768200.0,82111.0
Friday,23,94110.0,Out of SF,1,69333.0,29816.0,28913.0,27128.0,768200.0,82111.0
Friday,23,94110.0,Southern,1,69333.0,29816.0,28913.0,27128.0,768200.0,82111.0
Friday,23,94111.0,Central,38,3713.0,10791.0,2811.0,2365.0,882000.0,89722.0
Friday,23,94112.0,Ingleside,14,79407.0,23606.0,23081.0,21975.0,602400.0,71625.0
Friday,23,94112.0,Mission,1,79407.0,23606.0,23081.0,21975.0,602400.0,71625.0
Friday,23,94112.0,Taraval,2,79407.0,23606.0,23081.0,21975.0,602400.0,71625.0
Friday,23,94114.0,Mission,24,31124.0,21837.0,17634.0,16281.0,1000001.0,114689.0
Friday,23,94114.0,Park,3,31124.0,21837.0,17634.0,16281.0,1000001.0,114689.0
Friday,23,94115.0,Northern,16,33021.0,29596.0,18884.0,17289.0,965800.0,76952.0
Friday,23,94115.0,Richmond,4,33021.0,29596.0,18884.0,17289.0,965800.0,76952.0
Friday,23,94116.0,Taraval,24,43698.0,16901.0,16283.0,15445.0,734400.0,83407.0
Friday,23,94117.0,Mission,9,39169.0,23211.0,19255.0,17939.0,911500.0,94479.0
Friday,23,94117.0,Northern,16,39169.0,23211.0,19255.0,17939.0,911500.0,94479.0
Friday,23,94117.0,Park,30,39169.0,23211.0,19255.0,17939.0,911500.0,94479.0
Friday,23,94117.0,Richmond,1,39169.0,23211.0,19255.0,17939.0,911500.0,94479.0
Friday,23,94118.0,Park,1,38319.0,19663.0,18633.0,17171.0,1000001.0,82857.0
Friday,23,94118.0,Richmond,42,38319.0,19663.0,18633.0,17171.0,1000001.0,82857.0
Friday,23,94122.0,Park,7,56023.0,23699.0,23633.0,22162.0,774500.0,81768.0
Friday,23,94122.0,Richmond,10,56023.0,23699.0,23633.0,22162.0,774500.0,81768.0
Friday,23,94122.0,Taraval,10,56023.0,23699.0,23633.0,22162.0,774500.0,81768.0
Friday,23,94123.0,Northern,42,23088.0,22622.0,15083.0,13717.0,1000001.0,112650.0
Friday,23,94124.0,Bayview,32,33996.0,6901.0,10812.0,9717.0,470400.0,50146.0
Friday,23,94124.0,Out of SF,1,33996.0,6901.0,10812.0,9717.0,470400.0,50146.0
Friday,23,94127.0,Ingleside,1,19289.0,10895.0,7801.0,7511.0,916900.0,131351.0
Friday,23,94127.0,Taraval,10,19289.0,10895.0,7801.0,7511.0,916900.0,131351.0
Friday,23,94130.0,Southern,2,2880.0,3196.0,786.0,656.0,,37500.0
Friday,23,94131.0,Ingleside,9,26881.0,12926.0,13427.0,12618.0,859700.0,96889.0
Friday,23,94131.0,Mission,6,26881.0,12926.0,13427.0,12618.0,859700.0,96889.0
Friday,23,94131.0,Park,12,26881.0,12926.0,13427.0,12618.0,859700.0,96889.0
Friday,23,94132.0,Taraval,17,28129.0,9045.0,10769.0,9993.0,733100.0,69223.0
Friday,23,94134.0,Bayview,7,40798.0,17001.0,11867.0,11244.0,547800.0,56716.0
Friday,23,94134.0,Ingleside,10,40798.0,17001.0,11867.0,11244.0,547800.0,56716.0
Friday,23,94158.0,Bayview,8,4792.0,7288.0,2482.0,2271.0,643900.0,82195.0
Friday,23,94158.0,Mission,7,4792.0,7288.0,2482.0,2271.0,643900.0,82195.0
Friday,23,94158.0,Southern,11,4792.0,7288.0,2482.0,2271.0,643900.0,82195.0
Monday,0,94102.0,Mission,16,31176.0,46472.0,18758.0,16844.0,574100.0,22517.0
Monday,0,94102.0,Northern,32,31176.0,46472.0,18758.0,16844.0,574100.0,22517.0
Monday,0,94102.0,Park,4,31176.0,46472.0,18758.0,16844.0,574100.0,22517.0
Monday,0,94102.0,Southern,9,31176.0,46472.0,18758.0,16844.0,574100.0,22517.0
Monday,0,94102.0,Tenderloin,21,31176.0,46472.0,18758.0,16844.0,574100.0,22517.0
Monday,0,94103.0,Mission,6,27170.0,20036.0,14778.0,13098.0,628000.0,43364.0
Monday,0,94103.0,Out of SF,8,27170.0,20036.0,14778.0,13098.0,628000.0,43364.0
Monday,0,94103.0,Southern,54,27170.0,20036.0,14778.0,13098.0,628000.0,43364.0
Monday,0,94103.0,Tenderloin,50,27170.0,20036.0,14778.0,13098.0,628000.0,43364.0
Monday,0,94104.0,Central,31,406.0,5232.0,368.0,207.0,1000001.0,48750.0
Monday,0,94104.0,Northern,1,406.0,5232.0,368.0,207.0,1000001.0,48750.0
Monday,0,94104.0,Southern,3,406.0,5232.0,368.0,207.0,1000001.0,48750.0
Monday,0,94105.0,Central,4,5846.0,15826.0,4601.0,3586.0,740900.0,163949.0
Monday,0,94105.0,Southern,15,5846.0,15826.0,4601.0,3586.0,740900.0,163949.0
Monday,0,94107.0,Bayview,7,26599.0,14845.0,15141.0,13736.0,719700.0,114439.0
Monday,0,94107.0,Southern,2,26599.0,14845.0,15141.0,13736.0,719700.0,114439.0
Monday,0,94108.0,Central,47,13768.0,50983.0,8843.0,7628.0,856900.0,35427.0
Monday,0,94108.0,Out of SF,2,13768.0,50983.0,8843.0,7628.0,856900.0,35427.0
Monday,0,94108.0,Tenderloin,8,13768.0,50983.0,8843.0,7628.0,856900.0,35427.0
Monday,0,94109.0,Central,22,55984.0,47129.0,37182.0,33342.0,723200.0,60722.0
Monday,0,94109.0,Northern,40,55984.0,47129.0,37182.0,33342.0,723200.0,60722.0
Monday,0,94109.0,Tenderloin,6,55984.0,47129.0,37182.0,33342.0,723200.0,60722.0
Monday,0,94110.0,Bayview,6,69333.0,29816.0,28913.0,27128.0,768200.0,82111.0
Monday,0,94110.0,Ingleside,20,69333.0,29816.0,28913.0,27128.0,768200.0,82111.0
Monday,0,94110.0,Mission,74,69333.0,29816.0,28913.0,27128.0,768200.0,82111.0
Monday,0,94110.0,Out of SF,2,69333.0,29816.0,28913.0,27128.0,768200.0,82111.0
Monday,0,94111.0,Central,16,3713.0,10791.0,2811.0,2365.0,882000.0,89722.0
Monday,0,94112.0,Ingleside,39,79407.0,23606.0,23081.0,21975.0,602400.0,71625.0
Monday,0,94112.0,Mission,1,79407.0,23606.0,23081.0,21975.0,602400.0,71625.0
Monday,0,94112.0,Taraval,4,79407.0,23606.0,23081.0,21975.0,602400.0,71625.0
Monday,0,94114.0,Bayview,1,31124.0,21837.0,17634.0,16281.0,1000001.0,114689.0
Monday,0,94114.0,Mission,31,31124.0,21837.0,17634.0,16281.0,1000001.0,114689.0
Monday,0,94114.0,Park,4,31124.0,21837.0,17634.0,16281.0,1000001.0,114689.0
Monday,0,94115.0,Northern,14,33021.0,29596.0,18884.0,17289.0,965800.0,76952.0
Monday,0,94115.0,Park,1,33021.0,29596.0,18884.0,17289.0,965800.0,76952.0
Monday,0,94115.0,Richmond,8,33021.0,29596.0,18884.0,17289.0,965800.0,76952.0
Monday,0,94116.0,Taraval,25,43698.0,16901.0,16283.0,15445.0,734400.0,83407.0
Monday,0,94117.0,Mission,5,39169.0,23211.0,19255.0,17939.0,911500.0,94479.0
Monday,0,94117.0,Northern,10,39169.0,23211.0,19255.0,17939.0,911500.0,94479.0
Monday,0,94117.0,Park,20,39169.0,23211.0,19255.0,17939.0,911500.0,94479.0
Monday,0,94118.0,Central,2,38319.0,19663.0,18633.0,17171.0,1000001.0,82857.0
Monday,0,94118.0,Park,7,38319.0,19663.0,18633.0,17171.0,1000001.0,82857.0
Monday,0,94118.0,Richmond,26,38319.0,19663.0,18633.0,17171.0,1000001.0,82857.0
Monday,0,94122.0,Park,1,56023.0,23699.0,23633.0,22162.0,774500.0,81768.0
Monday,0,94122.0,Richmond,19,56023.0,23699.0,23633.0,22162.0,774500.0,81768.0
Monday,0,94122.0,Taraval,8,56023.0,23699.0,23633.0,22162.0,774500.0,81768.0
Monday,0,94123.0,Northern,30,23088.0,22622.0,15083.0,13717.0,1000001.0,112650.0
Monday,0,94124.0,Bayview,41,33996.0,6901.0,10812.0,9717.0,470400.0,50146.0
Monday,0,94127.0,Ingleside,7,19289.0,10895.0,7801.0,7511.0,916900.0,131351.0
Monday,0,94127.0,Taraval,10,19289.0,10895.0,7801.0,7511.0,916900.0,131351.0
Monday,0,94131.0,Ingleside,6,26881.0,12926.0,13427.0,12618.0,859700.0,96889.0
Monday,0,94131.0,Mission,3,26881.0,12926.0,13427.0,12618.0,859700.0,96889.0
Monday,0,94131.0,Park,2,26881.0,12926.0,13427.0,12618.0,859700.0,96889.0
Monday,0,94131.0,Taraval,2,26881.0,12926.0,13427.0,12618.0,859700.0,96889.0
Monday,0,94132.0,Ingleside,2,28129.0,9045.0,10769.0,9993.0,733100.0,69223.0
Monday,0,94132.0,Taraval,18,28129.0,9045.0,10769.0,9993.0,733100.0,69223.0
Monday,0,94134.0,Bayview,19,40798.0,17001.0,11867.0,11244.0,547800.0,56716.0
Monday,0,94134.0,Ingleside,16,40798.0,17001.0,11867.0,11244.0,547800.0,56716.0
Monday,0,94158.0,Bayview,11,4792.0,7288.0,2482.0,2271.0,643900.0,82195.0
Monday,0,94158.0,Mission,2,4792.0,7288.0,2482.0,2271.0,643900.0,82195.0
Monday,0,94158.0,Out of SF,8,4792.0,7288.0,2482.0,2271.0,643900.0,82195.0
Monday,0,94158.0,Southern,14,4792.0,7288.0,2482.0,2271.0,643900.0,82195.0
Monday,0,94158.0,Taraval,2,4792.0,7288.0,2482.0,2271.0,643900.0,82195.0
Monday,1,94102.0,Mission,14,31176.0,46472.0,18758.0,16844.0,574100.0,22517.0
Monday,1,94102.0,Northern,28,31176.0,46472.0,18758.0,16844.0,574100.0,22517.0
Monday,1,94102.0,Southern,8,31176.0,46472.0,18758.0,16844.0,574100.0,22517.0
Monday,1,94102.0,Tenderloin,7,31176.0,46472.0,18758.0,16844.0,574100.0,22517.0
Monday,1,94103.0,Mission,1,27170.0,20036.0,14778.0,13098.0,628000.0,43364.0
Monday,1,94103.0,Out of SF,4,27170.0,20036.0,14778.0,13098.0,628000.0,43364.0
Monday,1,94103.0,Southern,33,27170.0,20036.0,14778.0,13098.0,628000.0,43364.0
Monday,1,94103.0,Tenderloin,22,27170.0,20036.0,14778.0,13098.0,628000.0,43364.0
Monday,1,94104.0,Central,16,406.0,5232.0,368.0,207.0,1000001.0,48750.0
Monday,1,94104.0,Southern,2,406.0,5232.0,368.0,207.0,1000001.0,48750.0
Monday,1,94104.0,Tenderloin,3,406.0,5232.0,368.0,207.0,1000001.0,48750.0
Monday,1,94105.0,Central,1,5846.0,15826.0,4601.0,3586.0,740900.0,163949.0
Monday,1,94105.0,Southern,6,5846.0,15826.0,4601.0,3586.0,740900.0,163949.0
Monday,1,94107.0,Bayview,1,26599.0,14845.0,15141.0,13736.0,719700.0,114439.0
Monday,1,94108.0,Central,23,13768.0,50983.0,8843.0,7628.0,856900.0,35427.0
Monday,1,94108.0,Tenderloin,3,13768.0,50983.0,8843.0,7628.0,856900.0,35427.0
Monday,1,94109.0,Central,9,55984.0,47129.0,37182.0,33342.0,723200.0,60722.0
Monday,1,94109.0,Northern,44,55984.0,47129.0,37182.0,33342.0,723200.0,60722.0
Monday,1,94109.0,Tenderloin,2,55984.0,47129.0,37182.0,33342.0,723200.0,60722.0
Monday,1,94110.0,Bayview,1,69333.0,29816.0,28913.0,27128.0,768200.0,82111.0
Monday,1,94110.0,Ingleside,16,69333.0,29816.0,28913.0,27128.0,768200.0,82111.0
Monday,1,94110.0,Mission,58,69333.0,29816.0,28913.0,27128.0,768200.0,82111.0
Monday,1,94111.0,Central,5,3713.0,10791.0,2811.0,2365.0,882000.0,89722.0
Monday,1,94112.0,Ingleside,15,79407.0,23606.0,23081.0,21975.0,602400.0,71625.0
Monday,1,94112.0,Taraval,2,79407.0,23606.0,23081.0,21975.0,602400.0,71625.0
Monday,1,94114.0,Mission,14,31124.0,21837.0,17634.0,16281.0,1000001.0,114689.0
Monday,1,94114.0,Park,2,31124.0,21837.0,17634.0,16281.0,1000001.0,114689.0
Monday,1,94115.0,Northern,4,33021.0,29596.0,18884.0,17289.0,965800.0,76952.0
Monday,1,94116.0,Taraval,3,43698.0,16901.0,16283.0,15445.0,734400.0,83407.0
Monday,1,94117.0,Mission,4,39169.0,23211.0,19255.0,17939.0,911500.0,94479.0
Monday,1,94117.0,Northern,1,39169.0,23211.0,19255.0,17939.0,911500.0,94479.0
Monday,1,94117.0,Park,4,39169.0,23211.0,19255.0,17939.0,911500.0,94479.0
Monday,1,94118.0,Out of SF,1,38319.0,19663.0,18633.0,17171.0,1000001.0,82857.0
Monday,1,94118.0,Park,3,38319.0,19663.0,18633.0,17171.0,1000001.0,82857.0
Monday,1,94118.0,Richmond,13,38319.0,19663.0,18633.0,17171.0,1000001.0,82857.0
Monday,1,94122.0,Richmond,7,56023.0,23699.0,23633.0,22162.0,774500.0,81768.0
Monday,1,94122.0,Taraval,8,56023.0,23699.0,23633.0,22162.0,774500.0,81768.0
Monday,1,94123.0,Northern,6,23088.0,22622.0,15083.0,13717.0,1000001.0,112650.0
Monday,1,94124.0,Bayview,19,33996.0,6901.0,10812.0,9717.0,470400.0,50146.0
Monday,1,94124.0,Central,1,33996.0,6901.0,10812.0,9717.0,470400.0,50146.0
Monday,1,94127.0,Ingleside,2,19289.0,10895.0,7801.0,7511.0,916900.0,131351.0
Monday,1,94127.0,Taraval,2,19289.0,10895.0,7801.0,7511.0,916900.0,131351.0
Monday,1,94131.0,Ingleside,3,26881.0,12926.0,13427.0,12618.0,859700.0,96889.0
Monday,1,94131.0,Mission,1,26881.0,12926.0,13427.0,12618.0,859700.0,96889.0
Monday,1,94131.0,Park,1,26881.0,12926.0,13427.0,12618.0,859700.0,96889.0
Monday,1,94132.0,Taraval,9,28129.0,9045.0,10769.0,9993.0,733100.0,69223.0
Monday,1,94134.0,Bayview,16,40798.0,17001.0,11867.0,11244.0,547800.0,56716.0
Monday,1,94134.0,Ingleside,10,40798.0,17001.0,11867.0,11244.0,547800.0,56716.0
Monday,1,94158.0,Bayview,5,4792.0,7288.0,2482.0,2271.0,643900.0,82195.0
Monday,1,94158.0,Mission,3,4792.0,7288.0,2482.0,2271.0,643900.0,82195.0
Monday,1,94158.0,Northern,1,4792.0,7288.0,2482.0,2271.0,643900.0,82195.0
Monday,1,94158.0,Southern,3,4792.0,7288.0,2482.0,2271.0,643900.0,82195.0
Monday,2,94102.0,Mission,8,31176.0,46472.0,18758.0,16844.0,574100.0,22517.0
Monday,2,94102.0,Northern,13,31176.0,46472.0,18758.0,16844.0,574100.0,22517.0
Monday,2,94102.0,Out of SF,2,31176.0,46472.0,18758.0,16844.0,574100.0,22517.0
Monday,2,94102.0,Park,1,31176.0,46472.0,18758.0,16844.0,574100.0,22517.0
Monday,2,94102.0,Southern,2,31176.0,46472.0,18758.0,16844.0,574100.0,22517.0
Monday,2,94102.0,Tenderloin,2,31176.0,46472.0,18758.0,16844.0,574100.0,22517.0
Monday,2,94103.0,Out of SF,5,27170.0,20036.0,14778.0,13098.0,628000.0,43364.0
Monday,2,94103.0,Southern,22,27170.0,20036.0,14778.0,13098.0,628000.0,43364.0
Monday,2,94103.0,Tenderloin,19,27170.0,20036.0,14778.0,13098.0,628000.0,43364.0
Monday,2,94104.0,Central,17,406.0,5232.0,368.0,207.0,1000001.0,48750.0
Monday,2,94104.0,Southern,2,406.0,5232.0,368.0,207.0,1000001.0,48750.0
Monday,2,94105.0,Central,5,5846.0,15826.0,4601.0,3586.0,740900.0,163949.0
Monday,2,94105.0,Southern,3,5846.0,15826.0,4601.0,3586.0,740900.0,163949.0
Monday,2,94105.0,Tenderloin,1,5846.0,15826.0,4601.0,3586.0,740900.0,163949.0
Monday,2,94107.0,Mission,1,26599.0,14845.0,15141.0,13736.0,719700.0,114439.0
Monday,2,94108.0,Central,31,13768.0,50983.0,8843.0,7628.0,856900.0,35427.0
Monday,2,94109.0,Central,11,55984.0,47129.0,37182.0,33342.0,723200.0,60722.0
Monday,2,94109.0,Northern,25,55984.0,47129.0,37182.0,33342.0,723200.0,60722.0
Monday,2,94109.0,Tenderloin,3,55984.0,47129.0,37182.0,33342.0,723200.0,60722.0
Monday,2,94110.0,Bayview,10,69333.0,29816.0,28913.0,27128.0,768200.0,82111.0
Monday,2,94110.0,Ingleside,12,69333.0,29816.0,28913.0,27128.0,768200.0,82111.0
Monday,2,94110.0,Mission,34,69333.0,29816.0,28913.0,27128.0,768200.0,82111.0
Monday,2,94110.0,Out of SF,1,69333.0,29816.0,28913.0,27128.0,768200.0,82111.0
Monday,2,94111.0,Central,9,3713.0,10791.0,2811.0,2365.0,882000.0,89722.0
Monday,2,94112.0,Ingleside,11,79407.0,23606.0,23081.0,21975.0,602400.0,71625.0
Monday,2,94112.0,Taraval,1,79407.0,23606.0,23081.0,21975.0,602400.0,71625.0
Monday,2,94114.0,Mission,11,31124.0,21837.0,17634.0,16281.0,1000001.0,114689.0
Monday,2,94114.0,Park,2,31124.0,21837.0,17634.0,16281.0,1000001.0,114689.0
Monday,2,94115.0,Northern,5,33021.0,29596.0,18884.0,17289.0,965800.0,76952.0
Monday,2,94115.0,Richmond,5,33021.0,29596.0,18884.0,17289.0,965800.0,76952.0
Monday,2,94116.0,Taraval,10,43698.0,16901.0,16283.0,15445.0,734400.0,83407.0
Monday,2,94117.0,Northern,2,39169.0,23211.0,19255.0,17939.0,911500.0,94479.0
Monday,2,94117.0,Park,4,39169.0,23211.0,19255.0,17939.0,911500.0,94479.0
Monday,2,94118.0,Richmond,14,38319.0,19663.0,18633.0,17171.0,1000001.0,82857.0
Monday,2,94118.0,Southern,1,38319.0,19663.0,18633.0,17171.0,1000001.0,82857.0
Monday,2,94122.0,Park,1,56023.0,23699.0,23633.0,22162.0,774500.0,81768.0
Monday,2,94122.0,Richmond,3,56023.0,23699.0,23633.0,22162.0,774500.0,81768.0
Monday,2,94122.0,Taraval,9,56023.0,23699.0,23633.0,22162.0,774500.0,81768.0
Monday,2,94123.0,Central,1,23088.0,22622.0,15083.0,13717.0,1000001.0,112650.0
Monday,2,94123.0,Northern,13,23088.0,22622.0,15083.0,13717.0,1000001.0,112650.0
Monday,2,94124.0,Bayview,27,33996.0,6901.0,10812.0,9717.0,470400.0,50146.0
Monday,2,94127.0,Ingleside,5,19289.0,10895.0,7801.0,7511.0,916900.0,131351.0
Monday,2,94127.0,Taraval,3,19289.0,10895.0,7801.0,7511.0,916900.0,131351.0
Monday,2,94130.0,Southern,1,2880.0,3196.0,786.0,656.0,,37500.0
Monday,2,94131.0,Ingleside,1,26881.0,12926.0,13427.0,12618.0,859700.0,96889.0
Monday,2,94131.0,Mission,3,26881.0,12926.0,13427.0,12618.0,859700.0,96889.0
Monday,2,94132.0,Taraval,5,28129.0,9045.0,10769.0,9993.0,733100.0,69223.0
Monday,2,94134.0,Bayview,5,40798.0,17001.0,11867.0,11244.0,547800.0,56716.0
Monday,2,94134.0,Ingleside,2,40798.0,17001.0,11867.0,11244.0,547800.0,56716.0
Monday,2,94158.0,Bayview,2,4792.0,7288.0,2482.0,2271.0,643900.0,82195.0
Monday,2,94158.0,Mission,1,4792.0,7288.0,2482.0,2271.0,643900.0,82195.0
Monday,2,94158.0,Southern,3,4792.0,7288.0,2482.0,2271.0,643900.0,82195.0
Monday,3,94102.0,Mission,7,31176.0,46472.0,18758.0,16844.0,574100.0,22517.0
Monday,3,94102.0,Northern,15,31176.0,46472.0,18758.0,16844.0,574100.0,22517.0
Monday,3,94102.0,Southern,2,31176.0,46472.0,18758.0,16844.0,574100.0,22517.0
Monday,3,94102.0,Tenderloin,8,31176.0,46472.0,18758.0,16844.0,574100.0,22517.0
Monday,3,94103.0,Mission,2,27170.0,20036.0,14778.0,13098.0,628000.0,43364.0
Monday,3,94103.0,Out of SF,1,27170.0,20036.0,14778.0,13098.0,628000.0,43364.0
Monday,3,94103.0,Southern,13,27170.0,20036.0,14778.0,13098.0,628000.0,43364.0
Monday,3,94103.0,Tenderloin,19,27170.0,20036.0,14778.0,13098.0,628000.0,43364.0
Monday,3,94104.0,Central,9,406.0,5232.0,368.0,207.0,1000001.0,48750.0
Monday,3,94104.0,Southern,2,406.0,5232.0,368.0,207.0,1000001.0,48750.0
Monday,3,94104.0,Tenderloin,1,406.0,5232.0,368.0,207.0,1000001.0,48750.0
Monday,3,94105.0,Southern,9,5846.0,15826.0,4601.0,3586.0,740900.0,163949.0
Monday,3,94107.0,Bayview,2,26599.0,14845.0,15141.0,13736.0,719700.0,114439.0
Monday,3,94108.0,Central,15,13768.0,50983.0,8843.0,7628.0,856900.0,35427.0
Monday,3,94109.0,Central,6,55984.0,47129.0,37182.0,33342.0,723200.0,60722.0
Monday,3,94109.0,Northern,13,55984.0,47129.0,37182.0,33342.0,723200.0,60722.0
Monday,3,94109.0,Tenderloin,7,55984.0,47129.0,37182.0,33342.0,723200.0,60722.0
Monday,3,94110.0,Bayview,4,69333.0,29816.0,28913.0,27128.0,768200.0,82111.0
Monday,3,94110.0,Ingleside,7,69333.0,29816.0,28913.0,27128.0,768200.0,82111.0
Monday,3,94110.0,Mission,42,69333.0,29816.0,28913.0,27128.0,768200.0,82111.0
Monday,3,94111.0,Central,2,3713.0,10791.0,2811.0,2365.0,882000.0,89722.0
Monday,3,94112.0,Ingleside,10,79407.0,23606.0,23081.0,21975.0,602400.0,71625.0
Monday,3,94112.0,Taraval,3,79407.0,23606.0,23081.0,21975.0,602400.0,71625.0
Monday,3,94114.0,Mission,2,31124.0,21837.0,17634.0,16281.0,1000001.0,114689.0
Monday,3,94114.0,Park,2,31124.0,21837.0,17634.0,16281.0,1000001.0,114689.0
Monday,3,94115.0,Northern,3,33021.0,29596.0,18884.0,17289.0,965800.0,76952.0
Monday,3,94116.0,Taraval,5,43698.0,16901.0,16283.0,15445.0,734400.0,83407.0
Monday,3,94117.0,Mission,3,39169.0,23211.0,19255.0,17939.0,911500.0,94479.0
Monday,3,94117.0,Northern,4,39169.0,23211.0,19255.0,17939.0,911500.0,94479.0
Monday,3,94117.0,Park,10,39169.0,23211.0,19255.0,17939.0,911500.0,94479.0
Monday,3,94118.0,Northern,1,38319.0,19663.0,18633.0,17171.0,1000001.0,82857.0
Monday,3,94118.0,Park,1,38319.0,19663.0,18633.0,17171.0,1000001.0,82857.0
Monday,3,94118.0,Richmond,14,38319.0,19663.0,18633.0,17171.0,1000001.0,82857.0
Monday,3,94122.0,Park,1,56023.0,23699.0,23633.0,22162.0,774500.0,81768.0
Monday,3,94122.0,Richmond,4,56023.0,23699.0,23633.0,22162.0,774500.0,81768.0
Monday,3,94122.0,Taraval,7,56023.0,23699.0,23633.0,22162.0,774500.0,81768.0
Monday,3,94123.0,Northern,9,23088.0,22622.0,15083.0,13717.0,1000001.0,112650.0
Monday,3,94124.0,Bayview,9,33996.0,6901.0,10812.0,9717.0,470400.0,50146.0
Monday,3,94124.0,Out of SF,1,33996.0,6901.0,10812.0,9717.0,470400.0,50146.0
Monday,3,94127.0,Taraval,5,19289.0,10895.0,7801.0,7511.0,916900.0,131351.0
Monday,3,94130.0,Southern,2,2880.0,3196.0,786.0,656.0,,37500.0
Monday,3,94131.0,Mission,4,26881.0,12926.0,13427.0,12618.0,859700.0,96889.0
Monday,3,94131.0,Park,1,26881.0,12926.0,13427.0,12618.0,859700.0,96889.0
Monday,3,94132.0,Taraval,2,28129.0,9045.0,10769.0,9993.0,733100.0,69223.0
Monday,3,94134.0,Bayview,8,40798.0,17001.0,11867.0,11244.0,547800.0,56716.0
Monday,3,94134.0,Ingleside,7,40798.0,17001.0,11867.0,11244.0,547800.0,56716.0
Monday,3,94158.0,Bayview,3,4792.0,7288.0,2482.0,2271.0,643900.0,82195.0
Monday,3,94158.0,Out of SF,1,4792.0,7288.0,2482.0,2271.0,643900.0,82195.0
Monday,3,94158.0,Southern,6,4792.0,7288.0,2482.0,2271.0,643900.0,82195.0
Monday,4,94102.0,Mission,16,31176.0,46472.0,18758.0,16844.0,574100.0,22517.0
Monday,4,94102.0,Northern,12,31176.0,46472.0,18758.0,16844.0,574100.0,22517.0
Monday,4,94102.0,Southern,2,31176.0,46472.0,18758.0,16844.0,574100.0,22517.0
Monday,4,94102.0,Tenderloin,4,31176.0,46472.0,18758.0,16844.0,574100.0,22517.0
Monday,4,94103.0,Mission,3,27170.0,20036.0,14778.0,13098.0,628000.0,43364.0
Monday,4,94103.0,Out of SF,5,27170.0,20036.0,14778.0,13098.0,628000.0,43364.0
Monday,4,94103.0,Southern,16,27170.0,20036.0,14778.0,13098.0,628000.0,43364.0
Monday,4,94103.0,Tenderloin,6,27170.0,20036.0,14778.0,13098.0,628000.0,43364.0
Monday,4,94104.0,Central,16,406.0,5232.0,368.0,207.0,1000001.0,48750.0
Monday,4,94104.0,Tenderloin,1,406.0,5232.0,368.0,207.0,1000001.0,48750.0
Monday,4,94105.0,Southern,9,5846.0,15826.0,4601.0,3586.0,740900.0,163949.0
Monday,4,94107.0,Southern,2,26599.0,14845.0,15141.0,13736.0,719700.0,114439.0
Monday,4,94108.0,Central,10,13768.0,50983.0,8843.0,7628.0,856900.0,35427.0
Monday,4,94108.0,Out of SF,2,13768.0,50983.0,8843.0,7628.0,856900.0,35427.0
Monday,4,94108.0,Tenderloin,2,13768.0,50983.0,8843.0,7628.0,856900.0,35427.0
Monday,4,94109.0,Central,4,55984.0,47129.0,37182.0,33342.0,723200.0,60722.0
Monday,4,94109.0,Northern,19,55984.0,47129.0,37182.0,33342.0,723200.0,60722.0
Monday,4,94109.0,Tenderloin,2,55984.0,47129.0,37182.0,33342.0,723200.0,60722.0
Monday,4,94110.0,Bayview,2,69333.0,29816.0,28913.0,27128.0,768200.0,82111.0
Monday,4,94110.0,Ingleside,2,69333.0,29816.0,28913.0,27128.0,768200.0,82111.0
Monday,4,94110.0,Mission,20,69333.0,29816.0,28913.0,27128.0,768200.0,82111.0
Monday,4,94110.0,Northern,3,69333.0,29816.0,28913.0,27128.0,768200.0,82111.0
Monday,4,94111.0,Central,5,3713.0,10791.0,2811.0,2365.0,882000.0,89722.0
Monday,4,94112.0,Ingleside,7,79407.0,23606.0,23081.0,21975.0,602400.0,71625.0
Monday,4,94112.0,Taraval,1,79407.0,23606.0,23081.0,21975.0,602400.0,71625.0
Monday,4,94114.0,Mission,5,31124.0,21837.0,17634.0,16281.0,1000001.0,114689.0
Monday,4,94114.0,Park,1,31124.0,21837.0,17634.0,16281.0,1000001.0,114689.0
Monday,4,94115.0,Northern,5,33021.0,29596.0,18884.0,17289.0,965800.0,76952.0
Monday,4,94115.0,Richmond,2,33021.0,29596.0,18884.0,17289.0,965800.0,76952.0
Monday,4,94116.0,Taraval,7,43698.0,16901.0,16283.0,15445.0,734400.0,83407.0
Monday,4,94117.0,Park,10,39169.0,23211.0,19255.0,17939.0,911500.0,94479.0
Monday,4,94118.0,Richmond,7,38319.0,19663.0,18633.0,17171.0,1000001.0,82857.0
Monday,4,94122.0,Richmond,1,56023.0,23699.0,23633.0,22162.0,774500.0,81768.0
Monday,4,94122.0,Taraval,2,56023.0,23699.0,23633.0,22162.0,774500.0,81768.0
Monday,4,94123.0,Northern,11,23088.0,22622.0,15083.0,13717.0,1000001.0,112650.0
Monday,4,94124.0,Bayview,17,33996.0,6901.0,10812.0,9717.0,470400.0,50146.0
Monday,4,94127.0,Ingleside,1,19289.0,10895.0,7801.0,7511.0,916900.0,131351.0
Monday,4,94127.0,Taraval,1,19289.0,10895.0,7801.0,7511.0,916900.0,131351.0
Monday,4,94130.0,Southern,1,2880.0,3196.0,786.0,656.0,,37500.0
Monday,4,94131.0,Mission,2,26881.0,12926.0,13427.0,12618.0,859700.0,96889.0
Monday,4,94131.0,Park,1,26881.0,12926.0,13427.0,12618.0,859700.0,96889.0
Monday,4,94132.0,Taraval,2,28129.0,9045.0,10769.0,9993.0,733100.0,69223.0
Monday,4,94134.0,Bayview,8,40798.0,17001.0,11867.0,11244.0,547800.0,56716.0
Monday,4,94134.0,Ingleside,3,40798.0,17001.0,11867.0,11244.0,547800.0,56716.0
Monday,4,94158.0,Bayview,1,4792.0,7288.0,2482.0,2271.0,643900.0,82195.0
Monday,4,94158.0,Mission,1,4792.0,7288.0,2482.0,2271.0,643900.0,82195.0
Monday,4,94158.0,Southern,1,4792.0,7288.0,2482.0,2271.0,643900.0,82195.0
Monday,5,94102.0,Mission,2,31176.0,46472.0,18758.0,16844.0,574100.0,22517.0
Monday,5,94102.0,Northern,4,31176.0,46472.0,18758.0,16844.0,574100.0,22517.0
Monday,5,94102.0,Southern,1,31176.0,46472.0,18758.0,16844.0,574100.0,22517.0
Monday,5,94103.0,Mission,2,27170.0,20036.0,14778.0,13098.0,628000.0,43364.0
Monday,5,94103.0,Southern,13,27170.0,20036.0,14778.0,13098.0,628000.0,43364.0
Monday,5,94103.0,Tenderloin,11,27170.0,20036.0,14778.0,13098.0,628000.0,43364.0
Monday,5,94104.0,Central,12,406.0,5232.0,368.0,207.0,1000001.0,48750.0
Monday,5,94104.0,Southern,2,406.0,5232.0,368.0,207.0,1000001.0,48750.0
Monday,5,94104.0,Tenderloin,1,406.0,5232.0,368.0,207.0,1000001.0,48750.0
Monday,5,94105.0,Central,1,5846.0,15826.0,4601.0,3586.0,740900.0,163949.0
Monday,5,94105.0,Southern,5,5846.0,15826.0,4601.0,3586.0,740900.0,163949.0
Monday,5,94107.0,Bayview,2,26599.0,14845.0,15141.0,13736.0,719700.0,114439.0
Monday,5,94107.0,Southern,1,26599.0,14845.0,15141.0,13736.0,719700.0,114439.0
Monday,5,94108.0,Central,8,13768.0,50983.0,8843.0,7628.0,856900.0,35427.0
Monday,5,94109.0,Central,7,55984.0,47129.0,37182.0,33342.0,723200.0,60722.0
Monday,5,94109.0,Northern,15,55984.0,47129.0,37182.0,33342.0,723200.0,60722.0
Monday,5,94109.0,Tenderloin,4,55984.0,47129.0,37182.0,33342.0,723200.0,60722.0
Monday,5,94110.0,Bayview,4,69333.0,29816.0,28913.0,27128.0,768200.0,82111.0
Monday,5,94110.0,Ingleside,3,69333.0,29816.0,28913.0,27128.0,768200.0,82111.0
Monday,5,94110.0,Mission,17,69333.0,29816.0,28913.0,27128.0,768200.0,82111.0
Monday,5,94110.0,Northern,1,69333.0,29816.0,28913.0,27128.0,768200.0,82111.0
Monday,5,94112.0,Ingleside,9,79407.0,23606.0,23081.0,21975.0,602400.0,71625.0
Monday,5,94114.0,Mission,2,31124.0,21837.0,17634.0,16281.0,1000001.0,114689.0
Monday,5,94114.0,Park,1,31124.0,21837.0,17634.0,16281.0,1000001.0,114689.0
Monday,5,94115.0,Northern,3,33021.0,29596.0,18884.0,17289.0,965800.0,76952.0
Monday,5,94115.0,Richmond,2,33021.0,29596.0,18884.0,17289.0,965800.0,76952.0
Monday,5,94116.0,Taraval,3,43698.0,16901.0,16283.0,15445.0,734400.0,83407.0
Monday,5,94117.0,Mission,2,39169.0,23211.0,19255.0,17939.0,911500.0,94479.0
Monday,5,94117.0,Park,4,39169.0,23211.0,19255.0,17939.0,911500.0,94479.0
Monday,5,94118.0,Richmond,7,38319.0,19663.0,18633.0,17171.0,1000001.0,82857.0
Monday,5,94122.0,Central,1,56023.0,23699.0,23633.0,22162.0,774500.0,81768.0
Monday,5,94122.0,Richmond,2,56023.0,23699.0,23633.0,22162.0,774500.0,81768.0
Monday,5,94122.0,Taraval,4,56023.0,23699.0,23633.0,22162.0,774500.0,81768.0
Monday,5,94123.0,Northern,10,23088.0,22622.0,15083.0,13717.0,1000001.0,112650.0
Monday,5,94124.0,Bayview,22,33996.0,6901.0,10812.0,9717.0,470400.0,50146.0
Monday,5,94127.0,Ingleside,1,19289.0,10895.0,7801.0,7511.0,916900.0,131351.0
Monday,5,94127.0,Taraval,3,19289.0,10895.0,7801.0,7511.0,916900.0,131351.0
Monday,5,94130.0,Southern,1,2880.0,3196.0,786.0,656.0,,37500.0
Monday,5,94131.0,Ingleside,2,26881.0,12926.0,13427.0,12618.0,859700.0,96889.0
Monday,5,94131.0,Mission,2,26881.0,12926.0,13427.0,12618.0,859700.0,96889.0
Monday,5,94132.0,Taraval,3,28129.0,9045.0,10769.0,9993.0,733100.0,69223.0
Monday,5,94134.0,Bayview,7,40798.0,17001.0,11867.0,11244.0,547800.0,56716.0
Monday,5,94134.0,Ingleside,4,40798.0,17001.0,11867.0,11244.0,547800.0,56716.0
Monday,5,94158.0,Bayview,1,4792.0,7288.0,2482.0,2271.0,643900.0,82195.0
Monday,5,94158.0,Southern,4,4792.0,7288.0,2482.0,2271.0,643900.0,82195.0
Monday,6,94102.0,Mission,4,31176.0,46472.0,18758.0,16844.0,574100.0,22517.0
Monday,6,94102.0,Northern,21,31176.0,46472.0,18758.0,16844.0,574100.0,22517.0
Monday,6,94102.0,Southern,5,31176.0,46472.0,18758.0,16844.0,574100.0,22517.0
Monday,6,94102.0,Tenderloin,6,31176.0,46472.0,18758.0,16844.0,574100.0,22517.0
Monday,6,94103.0,Mission,3,27170.0,20036.0,14778.0,13098.0,628000.0,43364.0
Monday,6,94103.0,Northern,1,27170.0,20036.0,14778.0,13098.0,628000.0,43364.0
Monday,6,94103.0,Out of SF,5,27170.0,20036.0,14778.0,13098.0,628000.0,43364.0
Monday,6,94103.0,Southern,21,27170.0,20036.0,14778.0,13098.0,628000.0,43364.0
Monday,6,94103.0,Tenderloin,17,27170.0,20036.0,14778.0,13098.0,628000.0,43364.0
Monday,6,94104.0,Central,16,406.0,5232.0,368.0,207.0,1000001.0,48750.0
Monday,6,94105.0,Central,1,5846.0,15826.0,4601.0,3586.0,740900.0,163949.0
Monday,6,94105.0,Southern,11,5846.0,15826.0,4601.0,3586.0,740900.0,163949.0
Monday,6,94107.0,Bayview,1,26599.0,14845.0,15141.0,13736.0,719700.0,114439.0
Monday,6,94108.0,Central,10,13768.0,50983.0,8843.0,7628.0,856900.0,35427.0
Monday,6,94108.0,Tenderloin,4,13768.0,50983.0,8843.0,7628.0,856900.0,35427.0
Monday,6,94109.0,Central,11,55984.0,47129.0,37182.0,33342.0,723200.0,60722.0
Monday,6,94109.0,Northern,13,55984.0,47129.0,37182.0,33342.0,723200.0,60722.0
Monday,6,94109.0,Tenderloin,1,55984.0,47129.0,37182.0,33342.0,723200.0,60722.0
Monday,6,94110.0,Bayview,7,69333.0,29816.0,28913.0,27128.0,768200.0,82111.0
Monday,6,94110.0,Ingleside,3,69333.0,29816.0,28913.0,27128.0,768200.0,82111.0
Monday,6,94110.0,Mission,17,69333.0,29816.0,28913.0,27128.0,768200.0,82111.0
Monday,6,94111.0,Central,6,3713.0,10791.0,2811.0,2365.0,882000.0,89722.0
Monday,6,94112.0,Ingleside,9,79407.0,23606.0,23081.0,21975.0,602400.0,71625.0
Monday,6,94112.0,Taraval,1,79407.0,23606.0,23081.0,21975.0,602400.0,71625.0
Monday,6,94114.0,Mission,5,31124.0,21837.0,17634.0,16281.0,1000001.0,114689.0
Monday,6,94114.0,Park,6,31124.0,21837.0,17634.0,16281.0,1000001.0,114689.0
Monday,6,94115.0,Northern,8,33021.0,29596.0,18884.0,17289.0,965800.0,76952.0
Monday,6,94115.0,Richmond,2,33021.0,29596.0,18884.0,17289.0,965800.0,76952.0
Monday,6,94116.0,Taraval,8,43698.0,16901.0,16283.0,15445.0,734400.0,83407.0
Monday,6,94117.0,Mission,4,39169.0,23211.0,19255.0,17939.0,911500.0,94479.0
Monday,6,94117.0,Northern,5,39169.0,23211.0,19255.0,17939.0,911500.0,94479.0
Monday,6,94117.0,Park,10,39169.0,23211.0,19255.0,17939.0,911500.0,94479.0
Monday,6,94118.0,Park,2,38319.0,19663.0,18633.0,17171.0,1000001.0,82857.0
Monday,6,94118.0,Richmond,13,38319.0,19663.0,18633.0,17171.0,1000001.0,82857.0
Monday,6,94122.0,Park,2,56023.0,23699.0,23633.0,22162.0,774500.0,81768.0
Monday,6,94122.0,Richmond,4,56023.0,23699.0,23633.0,22162.0,774500.0,81768.0
Monday,6,94122.0,Taraval,5,56023.0,23699.0,23633.0,22162.0,774500.0,81768.0
Monday,6,94123.0,Northern,10,23088.0,22622.0,15083.0,13717.0,1000001.0,112650.0
Monday,6,94124.0,Bayview,14,33996.0,6901.0,10812.0,9717.0,470400.0,50146.0
Monday,6,94127.0,Ingleside,2,19289.0,10895.0,7801.0,7511.0,916900.0,131351.0
Monday,6,94127.0,Taraval,1,19289.0,10895.0,7801.0,7511.0,916900.0,131351.0
Monday,6,94129.0,Central,1,3183.0,1381.0,1132.0,1086.0,,143320.0
Monday,6,94130.0,Southern,1,2880.0,3196.0,786.0,656.0,,37500.0
Monday,6,94131.0,Ingleside,3,26881.0,12926.0,13427.0,12618.0,859700.0,96889.0
Monday,6,94131.0,Mission,2,26881.0,12926.0,13427.0,12618.0,859700.0,96889.0
Monday,6,94131.0,Park,2,26881.0,12926.0,13427.0,12618.0,859700.0,96889.0
Monday,6,94131.0,Taraval,1,26881.0,12926.0,13427.0,12618.0,859700.0,96889.0
Monday,6,94132.0,Taraval,6,28129.0,9045.0,10769.0,9993.0,733100.0,69223.0
Monday,6,94134.0,Bayview,5,40798.0,17001.0,11867.0,11244.0,547800.0,56716.0
Monday,6,94134.0,Ingleside,5,40798.0,17001.0,11867.0,11244.0,547800.0,56716.0
Monday,6,94158.0,Bayview,9,4792.0,7288.0,2482.0,2271.0,643900.0,82195.0
Monday,6,94158.0,Out of SF,5,4792.0,7288.0,2482.0,2271.0,643900.0,82195.0
Monday,6,94158.0,Southern,5,4792.0,7288.0,2482.0,2271.0,643900.0,82195.0
Monday,7,94102.0,Ingleside,2,31176.0,46472.0,18758.0,16844.0,574100.0,22517.0
Monday,7,94102.0,Mission,8,31176.0,46472.0,18758.0,16844.0,574100.0,22517.0
Monday,7,94102.0,Northern,30,31176.0,46472.0,18758.0,16844.0,574100.0,22517.0
Monday,7,94102.0,Southern,5,31176.0,46472.0,18758.0,16844.0,574100.0,22517.0
Monday,7,94102.0,Tenderloin,31,31176.0,46472.0,18758.0,16844.0,574100.0,22517.0
Monday,7,94103.0,Ingleside,3,27170.0,20036.0,14778.0,13098.0,628000.0,43364.0
Monday,7,94103.0,Mission,3,27170.0,20036.0,14778.0,13098.0,628000.0,43364.0
Monday,7,94103.0,Out of SF,1,27170.0,20036.0,14778.0,13098.0,628000.0,43364.0
Monday,7,94103.0,Southern,38,27170.0,20036.0,14778.0,13098.0,628000.0,43364.0
Monday,7,94103.0,Tenderloin,30,27170.0,20036.0,14778.0,13098.0,628000.0,43364.0
Monday,7,94104.0,Central,15,406.0,5232.0,368.0,207.0,1000001.0,48750.0
Monday,7,94104.0,Southern,1,406.0,5232.0,368.0,207.0,1000001.0,48750.0
Monday,7,94104.0,Tenderloin,2,406.0,5232.0,368.0,207.0,1000001.0,48750.0
Monday,7,94105.0,Central,4,5846.0,15826.0,4601.0,3586.0,740900.0,163949.0
Monday,7,94105.0,Southern,5,5846.0,15826.0,4601.0,3586.0,740900.0,163949.0
Monday,7,94107.0,Bayview,1,26599.0,14845.0,15141.0,13736.0,719700.0,114439.0
Monday,7,94108.0,Central,19,13768.0,50983.0,8843.0,7628.0,856900.0,35427.0
Monday,7,94108.0,Out of SF,2,13768.0,50983.0,8843.0,7628.0,856900.0,35427.0
Monday,7,94108.0,Tenderloin,2,13768.0,50983.0,8843.0,7628.0,856900.0,35427.0
Monday,7,94109.0,Central,8,55984.0,47129.0,37182.0,33342.0,723200.0,60722.0
Monday,7,94109.0,Northern,22,55984.0,47129.0,37182.0,33342.0,723200.0,60722.0
Monday,7,94109.0,Tenderloin,4,55984.0,47129.0,37182.0,33342.0,723200.0,60722.0
Monday,7,94110.0,Bayview,9,69333.0,29816.0,28913.0,27128.0,768200.0,82111.0
Monday,7,94110.0,Ingleside,7,69333.0,29816.0,28913.0,27128.0,768200.0,82111.0
Monday,7,94110.0,Mission,23,69333.0,29816.0,28913.0,27128.0,768200.0,82111.0
Monday,7,94111.0,Central,10,3713.0,10791.0,2811.0,2365.0,882000.0,89722.0
Monday,7,94112.0,Ingleside,14,79407.0,23606.0,23081.0,21975.0,602400.0,71625.0
Monday,7,94112.0,Park,2,79407.0,23606.0,23081.0,21975.0,602400.0,71625.0
Monday,7,94112.0,Taraval,1,79407.0,23606.0,23081.0,21975.0,602400.0,71625.0
Monday,7,94114.0,Mission,20,31124.0,21837.0,17634.0,16281.0,1000001.0,114689.0
Monday,7,94114.0,Park,7,31124.0,21837.0,17634.0,16281.0,1000001.0,114689.0
Monday,7,94115.0,Northern,8,33021.0,29596.0,18884.0,17289.0,965800.0,76952.0
Monday,7,94115.0,Park,1,33021.0,29596.0,18884.0,17289.0,965800.0,76952.0
Monday,7,94115.0,Richmond,2,33021.0,29596.0,18884.0,17289.0,965800.0,76952.0
Monday,7,94116.0,Out of SF,2,43698.0,16901.0,16283.0,15445.0,734400.0,83407.0
Monday,7,94116.0,Taraval,7,43698.0,16901.0,16283.0,15445.0,734400.0,83407.0
Monday,7,94117.0,Mission,2,39169.0,23211.0,19255.0,17939.0,911500.0,94479.0
Monday,7,94117.0,Northern,4,39169.0,23211.0,19255.0,17939.0,911500.0,94479.0
Monday,7,94117.0,Park,23,39169.0,23211.0,19255.0,17939.0,911500.0,94479.0
Monday,7,94118.0,Ingleside,1,38319.0,19663.0,18633.0,17171.0,1000001.0,82857.0
Monday,7,94118.0,Out of SF,1,38319.0,19663.0,18633.0,17171.0,1000001.0,82857.0
Monday,7,94118.0,Park,5,38319.0,19663.0,18633.0,17171.0,1000001.0,82857.0
Monday,7,94118.0,Richmond,17,38319.0,19663.0,18633.0,17171.0,1000001.0,82857.0
Monday,7,94122.0,Park,2,56023.0,23699.0,23633.0,22162.0,774500.0,81768.0
Monday,7,94122.0,Richmond,5,56023.0,23699.0,23633.0,22162.0,774500.0,81768.0
Monday,7,94122.0,Taraval,10,56023.0,23699.0,23633.0,22162.0,774500.0,81768.0
Monday,7,94123.0,Northern,17,23088.0,22622.0,15083.0,13717.0,1000001.0,112650.0
Monday,7,94124.0,Bayview,26,33996.0,6901.0,10812.0,9717.0,470400.0,50146.0
Monday,7,94127.0,Ingleside,2,19289.0,10895.0,7801.0,7511.0,916900.0,131351.0
Monday,7,94127.0,Taraval,11,19289.0,10895.0,7801.0,7511.0,916900.0,131351.0
Monday,7,94129.0,Central,1,3183.0,1381.0,1132.0,1086.0,,143320.0
Monday,7,94129.0,Southern,1,3183.0,1381.0,1132.0,1086.0,,143320.0
Monday,7,94130.0,Central,3,2880.0,3196.0,786.0,656.0,,37500.0
Monday,7,94130.0,Southern,3,2880.0,3196.0,786.0,656.0,,37500.0
Monday,7,94131.0,Bayview,1,26881.0,12926.0,13427.0,12618.0,859700.0,96889.0
Monday,7,94131.0,Ingleside,7,26881.0,12926.0,13427.0,12618.0,859700.0,96889.0
Monday,7,94131.0,Mission,3,26881.0,12926.0,13427.0,12618.0,859700.0,96889.0
Monday,7,94131.0,Park,6,26881.0,12926.0,13427.0,12618.0,859700.0,96889.0
Monday,7,94132.0,Taraval,13,28129.0,9045.0,10769.0,9993.0,733100.0,69223.0
Monday,7,94134.0,Bayview,9,40798.0,17001.0,11867.0,11244.0,547800.0,56716.0
Monday,7,94134.0,Ingleside,19,40798.0,17001.0,11867.0,11244.0,547800.0,56716.0
Monday,7,94158.0,Bayview,3,4792.0,7288.0,2482.0,2271.0,643900.0,82195.0
Monday,7,94158.0,Mission,7,4792.0,7288.0,2482.0,2271.0,643900.0,82195.0
Monday,7,94158.0,Out of SF,1,4792.0,7288.0,2482.0,2271.0,643900.0,82195.0
Monday,7,94158.0,Southern,13,4792.0,7288.0,2482.0,2271.0,643900.0,82195.0
Monday,8,94102.0,Mission,6,31176.0,46472.0,18758.0,16844.0,574100.0,22517.0
Monday,8,94102.0,Northern,42,31176.0,46472.0,18758.0,16844.0,574100.0,22517.0
Monday,8,94102.0,Out of SF,2,31176.0,46472.0,18758.0,16844.0,574100.0,22517.0
Monday,8,94102.0,Park,1,31176.0,46472.0,18758.0,16844.0,574100.0,22517.0
Monday,8,94102.0,Southern,8,31176.0,46472.0,18758.0,16844.0,574100.0,22517.0
Monday,8,94102.0,Tenderloin,15,31176.0,46472.0,18758.0,16844.0,574100.0,22517.0
Monday,8,94103.0,Central,2,27170.0,20036.0,14778.0,13098.0,628000.0,43364.0
Monday,8,94103.0,Ingleside,1,27170.0,20036.0,14778.0,13098.0,628000.0,43364.0
Monday,8,94103.0,Mission,7,27170.0,20036.0,14778.0,13098.0,628000.0,43364.0
Monday,8,94103.0,Out of SF,5,27170.0,20036.0,14778.0,13098.0,628000.0,43364.0
Monday,8,94103.0,Southern,61,27170.0,20036.0,14778.0,13098.0,628000.0,43364.0
Monday,8,94103.0,Tenderloin,42,27170.0,20036.0,14778.0,13098.0,628000.0,43364.0
Monday,8,94104.0,Central,41,406.0,5232.0,368.0,207.0,1000001.0,48750.0
Monday,8,94104.0,Richmond,1,406.0,5232.0,368.0,207.0,1000001.0,48750.0
Monday,8,94104.0,Southern,2,406.0,5232.0,368.0,207.0,1000001.0,48750.0
Monday,8,94104.0,Tenderloin,3,406.0,5232.0,368.0,207.0,1000001.0,48750.0
Monday,8,94105.0,Central,7,5846.0,15826.0,4601.0,3586.0,740900.0,163949.0
Monday,8,94105.0,Southern,22,5846.0,15826.0,4601.0,3586.0,740900.0,163949.0
Monday,8,94107.0,Bayview,1,26599.0,14845.0,15141.0,13736.0,719700.0,114439.0
Monday,8,94107.0,Southern,1,26599.0,14845.0,15141.0,13736.0,719700.0,114439.0
Monday,8,94108.0,Central,50,13768.0,50983.0,8843.0,7628.0,856900.0,35427.0
Monday,8,94108.0,Tenderloin,4,13768.0,50983.0,8843.0,7628.0,856900.0,35427.0
Monday,8,94109.0,Central,9,55984.0,47129.0,37182.0,33342.0,723200.0,60722.0
Monday,8,94109.0,Northern,21,55984.0,47129.0,37182.0,33342.0,723200.0,60722.0
Monday,8,94109.0,Tenderloin,1,55984.0,47129.0,37182.0,33342.0,723200.0,60722.0
Monday,8,94110.0,Bayview,7,69333.0,29816.0,28913.0,27128.0,768200.0,82111.0
Monday,8,94110.0,Ingleside,19,69333.0,29816.0,28913.0,27128.0,768200.0,82111.0
Monday,8,94110.0,Mission,50,69333.0,29816.0,28913.0,27128.0,768200.0,82111.0
Monday,8,94110.0,Richmond,1,69333.0,29816.0,28913.0,27128.0,768200.0,82111.0
Monday,8,94111.0,Central,21,3713.0,10791.0,2811.0,2365.0,882000.0,89722.0
Monday,8,94112.0,Ingleside,24,79407.0,23606.0,23081.0,21975.0,602400.0,71625.0
Monday,8,94112.0,Out of SF,1,79407.0,23606.0,23081.0,21975.0,602400.0,71625.0
Monday,8,94112.0,Taraval,2,79407.0,23606.0,23081.0,21975.0,602400.0,71625.0
Monday,8,94114.0,Mission,21,31124.0,21837.0,17634.0,16281.0,1000001.0,114689.0
Monday,8,94114.0,Park,4,31124.0,21837.0,17634.0,16281.0,1000001.0,114689.0
Monday,8,94115.0,Northern,14,33021.0,29596.0,18884.0,17289.0,965800.0,76952.0
Monday,8,94115.0,Park,3,33021.0,29596.0,18884.0,17289.0,965800.0,76952.0
Monday,8,94115.0,Richmond,6,33021.0,29596.0,18884.0,17289.0,965800.0,76952.0
Monday,8,94116.0,Taraval,16,43698.0,16901.0,16283.0,15445.0,734400.0,83407.0
Monday,8,94117.0,Bayview,1,39169.0,23211.0,19255.0,17939.0,911500.0,94479.0
Monday,8,94117.0,Mission,3,39169.0,23211.0,19255.0,17939.0,911500.0,94479.0
Monday,8,94117.0,Northern,5,39169.0,23211.0,19255.0,17939.0,911500.0,94479.0
Monday,8,94117.0,Park,41,39169.0,23211.0,19255.0,17939.0,911500.0,94479.0
Monday,8,94118.0,Park,7,38319.0,19663.0,18633.0,17171.0,1000001.0,82857.0
Monday,8,94118.0,Richmond,21,38319.0,19663.0,18633.0,17171.0,1000001.0,82857.0
Monday,8,94118.0,Taraval,1,38319.0,19663.0,18633.0,17171.0,1000001.0,82857.0
Monday,8,94122.0,Park,2,56023.0,23699.0,23633.0,22162.0,774500.0,81768.0
Monday,8,94122.0,Richmond,19,56023.0,23699.0,23633.0,22162.0,774500.0,81768.0
Monday,8,94122.0,Taraval,21,56023.0,23699.0,23633.0,22162.0,774500.0,81768.0
Monday,8,94123.0,Northern,16,23088.0,22622.0,15083.0,13717.0,1000001.0,112650.0
Monday,8,94124.0,Bayview,39,33996.0,6901.0,10812.0,9717.0,470400.0,50146.0
Monday,8,94127.0,Ingleside,9,19289.0,10895.0,7801.0,7511.0,916900.0,131351.0
Monday,8,94127.0,Taraval,8,19289.0,10895.0,7801.0,7511.0,916900.0,131351.0
Monday,8,94129.0,Northern,1,3183.0,1381.0,1132.0,1086.0,,143320.0
Monday,8,94130.0,Southern,2,2880.0,3196.0,786.0,656.0,,37500.0
Monday,8,94131.0,Ingleside,2,26881.0,12926.0,13427.0,12618.0,859700.0,96889.0
Monday,8,94131.0,Mission,6,26881.0,12926.0,13427.0,12618.0,859700.0,96889.0
Monday,8,94131.0,Out of SF,4,26881.0,12926.0,13427.0,12618.0,859700.0,96889.0
Monday,8,94131.0,Park,2,26881.0,12926.0,13427.0,12618.0,859700.0,96889.0
Monday,8,94132.0,Taraval,16,28129.0,9045.0,10769.0,9993.0,733100.0,69223.0
Monday,8,94134.0,Bayview,26,40798.0,17001.0,11867.0,11244.0,547800.0,56716.0
Monday,8,94134.0,Ingleside,9,40798.0,17001.0,11867.0,11244.0,547800.0,56716.0
Monday,8,94158.0,Bayview,5,4792.0,7288.0,2482.0,2271.0,643900.0,82195.0
Monday,8,94158.0,Mission,1,4792.0,7288.0,2482.0,2271.0,643900.0,82195.0
Monday,8,94158.0,Out of SF,2,4792.0,7288.0,2482.0,2271.0,643900.0,82195.0
Monday,8,94158.0,Southern,22,4792.0,7288.0,2482.0,2271.0,643900.0,82195.0
Monday,9,94102.0,Mission,14,31176.0,46472.0,18758.0,16844.0,574100.0,22517.0
Monday,9,94102.0,Northern,37,31176.0,46472.0,18758.0,16844.0,574100.0,22517.0
Monday,9,94102.0,Southern,9,31176.0,46472.0,18758.0,16844.0,574100.0,22517.0
Monday,9,94102.0,Tenderloin,18,31176.0,46472.0,18758.0,16844.0,574100.0,22517.0
Monday,9,94103.0,Ingleside,1,27170.0,20036.0,14778.0,13098.0,628000.0,43364.0
Monday,9,94103.0,Mission,8,27170.0,20036.0,14778.0,13098.0,628000.0,43364.0
Monday,9,94103.0,Northern,2,27170.0,20036.0,14778.0,13098.0,628000.0,43364.0
Monday,9,94103.0,Out of SF,1,27170.0,20036.0,14778.0,13098.0,628000.0,43364.0
Monday,9,94103.0,Southern,52,27170.0,20036.0,14778.0,13098.0,628000.0,43364.0
Monday,9,94103.0,Tenderloin,42,27170.0,20036.0,14778.0,13098.0,628000.0,43364.0
Monday,9,94104.0,Central,36,406.0,5232.0,368.0,207.0,1000001.0,48750.0
Monday,9,94104.0,Southern,5,406.0,5232.0,368.0,207.0,1000001.0,48750.0
Monday,9,94104.0,Tenderloin,5,406.0,5232.0,368.0,207.0,1000001.0,48750.0
Monday,9,94105.0,Central,5,5846.0,15826.0,4601.0,3586.0,740900.0,163949.0
Monday,9,94105.0,Southern,21,5846.0,15826.0,4601.0,3586.0,740900.0,163949.0
Monday,9,94107.0,Bayview,4,26599.0,14845.0,15141.0,13736.0,719700.0,114439.0
Monday,9,94107.0,Mission,1,26599.0,14845.0,15141.0,13736.0,719700.0,114439.0
Monday,9,94107.0,Southern,4,26599.0,14845.0,15141.0,13736.0,719700.0,114439.0
Monday,9,94108.0,Central,27,13768.0,50983.0,8843.0,7628.0,856900.0,35427.0
Monday,9,94108.0,Out of SF,2,13768.0,50983.0,8843.0,7628.0,856900.0,35427.0
Monday,9,94108.0,Tenderloin,5,13768.0,50983.0,8843.0,7628.0,856900.0,35427.0
Monday,9,94109.0,Central,16,55984.0,47129.0,37182.0,33342.0,723200.0,60722.0
Monday,9,94109.0,Northern,24,55984.0,47129.0,37182.0,33342.0,723200.0,60722.0
Monday,9,94109.0,Tenderloin,4,55984.0,47129.0,37182.0,33342.0,723200.0,60722.0
Monday,9,94110.0,Bayview,11,69333.0,29816.0,28913.0,27128.0,768200.0,82111.0
Monday,9,94110.0,Ingleside,18,69333.0,29816.0,28913.0,27128.0,768200.0,82111.0
Monday,9,94110.0,Mission,48,69333.0,29816.0,28913.0,27128.0,768200.0,82111.0
Monday,9,94110.0,Out of SF,3,69333.0,29816.0,28913.0,27128.0,768200.0,82111.0
Monday,9,94110.0,Southern,1,69333.0,29816.0,28913.0,27128.0,768200.0,82111.0
Monday,9,94111.0,Central,18,3713.0,10791.0,2811.0,2365.0,882000.0,89722.0
Monday,9,94112.0,Ingleside,14,79407.0,23606.0,23081.0,21975.0,602400.0,71625.0
Monday,9,94112.0,Taraval,2,79407.0,23606.0,23081.0,21975.0,602400.0,71625.0
Monday,9,94114.0,Mission,20,31124.0,21837.0,17634.0,16281.0,1000001.0,114689.0
Monday,9,94114.0,Park,8,31124.0,21837.0,17634.0,16281.0,1000001.0,114689.0
Monday,9,94115.0,Northern,17,33021.0,29596.0,18884.0,17289.0,965800.0,76952.0
Monday,9,94115.0,Park,1,33021.0,29596.0,18884.0,17289.0,965800.0,76952.0
Monday,9,94115.0,Richmond,9,33021.0,29596.0,18884.0,17289.0,965800.0,76952.0
Monday,9,94116.0,Taraval,9,43698.0,16901.0,16283.0,15445.0,734400.0,83407.0
Monday,9,94117.0,Mission,7,39169.0,23211.0,19255.0,17939.0,911500.0,94479.0
Monday,9,94117.0,Northern,15,39169.0,23211.0,19255.0,17939.0,911500.0,94479.0
Monday,9,94117.0,Park,27,39169.0,23211.0,19255.0,17939.0,911500.0,94479.0
Monday,9,94118.0,Out of SF,1,38319.0,19663.0,18633.0,17171.0,1000001.0,82857.0
Monday,9,94118.0,Park,13,38319.0,19663.0,18633.0,17171.0,1000001.0,82857.0
Monday,9,94118.0,Richmond,27,38319.0,19663.0,18633.0,17171.0,1000001.0,82857.0
Monday,9,94118.0,Southern,1,38319.0,19663.0,18633.0,17171.0,1000001.0,82857.0
Monday,9,94122.0,Park,1,56023.0,23699.0,23633.0,22162.0,774500.0,81768.0
Monday,9,94122.0,Richmond,27,56023.0,23699.0,23633.0,22162.0,774500.0,81768.0
Monday,9,94122.0,Taraval,16,56023.0,23699.0,23633.0,22162.0,774500.0,81768.0
Monday,9,94123.0,Northern,25,23088.0,22622.0,15083.0,13717.0,1000001.0,112650.0
Monday,9,94124.0,Bayview,53,33996.0,6901.0,10812.0,9717.0,470400.0,50146.0
Monday,9,94127.0,Ingleside,7,19289.0,10895.0,7801.0,7511.0,916900.0,131351.0
Monday,9,94127.0,Taraval,4,19289.0,10895.0,7801.0,7511.0,916900.0,131351.0
Monday,9,94129.0,Northern,1,3183.0,1381.0,1132.0,1086.0,,143320.0
Monday,9,94129.0,Richmond,1,3183.0,1381.0,1132.0,1086.0,,143320.0
Monday,9,94130.0,Southern,2,2880.0,3196.0,786.0,656.0,,37500.0
Monday,9,94131.0,Ingleside,7,26881.0,12926.0,13427.0,12618.0,859700.0,96889.0
Monday,9,94131.0,Mission,4,26881.0,12926.0,13427.0,12618.0,859700.0,96889.0
Monday,9,94131.0,Park,7,26881.0,12926.0,13427.0,12618.0,859700.0,96889.0
Monday,9,94131.0,Taraval,1,26881.0,12926.0,13427.0,12618.0,859700.0,96889.0
Monday,9,94132.0,Taraval,17,28129.0,9045.0,10769.0,9993.0,733100.0,69223.0
Monday,9,94134.0,Bayview,13,40798.0,17001.0,11867.0,11244.0,547800.0,56716.0
Monday,9,94134.0,Ingleside,11,40798.0,17001.0,11867.0,11244.0,547800.0,56716.0
Monday,9,94158.0,Bayview,9,4792.0,7288.0,2482.0,2271.0,643900.0,82195.0
Monday,9,94158.0,Mission,4,4792.0,7288.0,2482.0,2271.0,643900.0,82195.0
Monday,9,94158.0,Out of SF,1,4792.0,7288.0,2482.0,2271.0,643900.0,82195.0
Monday,9,94158.0,Southern,11,4792.0,7288.0,2482.0,2271.0,643900.0,82195.0
Monday,10,94102.0,Mission,19,31176.0,46472.0,18758.0,16844.0,574100.0,22517.0
Monday,10,94102.0,Northern,46,31176.0,46472.0,18758.0,16844.0,574100.0,22517.0
Monday,10,94102.0,Southern,14,31176.0,46472.0,18758.0,16844.0,574100.0,22517.0
Monday,10,94102.0,Tenderloin,21,31176.0,46472.0,18758.0,16844.0,574100.0,22517.0
Monday,10,94103.0,Mission,8,27170.0,20036.0,14778.0,13098.0,628000.0,43364.0
Monday,10,94103.0,Out of SF,2,27170.0,20036.0,14778.0,13098.0,628000.0,43364.0
Monday,10,94103.0,Park,2,27170.0,20036.0,14778.0,13098.0,628000.0,43364.0
Monday,10,94103.0,Southern,58,27170.0,20036.0,14778.0,13098.0,628000.0,43364.0
Monday,10,94103.0,Tenderloin,58,27170.0,20036.0,14778.0,13098.0,628000.0,43364.0
Monday,10,94104.0,Central,48,406.0,5232.0,368.0,207.0,1000001.0,48750.0
Monday,10,94104.0,Tenderloin,4,406.0,5232.0,368.0,207.0,1000001.0,48750.0
Monday,10,94105.0,Central,9,5846.0,15826.0,4601.0,3586.0,740900.0,163949.0
Monday,10,94105.0,Southern,20,5846.0,15826.0,4601.0,3586.0,740900.0,163949.0
Monday,10,94107.0,Bayview,5,26599.0,14845.0,15141.0,13736.0,719700.0,114439.0
Monday,10,94107.0,Southern,1,26599.0,14845.0,15141.0,13736.0,719700.0,114439.0
Monday,10,94108.0,Central,41,13768.0,50983.0,8843.0,7628.0,856900.0,35427.0
Monday,10,94108.0,Out of SF,4,13768.0,50983.0,8843.0,7628.0,856900.0,35427.0
Monday,10,94108.0,Tenderloin,12,13768.0,50983.0,8843.0,7628.0,856900.0,35427.0
Monday,10,94109.0,Central,18,55984.0,47129.0,37182.0,33342.0,723200.0,60722.0
Monday,10,94109.0,Northern,17,55984.0,47129.0,37182.0,33342.0,723200.0,60722.0
Monday,10,94109.0,Tenderloin,1,55984.0,47129.0,37182.0,33342.0,723200.0,60722.0
Monday,10,94110.0,Bayview,9,69333.0,29816.0,28913.0,27128.0,768200.0,82111.0
Monday,10,94110.0,Ingleside,8,69333.0,29816.0,28913.0,27128.0,768200.0,82111.0
Monday,10,94110.0,Mission,38,69333.0,29816.0,28913.0,27128.0,768200.0,82111.0
Monday,10,94111.0,Central,42,3713.0,10791.0,2811.0,2365.0,882000.0,89722.0
Monday,10,94112.0,Ingleside,39,79407.0,23606.0,23081.0,21975.0,602400.0,71625.0
Monday,10,94112.0,Taraval,1,79407.0,23606.0,23081.0,21975.0,602400.0,71625.0
Monday,10,94114.0,Mission,22,31124.0,21837.0,17634.0,16281.0,1000001.0,114689.0
Monday,10,94114.0,Park,8,31124.0,21837.0,17634.0,16281.0,1000001.0,114689.0
Monday,10,94115.0,Northern,23,33021.0,29596.0,18884.0,17289.0,965800.0,76952.0
Monday,10,94115.0,Richmond,7,33021.0,29596.0,18884.0,17289.0,965800.0,76952.0
Monday,10,94116.0,Ingleside,1,43698.0,16901.0,16283.0,15445.0,734400.0,83407.0
Monday,10,94116.0,Taraval,17,43698.0,16901.0,16283.0,15445.0,734400.0,83407.0
Monday,10,94117.0,Central,1,39169.0,23211.0,19255.0,17939.0,911500.0,94479.0
Monday,10,94117.0,Mission,7,39169.0,23211.0,19255.0,17939.0,911500.0,94479.0
Monday,10,94117.0,Northern,24,39169.0,23211.0,19255.0,17939.0,911500.0,94479.0
Monday,10,94117.0,Park,35,39169.0,23211.0,19255.0,17939.0,911500.0,94479.0
Monday,10,94118.0,Out of SF,2,38319.0,19663.0,18633.0,17171.0,1000001.0,82857.0
Monday,10,94118.0,Park,12,38319.0,19663.0,18633.0,17171.0,1000001.0,82857.0
Monday,10,94118.0,Richmond,36,38319.0,19663.0,18633.0,17171.0,1000001.0,82857.0
Monday,10,94122.0,Out of SF,1,56023.0,23699.0,23633.0,22162.0,774500.0,81768.0
Monday,10,94122.0,Richmond,23,56023.0,23699.0,23633.0,22162.0,774500.0,81768.0
Monday,10,94122.0,Taraval,14,56023.0,23699.0,23633.0,22162.0,774500.0,81768.0
Monday,10,94123.0,Northern,26,23088.0,22622.0,15083.0,13717.0,1000001.0,112650.0
Monday,10,94124.0,Bayview,33,33996.0,6901.0,10812.0,9717.0,470400.0,50146.0
Monday,10,94127.0,Bayview,1,19289.0,10895.0,7801.0,7511.0,916900.0,131351.0
Monday,10,94127.0,Ingleside,5,19289.0,10895.0,7801.0,7511.0,916900.0,131351.0
Monday,10,94127.0,Taraval,6,19289.0,10895.0,7801.0,7511.0,916900.0,131351.0
Monday,10,94129.0,Central,1,3183.0,1381.0,1132.0,1086.0,,143320.0
Monday,10,94130.0,Southern,6,2880.0,3196.0,786.0,656.0,,37500.0
Monday,10,94131.0,Ingleside,5,26881.0,12926.0,13427.0,12618.0,859700.0,96889.0
Monday,10,94131.0,Mission,4,26881.0,12926.0,13427.0,12618.0,859700.0,96889.0
Monday,10,94131.0,Park,5,26881.0,12926.0,13427.0,12618.0,859700.0,96889.0
Monday,10,94132.0,Taraval,30,28129.0,9045.0,10769.0,9993.0,733100.0,69223.0
Monday,10,94134.0,Bayview,9,40798.0,17001.0,11867.0,11244.0,547800.0,56716.0
Monday,10,94134.0,Ingleside,12,40798.0,17001.0,11867.0,11244.0,547800.0,56716.0
Monday,10,94158.0,Bayview,7,4792.0,7288.0,2482.0,2271.0,643900.0,82195.0
Monday,10,94158.0,Mission,5,4792.0,7288.0,2482.0,2271.0,643900.0,82195.0
Monday,10,94158.0,Out of SF,2,4792.0,7288.0,2482.0,2271.0,643900.0,82195.0
Monday,10,94158.0,Southern,21,4792.0,7288.0,2482.0,2271.0,643900.0,82195.0
Monday,11,94102.0,Mission,39,31176.0,46472.0,18758.0,16844.0,574100.0,22517.0
Monday,11,94102.0,Northern,39,31176.0,46472.0,18758.0,16844.0,574100.0,22517.0
Monday,11,94102.0,Out of SF,3,31176.0,46472.0,18758.0,16844.0,574100.0,22517.0
Monday,11,94102.0,Park,1,31176.0,46472.0,18758.0,16844.0,574100.0,22517.0
Monday,11,94102.0,Southern,25,31176.0,46472.0,18758.0,16844.0,574100.0,22517.0
Monday,11,94102.0,Tenderloin,26,31176.0,46472.0,18758.0,16844.0,574100.0,22517.0
Monday,11,94103.0,Central,1,27170.0,20036.0,14778.0,13098.0,628000.0,43364.0
Monday,11,94103.0,Ingleside,1,27170.0,20036.0,14778.0,13098.0,628000.0,43364.0
Monday,11,94103.0,Mission,11,27170.0,20036.0,14778.0,13098.0,628000.0,43364.0
Monday,11,94103.0,Southern,77,27170.0,20036.0,14778.0,13098.0,628000.0,43364.0
Monday,11,94103.0,Tenderloin,70,27170.0,20036.0,14778.0,13098.0,628000.0,43364.0
Monday,11,94104.0,Central,32,406.0,5232.0,368.0,207.0,1000001.0,48750.0
Monday,11,94104.0,Out of SF,1,406.0,5232.0,368.0,207.0,1000001.0,48750.0
Monday,11,94104.0,Southern,4,406.0,5232.0,368.0,207.0,1000001.0,48750.0
Monday,11,94104.0,Taraval,1,406.0,5232.0,368.0,207.0,1000001.0,48750.0
Monday,11,94105.0,Southern,17,5846.0,15826.0,4601.0,3586.0,740900.0,163949.0
Monday,11,94107.0,Bayview,2,26599.0,14845.0,15141.0,13736.0,719700.0,114439.0
Monday,11,94107.0,Southern,2,26599.0,14845.0,15141.0,13736.0,719700.0,114439.0
Monday,11,94108.0,Central,71,13768.0,50983.0,8843.0,7628.0,856900.0,35427.0
Monday,11,94108.0,Out of SF,4,13768.0,50983.0,8843.0,7628.0,856900.0,35427.0
Monday,11,94108.0,Tenderloin,6,13768.0,50983.0,8843.0,7628.0,856900.0,35427.0
Monday,11,94109.0,Central,20,55984.0,47129.0,37182.0,33342.0,723200.0,60722.0
Monday,11,94109.0,Northern,24,55984.0,47129.0,37182.0,33342.0,723200.0,60722.0
Monday,11,94109.0,Southern,1,55984.0,47129.0,37182.0,33342.0,723200.0,60722.0
Monday,11,94109.0,Tenderloin,1,55984.0,47129.0,37182.0,33342.0,723200.0,60722.0
Monday,11,94110.0,Bayview,13,69333.0,29816.0,28913.0,27128.0,768200.0,82111.0
Monday,11,94110.0,Ingleside,15,69333.0,29816.0,28913.0,27128.0,768200.0,82111.0
Monday,11,94110.0,Mission,46,69333.0,29816.0,28913.0,27128.0,768200.0,82111.0
Monday,11,94111.0,Central,51,3713.0,10791.0,2811.0,2365.0,882000.0,89722.0
Monday,11,94112.0,Ingleside,34,79407.0,23606.0,23081.0,21975.0,602400.0,71625.0
Monday,11,94112.0,Taraval,3,79407.0,23606.0,23081.0,21975.0,602400.0,71625.0
Monday,11,94114.0,Mission,20,31124.0,21837.0,17634.0,16281.0,1000001.0,114689.0
Monday,11,94114.0,Park,10,31124.0,21837.0,17634.0,16281.0,1000001.0,114689.0
Monday,11,94115.0,Northern,23,33021.0,29596.0,18884.0,17289.0,965800.0,76952.0
Monday,11,94115.0,Out of SF,1,33021.0,29596.0,18884.0,17289.0,965800.0,76952.0
Monday,11,94115.0,Park,4,33021.0,29596.0,18884.0,17289.0,965800.0,76952.0
Monday,11,94115.0,Richmond,4,33021.0,29596.0,18884.0,17289.0,965800.0,76952.0
Monday,11,94116.0,Taraval,16,43698.0,16901.0,16283.0,15445.0,734400.0,83407.0
Monday,11,94117.0,Mission,5,39169.0,23211.0,19255.0,17939.0,911500.0,94479.0
Monday,11,94117.0,Northern,10,39169.0,23211.0,19255.0,17939.0,911500.0,94479.0
Monday,11,94117.0,Park,30,39169.0,23211.0,19255.0,17939.0,911500.0,94479.0
Monday,11,94118.0,Park,9,38319.0,19663.0,18633.0,17171.0,1000001.0,82857.0
Monday,11,94118.0,Richmond,23,38319.0,19663.0,18633.0,17171.0,1000001.0,82857.0
Monday,11,94122.0,Park,2,56023.0,23699.0,23633.0,22162.0,774500.0,81768.0
Monday,11,94122.0,Richmond,33,56023.0,23699.0,23633.0,22162.0,774500.0,81768.0
Monday,11,94122.0,Taraval,25,56023.0,23699.0,23633.0,22162.0,774500.0,81768.0
Monday,11,94123.0,Northern,24,23088.0,22622.0,15083.0,13717.0,1000001.0,112650.0
Monday,11,94124.0,Bayview,33,33996.0,6901.0,10812.0,9717.0,470400.0,50146.0
Monday,11,94127.0,Ingleside,2,19289.0,10895.0,7801.0,7511.0,916900.0,131351.0
Monday,11,94127.0,Taraval,13,19289.0,10895.0,7801.0,7511.0,916900.0,131351.0
Monday,11,94129.0,Central,2,3183.0,1381.0,1132.0,1086.0,,143320.0
Monday,11,94131.0,Ingleside,8,26881.0,12926.0,13427.0,12618.0,859700.0,96889.0
Monday,11,94131.0,Mission,5,26881.0,12926.0,13427.0,12618.0,859700.0,96889.0
Monday,11,94131.0,Park,6,26881.0,12926.0,13427.0,12618.0,859700.0,96889.0
Monday,11,94132.0,Taraval,18,28129.0,9045.0,10769.0,9993.0,733100.0,69223.0
Monday,11,94134.0,Bayview,16,40798.0,17001.0,11867.0,11244.0,547800.0,56716.0
Monday,11,94134.0,Ingleside,15,40798.0,17001.0,11867.0,11244.0,547800.0,56716.0
Monday,11,94158.0,Bayview,16,4792.0,7288.0,2482.0,2271.0,643900.0,82195.0
Monday,11,94158.0,Out of SF,2,4792.0,7288.0,2482.0,2271.0,643900.0,82195.0
Monday,11,94158.0,Southern,9,4792.0,7288.0,2482.0,2271.0,643900.0,82195.0
Monday,12,94102.0,Mission,43,31176.0,46472.0,18758.0,16844.0,574100.0,22517.0
Monday,12,94102.0,Northern,41,31176.0,46472.0,18758.0,16844.0,574100.0,22517.0
Monday,12,94102.0,Southern,9,31176.0,46472.0,18758.0,16844.0,574100.0,22517.0
Monday,12,94102.0,Tenderloin,28,31176.0,46472.0,18758.0,16844.0,574100.0,22517.0
Monday,12,94103.0,Central,1,27170.0,20036.0,14778.0,13098.0,628000.0,43364.0
Monday,12,94103.0,Mission,4,27170.0,20036.0,14778.0,13098.0,628000.0,43364.0
Monday,12,94103.0,Out of SF,6,27170.0,20036.0,14778.0,13098.0,628000.0,43364.0
Monday,12,94103.0,Southern,89,27170.0,20036.0,14778.0,13098.0,628000.0,43364.0
Monday,12,94103.0,Taraval,3,27170.0,20036.0,14778.0,13098.0,628000.0,43364.0
Monday,12,94103.0,Tenderloin,85,27170.0,20036.0,14778.0,13098.0,628000.0,43364.0
Monday,12,94104.0,Central,37,406.0,5232.0,368.0,207.0,1000001.0,48750.0
Monday,12,94104.0,Southern,2,406.0,5232.0,368.0,207.0,1000001.0,48750.0
Monday,12,94104.0,Tenderloin,3,406.0,5232.0,368.0,207.0,1000001.0,48750.0
Monday,12,94105.0,Central,3,5846.0,15826.0,4601.0,3586.0,740900.0,163949.0
Monday,12,94105.0,Southern,27,5846.0,15826.0,4601.0,3586.0,740900.0,163949.0
Monday,12,94107.0,Southern,1,26599.0,14845.0,15141.0,13736.0,719700.0,114439.0
Monday,12,94108.0,Central,60,13768.0,50983.0,8843.0,7628.0,856900.0,35427.0
Monday,12,94108.0,Northern,1,13768.0,50983.0,8843.0,7628.0,856900.0,35427.0
Monday,12,94108.0,Out of SF,2,13768.0,50983.0,8843.0,7628.0,856900.0,35427.0
Monday,12,94108.0,Tenderloin,5,13768.0,50983.0,8843.0,7628.0,856900.0,35427.0
Monday,12,94109.0,Central,19,55984.0,47129.0,37182.0,33342.0,723200.0,60722.0
Monday,12,94109.0,Ingleside,1,55984.0,47129.0,37182.0,33342.0,723200.0,60722.0
Monday,12,94109.0,Northern,35,55984.0,47129.0,37182.0,33342.0,723200.0,60722.0
Monday,12,94109.0,Richmond,1,55984.0,47129.0,37182.0,33342.0,723200.0,60722.0
Monday,12,94109.0,Tenderloin,4,55984.0,47129.0,37182.0,33342.0,723200.0,60722.0
Monday,12,94110.0,Bayview,10,69333.0,29816.0,28913.0,27128.0,768200.0,82111.0
Monday,12,94110.0,Ingleside,29,69333.0,29816.0,28913.0,27128.0,768200.0,82111.0
Monday,12,94110.0,Mission,82,69333.0,29816.0,28913.0,27128.0,768200.0,82111.0
Monday,12,94110.0,Out of SF,1,69333.0,29816.0,28913.0,27128.0,768200.0,82111.0
Monday,12,94111.0,Central,60,3713.0,10791.0,2811.0,2365.0,882000.0,89722.0
Monday,12,94111.0,Northern,1,3713.0,10791.0,2811.0,2365.0,882000.0,89722.0
Monday,12,94111.0,Southern,1,3713.0,10791.0,2811.0,2365.0,882000.0,89722.0
Monday,12,94112.0,Ingleside,40,79407.0,23606.0,23081.0,21975.0,602400.0,71625.0
Monday,12,94112.0,Out of SF,2,79407.0,23606.0,23081.0,21975.0,602400.0,71625.0
Monday,12,94112.0,Taraval,4,79407.0,23606.0,23081.0,21975.0,602400.0,71625.0
Monday,12,94114.0,Mission,31,31124.0,21837.0,17634.0,16281.0,1000001.0,114689.0
Monday,12,94114.0,Park,2,31124.0,21837.0,17634.0,16281.0,1000001.0,114689.0
Monday,12,94115.0,Northern,17,33021.0,29596.0,18884.0,17289.0,965800.0,76952.0
Monday,12,94115.0,Out of SF,1,33021.0,29596.0,18884.0,17289.0,965800.0,76952.0
Monday,12,94115.0,Richmond,2,33021.0,29596.0,18884.0,17289.0,965800.0,76952.0
Monday,12,94116.0,Out of SF,1,43698.0,16901.0,16283.0,15445.0,734400.0,83407.0
Monday,12,94116.0,Taraval,37,43698.0,16901.0,16283.0,15445.0,734400.0,83407.0
Monday,12,94117.0,Mission,9,39169.0,23211.0,19255.0,17939.0,911500.0,94479.0
Monday,12,94117.0,Northern,16,39169.0,23211.0,19255.0,17939.0,911500.0,94479.0
Monday,12,94117.0,Out of SF,2,39169.0,23211.0,19255.0,17939.0,911500.0,94479.0
Monday,12,94117.0,Park,30,39169.0,23211.0,19255.0,17939.0,911500.0,94479.0
Monday,12,94118.0,Out of SF,1,38319.0,19663.0,18633.0,17171.0,1000001.0,82857.0
Monday,12,94118.0,Park,11,38319.0,19663.0,18633.0,17171.0,1000001.0,82857.0
Monday,12,94118.0,Richmond,28,38319.0,19663.0,18633.0,17171.0,1000001.0,82857.0
Monday,12,94118.0,Tenderloin,1,38319.0,19663.0,18633.0,17171.0,1000001.0,82857.0
Monday,12,94122.0,Park,9,56023.0,23699.0,23633.0,22162.0,774500.0,81768.0
Monday,12,94122.0,Richmond,26,56023.0,23699.0,23633.0,22162.0,774500.0,81768.0
Monday,12,94122.0,Taraval,28,56023.0,23699.0,23633.0,22162.0,774500.0,81768.0
Monday,12,94123.0,Central,1,23088.0,22622.0,15083.0,13717.0,1000001.0,112650.0
Monday,12,94123.0,Northern,27,23088.0,22622.0,15083.0,13717.0,1000001.0,112650.0
Monday,12,94123.0,Richmond,1,23088.0,22622.0,15083.0,13717.0,1000001.0,112650.0
Monday,12,94124.0,Bayview,54,33996.0,6901.0,10812.0,9717.0,470400.0,50146.0
Monday,12,94127.0,Ingleside,6,19289.0,10895.0,7801.0,7511.0,916900.0,131351.0
Monday,12,94127.0,Taraval,5,19289.0,10895.0,7801.0,7511.0,916900.0,131351.0
Monday,12,94129.0,Central,2,3183.0,1381.0,1132.0,1086.0,,143320.0
Monday,12,94130.0,Southern,3,2880.0,3196.0,786.0,656.0,,37500.0
Monday,12,94131.0,Ingleside,6,26881.0,12926.0,13427.0,12618.0,859700.0,96889.0
Monday,12,94131.0,Mission,2,26881.0,12926.0,13427.0,12618.0,859700.0,96889.0
Monday,12,94131.0,Park,8,26881.0,12926.0,13427.0,12618.0,859700.0,96889.0
Monday,12,94132.0,Taraval,28,28129.0,9045.0,10769.0,9993.0,733100.0,69223.0
Monday,12,94134.0,Bayview,14,40798.0,17001.0,11867.0,11244.0,547800.0,56716.0
Monday,12,94134.0,Ingleside,20,40798.0,17001.0,11867.0,11244.0,547800.0,56716.0
Monday,12,94158.0,Bayview,17,4792.0,7288.0,2482.0,2271.0,643900.0,82195.0
Monday,12,94158.0,Mission,6,4792.0,7288.0,2482.0,2271.0,643900.0,82195.0
Monday,12,94158.0,Out of SF,1,4792.0,7288.0,2482.0,2271.0,643900.0,82195.0
Monday,12,94158.0,Southern,25,4792.0,7288.0,2482.0,2271.0,643900.0,82195.0
Monday,12,94158.0,Taraval,1,4792.0,7288.0,2482.0,2271.0,643900.0,82195.0
Monday,13,94102.0,Mission,35,31176.0,46472.0,18758.0,16844.0,574100.0,22517.0
Monday,13,94102.0,Northern,51,31176.0,46472.0,18758.0,16844.0,574100.0,22517.0
Monday,13,94102.0,Out of SF,3,31176.0,46472.0,18758.0,16844.0,574100.0,22517.0
Monday,13,94102.0,Park,3,31176.0,46472.0,18758.0,16844.0,574100.0,22517.0
Monday,13,94102.0,Southern,11,31176.0,46472.0,18758.0,16844.0,574100.0,22517.0
Monday,13,94102.0,Tenderloin,32,31176.0,46472.0,18758.0,16844.0,574100.0,22517.0
Monday,13,94103.0,Bayview,3,27170.0,20036.0,14778.0,13098.0,628000.0,43364.0
Monday,13,94103.0,Central,2,27170.0,20036.0,14778.0,13098.0,628000.0,43364.0
Monday,13,94103.0,Ingleside,1,27170.0,20036.0,14778.0,13098.0,628000.0,43364.0
Monday,13,94103.0,Mission,8,27170.0,20036.0,14778.0,13098.0,628000.0,43364.0
Monday,13,94103.0,Out of SF,2,27170.0,20036.0,14778.0,13098.0,628000.0,43364.0
Monday,13,94103.0,Southern,71,27170.0,20036.0,14778.0,13098.0,628000.0,43364.0
Monday,13,94103.0,Taraval,1,27170.0,20036.0,14778.0,13098.0,628000.0,43364.0
Monday,13,94103.0,Tenderloin,84,27170.0,20036.0,14778.0,13098.0,628000.0,43364.0
Monday,13,94104.0,Central,34,406.0,5232.0,368.0,207.0,1000001.0,48750.0
Monday,13,94104.0,Southern,1,406.0,5232.0,368.0,207.0,1000001.0,48750.0
Monday,13,94104.0,Tenderloin,5,406.0,5232.0,368.0,207.0,1000001.0,48750.0
Monday,13,94105.0,Central,10,5846.0,15826.0,4601.0,3586.0,740900.0,163949.0
Monday,13,94105.0,Southern,24,5846.0,15826.0,4601.0,3586.0,740900.0,163949.0
Monday,13,94107.0,Bayview,6,26599.0,14845.0,15141.0,13736.0,719700.0,114439.0
Monday,13,94107.0,Mission,2,26599.0,14845.0,15141.0,13736.0,719700.0,114439.0
Monday,13,94107.0,Southern,1,26599.0,14845.0,15141.0,13736.0,719700.0,114439.0
Monday,13,94108.0,Central,67,13768.0,50983.0,8843.0,7628.0,856900.0,35427.0
Monday,13,94108.0,Tenderloin,5,13768.0,50983.0,8843.0,7628.0,856900.0,35427.0
Monday,13,94109.0,Central,13,55984.0,47129.0,37182.0,33342.0,723200.0,60722.0
Monday,13,94109.0,Northern,23,55984.0,47129.0,37182.0,33342.0,723200.0,60722.0
Monday,13,94109.0,Out of SF,1,55984.0,47129.0,37182.0,33342.0,723200.0,60722.0
Monday,13,94109.0,Tenderloin,3,55984.0,47129.0,37182.0,33342.0,723200.0,60722.0
Monday,13,94110.0,Bayview,14,69333.0,29816.0,28913.0,27128.0,768200.0,82111.0
Monday,13,94110.0,Ingleside,16,69333.0,29816.0,28913.0,27128.0,768200.0,82111.0
Monday,13,94110.0,Mission,87,69333.0,29816.0,28913.0,27128.0,768200.0,82111.0
Monday,13,94110.0,Out of SF,2,69333.0,29816.0,28913.0,27128.0,768200.0,82111.0
Monday,13,94111.0,Central,60,3713.0,10791.0,2811.0,2365.0,882000.0,89722.0
Monday,13,94111.0,Northern,2,3713.0,10791.0,2811.0,2365.0,882000.0,89722.0
Monday,13,94112.0,Ingleside,25,79407.0,23606.0,23081.0,21975.0,602400.0,71625.0
Monday,13,94114.0,Mission,17,31124.0,21837.0,17634.0,16281.0,1000001.0,114689.0
Monday,13,94114.0,Out of SF,1,31124.0,21837.0,17634.0,16281.0,1000001.0,114689.0
Monday,13,94114.0,Park,7,31124.0,21837.0,17634.0,16281.0,1000001.0,114689.0
Monday,13,94115.0,Northern,25,33021.0,29596.0,18884.0,17289.0,965800.0,76952.0
Monday,13,94115.0,Richmond,6,33021.0,29596.0,18884.0,17289.0,965800.0,76952.0
Monday,13,94116.0,Taraval,18,43698.0,16901.0,16283.0,15445.0,734400.0,83407.0
Monday,13,94117.0,Mission,4,39169.0,23211.0,19255.0,17939.0,911500.0,94479.0
Monday,13,94117.0,Northern,11,39169.0,23211.0,19255.0,17939.0,911500.0,94479.0
Monday,13,94117.0,Park,37,39169.0,23211.0,19255.0,17939.0,911500.0,94479.0
Monday,13,94118.0,Park,8,38319.0,19663.0,18633.0,17171.0,1000001.0,82857.0
Monday,13,94118.0,Richmond,34,38319.0,19663.0,18633.0,17171.0,1000001.0,82857.0
Monday,13,94122.0,Park,1,56023.0,23699.0,23633.0,22162.0,774500.0,81768.0
Monday,13,94122.0,Richmond,26,56023.0,23699.0,23633.0,22162.0,774500.0,81768.0
Monday,13,94122.0,Taraval,20,56023.0,23699.0,23633.0,22162.0,774500.0,81768.0
Monday,13,94123.0,Northern,31,23088.0,22622.0,15083.0,13717.0,1000001.0,112650.0
Monday,13,94124.0,Bayview,71,33996.0,6901.0,10812.0,9717.0,470400.0,50146.0
Monday,13,94124.0,Central,1,33996.0,6901.0,10812.0,9717.0,470400.0,50146.0
Monday,13,94127.0,Ingleside,9,19289.0,10895.0,7801.0,7511.0,916900.0,131351.0
Monday,13,94127.0,Taraval,8,19289.0,10895.0,7801.0,7511.0,916900.0,131351.0
Monday,13,94130.0,Southern,2,2880.0,3196.0,786.0,656.0,,37500.0
Monday,13,94131.0,Ingleside,3,26881.0,12926.0,13427.0,12618.0,859700.0,96889.0
Monday,13,94131.0,Mission,7,26881.0,12926.0,13427.0,12618.0,859700.0,96889.0
Monday,13,94131.0,Park,4,26881.0,12926.0,13427.0,12618.0,859700.0,96889.0
Monday,13,94131.0,Taraval,1,26881.0,12926.0,13427.0,12618.0,859700.0,96889.0
Monday,13,94132.0,Southern,1,28129.0,9045.0,10769.0,9993.0,733100.0,69223.0
Monday,13,94132.0,Taraval,28,28129.0,9045.0,10769.0,9993.0,733100.0,69223.0
Monday,13,94134.0,Bayview,14,40798.0,17001.0,11867.0,11244.0,547800.0,56716.0
Monday,13,94134.0,Ingleside,10,40798.0,17001.0,11867.0,11244.0,547800.0,56716.0
Monday,13,94158.0,Bayview,10,4792.0,7288.0,2482.0,2271.0,643900.0,82195.0
Monday,13,94158.0,Out of SF,1,4792.0,7288.0,2482.0,2271.0,643900.0,82195.0
Monday,13,94158.0,Southern,21,4792.0,7288.0,2482.0,2271.0,643900.0,82195.0
Monday,14,94102.0,Mission,30,31176.0,46472.0,18758.0,16844.0,574100.0,22517.0
Monday,14,94102.0,Northern,37,31176.0,46472.0,18758.0,16844.0,574100.0,22517.0
Monday,14,94102.0,Southern,10,31176.0,46472.0,18758.0,16844.0,574100.0,22517.0
Monday,14,94102.0,Tenderloin,34,31176.0,46472.0,18758.0,16844.0,574100.0,22517.0
Monday,14,94103.0,Central,1,27170.0,20036.0,14778.0,13098.0,628000.0,43364.0
Monday,14,94103.0,Ingleside,5,27170.0,20036.0,14778.0,13098.0,628000.0,43364.0
Monday,14,94103.0,Mission,7,27170.0,20036.0,14778.0,13098.0,628000.0,43364.0
Monday,14,94103.0,Out of SF,1,27170.0,20036.0,14778.0,13098.0,628000.0,43364.0
Monday,14,94103.0,Southern,78,27170.0,20036.0,14778.0,13098.0,628000.0,43364.0
Monday,14,94103.0,Tenderloin,87,27170.0,20036.0,14778.0,13098.0,628000.0,43364.0
Monday,14,94104.0,Central,44,406.0,5232.0,368.0,207.0,1000001.0,48750.0
Monday,14,94104.0,Out of SF,1,406.0,5232.0,368.0,207.0,1000001.0,48750.0
Monday,14,94104.0,Southern,1,406.0,5232.0,368.0,207.0,1000001.0,48750.0
Monday,14,94104.0,Tenderloin,6,406.0,5232.0,368.0,207.0,1000001.0,48750.0
Monday,14,94105.0,Central,7,5846.0,15826.0,4601.0,3586.0,740900.0,163949.0
Monday,14,94105.0,Southern,13,5846.0,15826.0,4601.0,3586.0,740900.0,163949.0
Monday,14,94107.0,Bayview,2,26599.0,14845.0,15141.0,13736.0,719700.0,114439.0
Monday,14,94107.0,Southern,1,26599.0,14845.0,15141.0,13736.0,719700.0,114439.0
Monday,14,94108.0,Central,70,13768.0,50983.0,8843.0,7628.0,856900.0,35427.0
Monday,14,94108.0,Out of SF,2,13768.0,50983.0,8843.0,7628.0,856900.0,35427.0
Monday,14,94108.0,Tenderloin,5,13768.0,50983.0,8843.0,7628.0,856900.0,35427.0
Monday,14,94109.0,Central,11,55984.0,47129.0,37182.0,33342.0,723200.0,60722.0
Monday,14,94109.0,Northern,31,55984.0,47129.0,37182.0,33342.0,723200.0,60722.0
Monday,14,94109.0,Richmond,3,55984.0,47129.0,37182.0,33342.0,723200.0,60722.0
Monday,14,94109.0,Tenderloin,3,55984.0,47129.0,37182.0,33342.0,723200.0,60722.0
Monday,14,94110.0,Bayview,12,69333.0,29816.0,28913.0,27128.0,768200.0,82111.0
Monday,14,94110.0,Ingleside,17,69333.0,29816.0,28913.0,27128.0,768200.0,82111.0
Monday,14,94110.0,Mission,111,69333.0,29816.0,28913.0,27128.0,768200.0,82111.0
Monday,14,94110.0,Southern,1,69333.0,29816.0,28913.0,27128.0,768200.0,82111.0
Monday,14,94111.0,Central,52,3713.0,10791.0,2811.0,2365.0,882000.0,89722.0
Monday,14,94112.0,Ingleside,32,79407.0,23606.0,23081.0,21975.0,602400.0,71625.0
Monday,14,94112.0,Out of SF,1,79407.0,23606.0,23081.0,21975.0,602400.0,71625.0
Monday,14,94112.0,Taraval,7,79407.0,23606.0,23081.0,21975.0,602400.0,71625.0
Monday,14,94114.0,Mission,12,31124.0,21837.0,17634.0,16281.0,1000001.0,114689.0
Monday,14,94114.0,Park,5,31124.0,21837.0,17634.0,16281.0,1000001.0,114689.0
Monday,14,94115.0,Northern,16,33021.0,29596.0,18884.0,17289.0,965800.0,76952.0
Monday,14,94115.0,Richmond,8,33021.0,29596.0,18884.0,17289.0,965800.0,76952.0
Monday,14,94115.0,Southern,1,33021.0,29596.0,18884.0,17289.0,965800.0,76952.0
Monday,14,94116.0,Out of SF,2,43698.0,16901.0,16283.0,15445.0,734400.0,83407.0
Monday,14,94116.0,Taraval,17,43698.0,16901.0,16283.0,15445.0,734400.0,83407.0
Monday,14,94117.0,Mission,5,39169.0,23211.0,19255.0,17939.0,911500.0,94479.0
Monday,14,94117.0,Northern,22,39169.0,23211.0,19255.0,17939.0,911500.0,94479.0
Monday,14,94117.0,Park,27,39169.0,23211.0,19255.0,17939.0,911500.0,94479.0
Monday,14,94118.0,Park,9,38319.0,19663.0,18633.0,17171.0,1000001.0,82857.0
Monday,14,94118.0,Richmond,33,38319.0,19663.0,18633.0,17171.0,1000001.0,82857.0
Monday,14,94122.0,Northern,1,56023.0,23699.0,23633.0,22162.0,774500.0,81768.0
Monday,14,94122.0,Richmond,42,56023.0,23699.0,23633.0,22162.0,774500.0,81768.0
Monday,14,94122.0,Taraval,28,56023.0,23699.0,23633.0,22162.0,774500.0,81768.0
Monday,14,94123.0,Northern,29,23088.0,22622.0,15083.0,13717.0,1000001.0,112650.0
Monday,14,94124.0,Bayview,39,33996.0,6901.0,10812.0,9717.0,470400.0,50146.0
Monday,14,94127.0,Ingleside,4,19289.0,10895.0,7801.0,7511.0,916900.0,131351.0
Monday,14,94127.0,Taraval,9,19289.0,10895.0,7801.0,7511.0,916900.0,131351.0
Monday,14,94129.0,Central,1,3183.0,1381.0,1132.0,1086.0,,143320.0
Monday,14,94131.0,Ingleside,5,26881.0,12926.0,13427.0,12618.0,859700.0,96889.0
Monday,14,94131.0,Mission,2,26881.0,12926.0,13427.0,12618.0,859700.0,96889.0
Monday,14,94131.0,Park,3,26881.0,12926.0,13427.0,12618.0,859700.0,96889.0
Monday,14,94132.0,Richmond,2,28129.0,9045.0,10769.0,9993.0,733100.0,69223.0
Monday,14,94132.0,Taraval,22,28129.0,9045.0,10769.0,9993.0,733100.0,69223.0
Monday,14,94134.0,Bayview,29,40798.0,17001.0,11867.0,11244.0,547800.0,56716.0
Monday,14,94134.0,Ingleside,14,40798.0,17001.0,11867.0,11244.0,547800.0,56716.0
Monday,14,94158.0,Bayview,5,4792.0,7288.0,2482.0,2271.0,643900.0,82195.0
Monday,14,94158.0,Mission,3,4792.0,7288.0,2482.0,2271.0,643900.0,82195.0
Monday,14,94158.0,Out of SF,2,4792.0,7288.0,2482.0,2271.0,643900.0,82195.0
Monday,14,94158.0,Southern,18,4792.0,7288.0,2482.0,2271.0,643900.0,82195.0
Monday,15,94102.0,Mission,35,31176.0,46472.0,18758.0,16844.0,574100.0,22517.0
Monday,15,94102.0,Northern,38,31176.0,46472.0,18758.0,16844.0,574100.0,22517.0
Monday,15,94102.0,Southern,12,31176.0,46472.0,18758.0,16844.0,574100.0,22517.0
Monday,15,94102.0,Tenderloin,42,31176.0,46472.0,18758.0,16844.0,574100.0,22517.0
Monday,15,94103.0,Ingleside,1,27170.0,20036.0,14778.0,13098.0,628000.0,43364.0
Monday,15,94103.0,Mission,5,27170.0,20036.0,14778.0,13098.0,628000.0,43364.0
Monday,15,94103.0,Out of SF,9,27170.0,20036.0,14778.0,13098.0,628000.0,43364.0
Monday,15,94103.0,Southern,53,27170.0,20036.0,14778.0,13098.0,628000.0,43364.0
Monday,15,94103.0,Taraval,1,27170.0,20036.0,14778.0,13098.0,628000.0,43364.0
Monday,15,94103.0,Tenderloin,103,27170.0,20036.0,14778.0,13098.0,628000.0,43364.0
Monday,15,94104.0,Central,45,406.0,5232.0,368.0,207.0,1000001.0,48750.0
Monday,15,94104.0,Southern,3,406.0,5232.0,368.0,207.0,1000001.0,48750.0
Monday,15,94104.0,Tenderloin,8,406.0,5232.0,368.0,207.0,1000001.0,48750.0
Monday,15,94105.0,Central,4,5846.0,15826.0,4601.0,3586.0,740900.0,163949.0
Monday,15,94105.0,Southern,12,5846.0,15826.0,4601.0,3586.0,740900.0,163949.0
Monday,15,94107.0,Bayview,5,26599.0,14845.0,15141.0,13736.0,719700.0,114439.0
Monday,15,94107.0,Out of SF,1,26599.0,14845.0,15141.0,13736.0,719700.0,114439.0
Monday,15,94107.0,Southern,1,26599.0,14845.0,15141.0,13736.0,719700.0,114439.0
Monday,15,94108.0,Central,44,13768.0,50983.0,8843.0,7628.0,856900.0,35427.0
Monday,15,94108.0,Tenderloin,9,13768.0,50983.0,8843.0,7628.0,856900.0,35427.0
Monday,15,94109.0,Central,19,55984.0,47129.0,37182.0,33342.0,723200.0,60722.0
Monday,15,94109.0,Northern,46,55984.0,47129.0,37182.0,33342.0,723200.0,60722.0
Monday,15,94109.0,Tenderloin,6,55984.0,47129.0,37182.0,33342.0,723200.0,60722.0
Monday,15,94110.0,Bayview,17,69333.0,29816.0,28913.0,27128.0,768200.0,82111.0
Monday,15,94110.0,Ingleside,23,69333.0,29816.0,28913.0,27128.0,768200.0,82111.0
Monday,15,94110.0,Mission,69,69333.0,29816.0,28913.0,27128.0,768200.0,82111.0
Monday,15,94110.0,Park,1,69333.0,29816.0,28913.0,27128.0,768200.0,82111.0
Monday,15,94111.0,Central,55,3713.0,10791.0,2811.0,2365.0,882000.0,89722.0
Monday,15,94111.0,Northern,4,3713.0,10791.0,2811.0,2365.0,882000.0,89722.0
Monday,15,94112.0,Ingleside,36,79407.0,23606.0,23081.0,21975.0,602400.0,71625.0
Monday,15,94112.0,Taraval,1,79407.0,23606.0,23081.0,21975.0,602400.0,71625.0
Monday,15,94114.0,Mission,13,31124.0,21837.0,17634.0,16281.0,1000001.0,114689.0
Monday,15,94114.0,Park,4,31124.0,21837.0,17634.0,16281.0,1000001.0,114689.0
Monday,15,94115.0,Northern,15,33021.0,29596.0,18884.0,17289.0,965800.0,76952.0
Monday,15,94115.0,Park,4,33021.0,29596.0,18884.0,17289.0,965800.0,76952.0
Monday,15,94115.0,Richmond,5,33021.0,29596.0,18884.0,17289.0,965800.0,76952.0
Monday,15,94116.0,Taraval,12,43698.0,16901.0,16283.0,15445.0,734400.0,83407.0
Monday,15,94117.0,Mission,4,39169.0,23211.0,19255.0,17939.0,911500.0,94479.0
Monday,15,94117.0,Northern,25,39169.0,23211.0,19255.0,17939.0,911500.0,94479.0
Monday,15,94117.0,Park,27,39169.0,23211.0,19255.0,17939.0,911500.0,94479.0
Monday,15,94118.0,Out of SF,3,38319.0,19663.0,18633.0,17171.0,1000001.0,82857.0
Monday,15,94118.0,Park,9,38319.0,19663.0,18633.0,17171.0,1000001.0,82857.0
Monday,15,94118.0,Richmond,49,38319.0,19663.0,18633.0,17171.0,1000001.0,82857.0
Monday,15,94122.0,Out of SF,1,56023.0,23699.0,23633.0,22162.0,774500.0,81768.0
Monday,15,94122.0,Park,4,56023.0,23699.0,23633.0,22162.0,774500.0,81768.0
Monday,15,94122.0,Richmond,37,56023.0,23699.0,23633.0,22162.0,774500.0,81768.0
Monday,15,94122.0,Taraval,37,56023.0,23699.0,23633.0,22162.0,774500.0,81768.0
Monday,15,94123.0,Northern,44,23088.0,22622.0,15083.0,13717.0,1000001.0,112650.0
Monday,15,94124.0,Bayview,44,33996.0,6901.0,10812.0,9717.0,470400.0,50146.0
Monday,15,94127.0,Ingleside,7,19289.0,10895.0,7801.0,7511.0,916900.0,131351.0
Monday,15,94127.0,Taraval,9,19289.0,10895.0,7801.0,7511.0,916900.0,131351.0
Monday,15,94129.0,Northern,1,3183.0,1381.0,1132.0,1086.0,,143320.0
Monday,15,94130.0,Southern,4,2880.0,3196.0,786.0,656.0,,37500.0
Monday,15,94131.0,Ingleside,6,26881.0,12926.0,13427.0,12618.0,859700.0,96889.0
Monday,15,94131.0,Mission,7,26881.0,12926.0,13427.0,12618.0,859700.0,96889.0
Monday,15,94131.0,Northern,1,26881.0,12926.0,13427.0,12618.0,859700.0,96889.0
Monday,15,94131.0,Park,6,26881.0,12926.0,13427.0,12618.0,859700.0,96889.0
Monday,15,94132.0,Out of SF,1,28129.0,9045.0,10769.0,9993.0,733100.0,69223.0
Monday,15,94132.0,Taraval,30,28129.0,9045.0,10769.0,9993.0,733100.0,69223.0
Monday,15,94134.0,Bayview,42,40798.0,17001.0,11867.0,11244.0,547800.0,56716.0
Monday,15,94134.0,Ingleside,12,40798.0,17001.0,11867.0,11244.0,547800.0,56716.0
Monday,15,94134.0,Park,1,40798.0,17001.0,11867.0,11244.0,547800.0,56716.0
Monday,15,94158.0,Bayview,8,4792.0,7288.0,2482.0,2271.0,643900.0,82195.0
Monday,15,94158.0,Mission,2,4792.0,7288.0,2482.0,2271.0,643900.0,82195.0
Monday,15,94158.0,Out of SF,1,4792.0,7288.0,2482.0,2271.0,643900.0,82195.0
Monday,15,94158.0,Southern,12,4792.0,7288.0,2482.0,2271.0,643900.0,82195.0
Monday,16,94102.0,Mission,22,31176.0,46472.0,18758.0,16844.0,574100.0,22517.0
Monday,16,94102.0,Northern,29,31176.0,46472.0,18758.0,16844.0,574100.0,22517.0
Monday,16,94102.0,Park,1,31176.0,46472.0,18758.0,16844.0,574100.0,22517.0
Monday,16,94102.0,Southern,9,31176.0,46472.0,18758.0,16844.0,574100.0,22517.0
Monday,16,94102.0,Tenderloin,42,31176.0,46472.0,18758.0,16844.0,574100.0,22517.0
Monday,16,94103.0,Mission,9,27170.0,20036.0,14778.0,13098.0,628000.0,43364.0
Monday,16,94103.0,Northern,1,27170.0,20036.0,14778.0,13098.0,628000.0,43364.0
Monday,16,94103.0,Out of SF,6,27170.0,20036.0,14778.0,13098.0,628000.0,43364.0
Monday,16,94103.0,Southern,77,27170.0,20036.0,14778.0,13098.0,628000.0,43364.0
Monday,16,94103.0,Tenderloin,73,27170.0,20036.0,14778.0,13098.0,628000.0,43364.0
Monday,16,94104.0,Central,45,406.0,5232.0,368.0,207.0,1000001.0,48750.0
Monday,16,94104.0,Northern,1,406.0,5232.0,368.0,207.0,1000001.0,48750.0
Monday,16,94104.0,Southern,1,406.0,5232.0,368.0,207.0,1000001.0,48750.0
Monday,16,94104.0,Tenderloin,3,406.0,5232.0,368.0,207.0,1000001.0,48750.0
Monday,16,94105.0,Central,6,5846.0,15826.0,4601.0,3586.0,740900.0,163949.0
Monday,16,94105.0,Southern,29,5846.0,15826.0,4601.0,3586.0,740900.0,163949.0
Monday,16,94107.0,Bayview,6,26599.0,14845.0,15141.0,13736.0,719700.0,114439.0
Monday,16,94107.0,Southern,2,26599.0,14845.0,15141.0,13736.0,719700.0,114439.0
Monday,16,94108.0,Central,69,13768.0,50983.0,8843.0,7628.0,856900.0,35427.0
Monday,16,94108.0,Tenderloin,9,13768.0,50983.0,8843.0,7628.0,856900.0,35427.0
Monday,16,94109.0,Central,15,55984.0,47129.0,37182.0,33342.0,723200.0,60722.0
Monday,16,94109.0,Northern,37,55984.0,47129.0,37182.0,33342.0,723200.0,60722.0
Monday,16,94109.0,Tenderloin,4,55984.0,47129.0,37182.0,33342.0,723200.0,60722.0
Monday,16,94110.0,Bayview,19,69333.0,29816.0,28913.0,27128.0,768200.0,82111.0
Monday,16,94110.0,Ingleside,27,69333.0,29816.0,28913.0,27128.0,768200.0,82111.0
Monday,16,94110.0,Mission,77,69333.0,29816.0,28913.0,27128.0,768200.0,82111.0
Monday,16,94110.0,Out of SF,1,69333.0,29816.0,28913.0,27128.0,768200.0,82111.0
Monday,16,94110.0,Tenderloin,2,69333.0,29816.0,28913.0,27128.0,768200.0,82111.0
Monday,16,94111.0,Central,44,3713.0,10791.0,2811.0,2365.0,882000.0,89722.0
Monday,16,94112.0,Ingleside,44,79407.0,23606.0,23081.0,21975.0,602400.0,71625.0
Monday,16,94112.0,Taraval,5,79407.0,23606.0,23081.0,21975.0,602400.0,71625.0
Monday,16,94114.0,Mission,19,31124.0,21837.0,17634.0,16281.0,1000001.0,114689.0
Monday,16,94114.0,Park,2,31124.0,21837.0,17634.0,16281.0,1000001.0,114689.0
Monday,16,94115.0,Northern,21,33021.0,29596.0,18884.0,17289.0,965800.0,76952.0
Monday,16,94115.0,Richmond,14,33021.0,29596.0,18884.0,17289.0,965800.0,76952.0
Monday,16,94116.0,Taraval,34,43698.0,16901.0,16283.0,15445.0,734400.0,83407.0
Monday,16,94117.0,Mission,6,39169.0,23211.0,19255.0,17939.0,911500.0,94479.0
Monday,16,94117.0,Northern,20,39169.0,23211.0,19255.0,17939.0,911500.0,94479.0
Monday,16,94117.0,Park,21,39169.0,23211.0,19255.0,17939.0,911500.0,94479.0
Monday,16,94118.0,Bayview,1,38319.0,19663.0,18633.0,17171.0,1000001.0,82857.0
Monday,16,94118.0,Mission,1,38319.0,19663.0,18633.0,17171.0,1000001.0,82857.0
Monday,16,94118.0,Park,13,38319.0,19663.0,18633.0,17171.0,1000001.0,82857.0
Monday,16,94118.0,Richmond,26,38319.0,19663.0,18633.0,17171.0,1000001.0,82857.0
Monday,16,94122.0,Mission,1,56023.0,23699.0,23633.0,22162.0,774500.0,81768.0
Monday,16,94122.0,Park,2,56023.0,23699.0,23633.0,22162.0,774500.0,81768.0
Monday,16,94122.0,Richmond,37,56023.0,23699.0,23633.0,22162.0,774500.0,81768.0
Monday,16,94122.0,Taraval,25,56023.0,23699.0,23633.0,22162.0,774500.0,81768.0
Monday,16,94123.0,Northern,38,23088.0,22622.0,15083.0,13717.0,1000001.0,112650.0
Monday,16,94124.0,Bayview,40,33996.0,6901.0,10812.0,9717.0,470400.0,50146.0
Monday,16,94124.0,Out of SF,3,33996.0,6901.0,10812.0,9717.0,470400.0,50146.0
Monday,16,94127.0,Ingleside,7,19289.0,10895.0,7801.0,7511.0,916900.0,131351.0
Monday,16,94127.0,Taraval,7,19289.0,10895.0,7801.0,7511.0,916900.0,131351.0
Monday,16,94129.0,Central,1,3183.0,1381.0,1132.0,1086.0,,143320.0
Monday,16,94129.0,Tenderloin,1,3183.0,1381.0,1132.0,1086.0,,143320.0
Monday,16,94130.0,Southern,1,2880.0,3196.0,786.0,656.0,,37500.0
Monday,16,94131.0,Ingleside,6,26881.0,12926.0,13427.0,12618.0,859700.0,96889.0
Monday,16,94131.0,Mission,3,26881.0,12926.0,13427.0,12618.0,859700.0,96889.0
Monday,16,94131.0,Park,7,26881.0,12926.0,13427.0,12618.0,859700.0,96889.0
Monday,16,94131.0,Richmond,2,26881.0,12926.0,13427.0,12618.0,859700.0,96889.0
Monday,16,94132.0,Taraval,20,28129.0,9045.0,10769.0,9993.0,733100.0,69223.0
Monday,16,94134.0,Bayview,16,40798.0,17001.0,11867.0,11244.0,547800.0,56716.0
Monday,16,94134.0,Ingleside,29,40798.0,17001.0,11867.0,11244.0,547800.0,56716.0
Monday,16,94158.0,Bayview,2,4792.0,7288.0,2482.0,2271.0,643900.0,82195.0
Monday,16,94158.0,Mission,4,4792.0,7288.0,2482.0,2271.0,643900.0,82195.0
Monday,16,94158.0,Out of SF,2,4792.0,7288.0,2482.0,2271.0,643900.0,82195.0
Monday,16,94158.0,Southern,16,4792.0,7288.0,2482.0,2271.0,643900.0,82195.0
Monday,17,94102.0,Ingleside,3,31176.0,46472.0,18758.0,16844.0,574100.0,22517.0
Monday,17,94102.0,Mission,19,31176.0,46472.0,18758.0,16844.0,574100.0,22517.0
Monday,17,94102.0,Northern,52,31176.0,46472.0,18758.0,16844.0,574100.0,22517.0
Monday,17,94102.0,Park,1,31176.0,46472.0,18758.0,16844.0,574100.0,22517.0
Monday,17,94102.0,Southern,9,31176.0,46472.0,18758.0,16844.0,574100.0,22517.0
Monday,17,94102.0,Tenderloin,19,31176.0,46472.0,18758.0,16844.0,574100.0,22517.0
Monday,17,94103.0,Central,1,27170.0,20036.0,14778.0,13098.0,628000.0,43364.0
Monday,17,94103.0,Mission,9,27170.0,20036.0,14778.0,13098.0,628000.0,43364.0
Monday,17,94103.0,Northern,2,27170.0,20036.0,14778.0,13098.0,628000.0,43364.0
Monday,17,94103.0,Out of SF,6,27170.0,20036.0,14778.0,13098.0,628000.0,43364.0
Monday,17,94103.0,Southern,62,27170.0,20036.0,14778.0,13098.0,628000.0,43364.0
Monday,17,94103.0,Tenderloin,79,27170.0,20036.0,14778.0,13098.0,628000.0,43364.0
Monday,17,94104.0,Central,53,406.0,5232.0,368.0,207.0,1000001.0,48750.0
Monday,17,94104.0,Southern,2,406.0,5232.0,368.0,207.0,1000001.0,48750.0
Monday,17,94105.0,Central,11,5846.0,15826.0,4601.0,3586.0,740900.0,163949.0
Monday,17,94105.0,Southern,31,5846.0,15826.0,4601.0,3586.0,740900.0,163949.0
Monday,17,94107.0,Bayview,5,26599.0,14845.0,15141.0,13736.0,719700.0,114439.0
Monday,17,94107.0,Southern,1,26599.0,14845.0,15141.0,13736.0,719700.0,114439.0
Monday,17,94108.0,Central,112,13768.0,50983.0,8843.0,7628.0,856900.0,35427.0
Monday,17,94108.0,Tenderloin,4,13768.0,50983.0,8843.0,7628.0,856900.0,35427.0
Monday,17,94109.0,Central,23,55984.0,47129.0,37182.0,33342.0,723200.0,60722.0
Monday,17,94109.0,Northern,35,55984.0,47129.0,37182.0,33342.0,723200.0,60722.0
Monday,17,94109.0,Tenderloin,12,55984.0,47129.0,37182.0,33342.0,723200.0,60722.0
Monday,17,94110.0,Bayview,7,69333.0,29816.0,28913.0,27128.0,768200.0,82111.0
Monday,17,94110.0,Ingleside,18,69333.0,29816.0,28913.0,27128.0,768200.0,82111.0
Monday,17,94110.0,Mission,63,69333.0,29816.0,28913.0,27128.0,768200.0,82111.0
Monday,17,94110.0,Southern,1,69333.0,29816.0,28913.0,27128.0,768200.0,82111.0
Monday,17,94111.0,Central,58,3713.0,10791.0,2811.0,2365.0,882000.0,89722.0
Monday,17,94112.0,Ingleside,34,79407.0,23606.0,23081.0,21975.0,602400.0,71625.0
Monday,17,94112.0,Taraval,1,79407.0,23606.0,23081.0,21975.0,602400.0,71625.0
Monday,17,94114.0,Mission,24,31124.0,21837.0,17634.0,16281.0,1000001.0,114689.0
Monday,17,94114.0,Northern,1,31124.0,21837.0,17634.0,16281.0,1000001.0,114689.0
Monday,17,94114.0,Park,6,31124.0,21837.0,17634.0,16281.0,1000001.0,114689.0
Monday,17,94115.0,Northern,19,33021.0,29596.0,18884.0,17289.0,965800.0,76952.0
Monday,17,94115.0,Richmond,7,33021.0,29596.0,18884.0,17289.0,965800.0,76952.0
Monday,17,94116.0,Taraval,22,43698.0,16901.0,16283.0,15445.0,734400.0,83407.0
Monday,17,94117.0,Mission,8,39169.0,23211.0,19255.0,17939.0,911500.0,94479.0
Monday,17,94117.0,Northern,13,39169.0,23211.0,19255.0,17939.0,911500.0,94479.0
Monday,17,94117.0,Park,51,39169.0,23211.0,19255.0,17939.0,911500.0,94479.0
Monday,17,94118.0,Central,1,38319.0,19663.0,18633.0,17171.0,1000001.0,82857.0
Monday,17,94118.0,Out of SF,2,38319.0,19663.0,18633.0,17171.0,1000001.0,82857.0
Monday,17,94118.0,Park,5,38319.0,19663.0,18633.0,17171.0,1000001.0,82857.0
Monday,17,94118.0,Richmond,40,38319.0,19663.0,18633.0,17171.0,1000001.0,82857.0
Monday,17,94122.0,Park,3,56023.0,23699.0,23633.0,22162.0,774500.0,81768.0
Monday,17,94122.0,Richmond,30,56023.0,23699.0,23633.0,22162.0,774500.0,81768.0
Monday,17,94122.0,Taraval,26,56023.0,23699.0,23633.0,22162.0,774500.0,81768.0
Monday,17,94123.0,Northern,39,23088.0,22622.0,15083.0,13717.0,1000001.0,112650.0
Monday,17,94124.0,Bayview,42,33996.0,6901.0,10812.0,9717.0,470400.0,50146.0
Monday,17,94127.0,Ingleside,9,19289.0,10895.0,7801.0,7511.0,916900.0,131351.0
Monday,17,94127.0,Park,1,19289.0,10895.0,7801.0,7511.0,916900.0,131351.0
Monday,17,94127.0,Taraval,19,19289.0,10895.0,7801.0,7511.0,916900.0,131351.0
Monday,17,94129.0,Central,1,3183.0,1381.0,1132.0,1086.0,,143320.0
Monday,17,94129.0,Richmond,1,3183.0,1381.0,1132.0,1086.0,,143320.0
Monday,17,94130.0,Southern,3,2880.0,3196.0,786.0,656.0,,37500.0
Monday,17,94131.0,Ingleside,6,26881.0,12926.0,13427.0,12618.0,859700.0,96889.0
Monday,17,94131.0,Mission,4,26881.0,12926.0,13427.0,12618.0,859700.0,96889.0
Monday,17,94131.0,Park,9,26881.0,12926.0,13427.0,12618.0,859700.0,96889.0
Monday,17,94131.0,Taraval,1,26881.0,12926.0,13427.0,12618.0,859700.0,96889.0
Monday,17,94132.0,Taraval,18,28129.0,9045.0,10769.0,9993.0,733100.0,69223.0
Monday,17,94134.0,Bayview,36,40798.0,17001.0,11867.0,11244.0,547800.0,56716.0
Monday,17,94134.0,Ingleside,18,40798.0,17001.0,11867.0,11244.0,547800.0,56716.0
Monday,17,94134.0,Tenderloin,1,40798.0,17001.0,11867.0,11244.0,547800.0,56716.0
Monday,17,94158.0,Bayview,19,4792.0,7288.0,2482.0,2271.0,643900.0,82195.0
Monday,17,94158.0,Mission,2,4792.0,7288.0,2482.0,2271.0,643900.0,82195.0
Monday,17,94158.0,Out of SF,2,4792.0,7288.0,2482.0,2271.0,643900.0,82195.0
Monday,17,94158.0,Southern,21,4792.0,7288.0,2482.0,2271.0,643900.0,82195.0
Monday,18,94102.0,Ingleside,1,31176.0,46472.0,18758.0,16844.0,574100.0,22517.0
Monday,18,94102.0,Mission,33,31176.0,46472.0,18758.0,16844.0,574100.0,22517.0
Monday,18,94102.0,Northern,58,31176.0,46472.0,18758.0,16844.0,574100.0,22517.0
Monday,18,94102.0,Out of SF,2,31176.0,46472.0,18758.0,16844.0,574100.0,22517.0
Monday,18,94102.0,Park,1,31176.0,46472.0,18758.0,16844.0,574100.0,22517.0
Monday,18,94102.0,Southern,13,31176.0,46472.0,18758.0,16844.0,574100.0,22517.0
Monday,18,94102.0,Taraval,1,31176.0,46472.0,18758.0,16844.0,574100.0,22517.0
Monday,18,94102.0,Tenderloin,37,31176.0,46472.0,18758.0,16844.0,574100.0,22517.0
Monday,18,94103.0,Central,1,27170.0,20036.0,14778.0,13098.0,628000.0,43364.0
Monday,18,94103.0,Mission,13,27170.0,20036.0,14778.0,13098.0,628000.0,43364.0
Monday,18,94103.0,Out of SF,2,27170.0,20036.0,14778.0,13098.0,628000.0,43364.0
Monday,18,94103.0,Southern,35,27170.0,20036.0,14778.0,13098.0,628000.0,43364.0
Monday,18,94103.0,Tenderloin,67,27170.0,20036.0,14778.0,13098.0,628000.0,43364.0
Monday,18,94104.0,Central,30,406.0,5232.0,368.0,207.0,1000001.0,48750.0
Monday,18,94104.0,Southern,3,406.0,5232.0,368.0,207.0,1000001.0,48750.0
Monday,18,94105.0,Central,10,5846.0,15826.0,4601.0,3586.0,740900.0,163949.0
Monday,18,94105.0,Southern,42,5846.0,15826.0,4601.0,3586.0,740900.0,163949.0
Monday,18,94107.0,Bayview,9,26599.0,14845.0,15141.0,13736.0,719700.0,114439.0
Monday,18,94107.0,Southern,2,26599.0,14845.0,15141.0,13736.0,719700.0,114439.0
Monday,18,94108.0,Central,81,13768.0,50983.0,8843.0,7628.0,856900.0,35427.0
Monday,18,94108.0,Northern,1,13768.0,50983.0,8843.0,7628.0,856900.0,35427.0
Monday,18,94108.0,Tenderloin,5,13768.0,50983.0,8843.0,7628.0,856900.0,35427.0
Monday,18,94109.0,Central,23,55984.0,47129.0,37182.0,33342.0,723200.0,60722.0
Monday,18,94109.0,Northern,36,55984.0,47129.0,37182.0,33342.0,723200.0,60722.0
Monday,18,94109.0,Tenderloin,2,55984.0,47129.0,37182.0,33342.0,723200.0,60722.0
Monday,18,94110.0,Bayview,5,69333.0,29816.0,28913.0,27128.0,768200.0,82111.0
Monday,18,94110.0,Ingleside,16,69333.0,29816.0,28913.0,27128.0,768200.0,82111.0
Monday,18,94110.0,Mission,99,69333.0,29816.0,28913.0,27128.0,768200.0,82111.0
Monday,18,94110.0,Taraval,1,69333.0,29816.0,28913.0,27128.0,768200.0,82111.0
Monday,18,94111.0,Central,59,3713.0,10791.0,2811.0,2365.0,882000.0,89722.0
Monday,18,94112.0,Ingleside,47,79407.0,23606.0,23081.0,21975.0,602400.0,71625.0
Monday,18,94112.0,Park,1,79407.0,23606.0,23081.0,21975.0,602400.0,71625.0
Monday,18,94112.0,Taraval,6,79407.0,23606.0,23081.0,21975.0,602400.0,71625.0
Monday,18,94114.0,Mission,19,31124.0,21837.0,17634.0,16281.0,1000001.0,114689.0
Monday,18,94114.0,Park,5,31124.0,21837.0,17634.0,16281.0,1000001.0,114689.0
Monday,18,94115.0,Northern,28,33021.0,29596.0,18884.0,17289.0,965800.0,76952.0
Monday,18,94115.0,Park,3,33021.0,29596.0,18884.0,17289.0,965800.0,76952.0
Monday,18,94115.0,Richmond,5,33021.0,29596.0,18884.0,17289.0,965800.0,76952.0
Monday,18,94116.0,Out of SF,1,43698.0,16901.0,16283.0,15445.0,734400.0,83407.0
Monday,18,94116.0,Taraval,19,43698.0,16901.0,16283.0,15445.0,734400.0,83407.0
Monday,18,94117.0,Mission,9,39169.0,23211.0,19255.0,17939.0,911500.0,94479.0
Monday,18,94117.0,Northern,8,39169.0,23211.0,19255.0,17939.0,911500.0,94479.0
Monday,18,94117.0,Park,39,39169.0,23211.0,19255.0,17939.0,911500.0,94479.0
Monday,18,94117.0,Southern,1,39169.0,23211.0,19255.0,17939.0,911500.0,94479.0
Monday,18,94118.0,Central,1,38319.0,19663.0,18633.0,17171.0,1000001.0,82857.0
Monday,18,94118.0,Out of SF,1,38319.0,19663.0,18633.0,17171.0,1000001.0,82857.0
Monday,18,94118.0,Park,4,38319.0,19663.0,18633.0,17171.0,1000001.0,82857.0
Monday,18,94118.0,Richmond,43,38319.0,19663.0,18633.0,17171.0,1000001.0,82857.0
Monday,18,94118.0,Taraval,1,38319.0,19663.0,18633.0,17171.0,1000001.0,82857.0
Monday,18,94122.0,Park,4,56023.0,23699.0,23633.0,22162.0,774500.0,81768.0
Monday,18,94122.0,Richmond,38,56023.0,23699.0,23633.0,22162.0,774500.0,81768.0
Monday,18,94122.0,Taraval,22,56023.0,23699.0,23633.0,22162.0,774500.0,81768.0
Monday,18,94123.0,Central,1,23088.0,22622.0,15083.0,13717.0,1000001.0,112650.0
Monday,18,94123.0,Northern,46,23088.0,22622.0,15083.0,13717.0,1000001.0,112650.0
Monday,18,94123.0,Richmond,1,23088.0,22622.0,15083.0,13717.0,1000001.0,112650.0
Monday,18,94124.0,Bayview,49,33996.0,6901.0,10812.0,9717.0,470400.0,50146.0
Monday,18,94124.0,Central,1,33996.0,6901.0,10812.0,9717.0,470400.0,50146.0
Monday,18,94127.0,Ingleside,10,19289.0,10895.0,7801.0,7511.0,916900.0,131351.0
Monday,18,94127.0,Taraval,15,19289.0,10895.0,7801.0,7511.0,916900.0,131351.0
Monday,18,94129.0,Central,2,3183.0,1381.0,1132.0,1086.0,,143320.0
Monday,18,94129.0,Northern,3,3183.0,1381.0,1132.0,1086.0,,143320.0
Monday,18,94130.0,Southern,3,2880.0,3196.0,786.0,656.0,,37500.0
Monday,18,94131.0,Ingleside,14,26881.0,12926.0,13427.0,12618.0,859700.0,96889.0
Monday,18,94131.0,Mission,6,26881.0,12926.0,13427.0,12618.0,859700.0,96889.0
Monday,18,94131.0,Park,9,26881.0,12926.0,13427.0,12618.0,859700.0,96889.0
Monday,18,94132.0,Taraval,20,28129.0,9045.0,10769.0,9993.0,733100.0,69223.0
Monday,18,94134.0,Bayview,28,40798.0,17001.0,11867.0,11244.0,547800.0,56716.0
Monday,18,94134.0,Ingleside,20,40798.0,17001.0,11867.0,11244.0,547800.0,56716.0
Monday,18,94134.0,Out of SF,1,40798.0,17001.0,11867.0,11244.0,547800.0,56716.0
Monday,18,94158.0,Bayview,10,4792.0,7288.0,2482.0,2271.0,643900.0,82195.0
Monday,18,94158.0,Mission,8,4792.0,7288.0,2482.0,2271.0,643900.0,82195.0
Monday,18,94158.0,Out of SF,2,4792.0,7288.0,2482.0,2271.0,643900.0,82195.0
Monday,18,94158.0,Southern,24,4792.0,7288.0,2482.0,2271.0,643900.0,82195.0
Monday,19,94102.0,Mission,35,31176.0,46472.0,18758.0,16844.0,574100.0,22517.0
Monday,19,94102.0,Northern,52,31176.0,46472.0,18758.0,16844.0,574100.0,22517.0
Monday,19,94102.0,Out of SF,1,31176.0,46472.0,18758.0,16844.0,574100.0,22517.0
Monday,19,94102.0,Park,4,31176.0,46472.0,18758.0,16844.0,574100.0,22517.0
Monday,19,94102.0,Southern,11,31176.0,46472.0,18758.0,16844.0,574100.0,22517.0
Monday,19,94102.0,Tenderloin,23,31176.0,46472.0,18758.0,16844.0,574100.0,22517.0
Monday,19,94103.0,Mission,4,27170.0,20036.0,14778.0,13098.0,628000.0,43364.0
Monday,19,94103.0,Out of SF,3,27170.0,20036.0,14778.0,13098.0,628000.0,43364.0
Monday,19,94103.0,Southern,53,27170.0,20036.0,14778.0,13098.0,628000.0,43364.0
Monday,19,94103.0,Tenderloin,67,27170.0,20036.0,14778.0,13098.0,628000.0,43364.0
Monday,19,94104.0,Central,50,406.0,5232.0,368.0,207.0,1000001.0,48750.0
Monday,19,94104.0,Southern,1,406.0,5232.0,368.0,207.0,1000001.0,48750.0
Monday,19,94104.0,Tenderloin,5,406.0,5232.0,368.0,207.0,1000001.0,48750.0
Monday,19,94105.0,Central,12,5846.0,15826.0,4601.0,3586.0,740900.0,163949.0
Monday,19,94105.0,Out of SF,1,5846.0,15826.0,4601.0,3586.0,740900.0,163949.0
Monday,19,94105.0,Southern,26,5846.0,15826.0,4601.0,3586.0,740900.0,163949.0
Monday,19,94107.0,Bayview,9,26599.0,14845.0,15141.0,13736.0,719700.0,114439.0
Monday,19,94107.0,Southern,3,26599.0,14845.0,15141.0,13736.0,719700.0,114439.0
Monday,19,94108.0,Central,74,13768.0,50983.0,8843.0,7628.0,856900.0,35427.0
Monday,19,94108.0,Out of SF,2,13768.0,50983.0,8843.0,7628.0,856900.0,35427.0
Monday,19,94108.0,Tenderloin,9,13768.0,50983.0,8843.0,7628.0,856900.0,35427.0
Monday,19,94109.0,Central,12,55984.0,47129.0,37182.0,33342.0,723200.0,60722.0
Monday,19,94109.0,Northern,46,55984.0,47129.0,37182.0,33342.0,723200.0,60722.0
Monday,19,94109.0,Tenderloin,5,55984.0,47129.0,37182.0,33342.0,723200.0,60722.0
Monday,19,94110.0,Bayview,7,69333.0,29816.0,28913.0,27128.0,768200.0,82111.0
Monday,19,94110.0,Ingleside,26,69333.0,29816.0,28913.0,27128.0,768200.0,82111.0
Monday,19,94110.0,Mission,92,69333.0,29816.0,28913.0,27128.0,768200.0,82111.0
Monday,19,94110.0,Out of SF,2,69333.0,29816.0,28913.0,27128.0,768200.0,82111.0
Monday,19,94110.0,Tenderloin,1,69333.0,29816.0,28913.0,27128.0,768200.0,82111.0
Monday,19,94111.0,Central,56,3713.0,10791.0,2811.0,2365.0,882000.0,89722.0
Monday,19,94112.0,Ingleside,24,79407.0,23606.0,23081.0,21975.0,602400.0,71625.0
Monday,19,94112.0,Taraval,2,79407.0,23606.0,23081.0,21975.0,602400.0,71625.0
Monday,19,94114.0,Mission,21,31124.0,21837.0,17634.0,16281.0,1000001.0,114689.0
Monday,19,94114.0,Park,9,31124.0,21837.0,17634.0,16281.0,1000001.0,114689.0
Monday,19,94114.0,Taraval,1,31124.0,21837.0,17634.0,16281.0,1000001.0,114689.0
Monday,19,94115.0,Northern,39,33021.0,29596.0,18884.0,17289.0,965800.0,76952.0
Monday,19,94115.0,Richmond,14,33021.0,29596.0,18884.0,17289.0,965800.0,76952.0
Monday,19,94116.0,Taraval,30,43698.0,16901.0,16283.0,15445.0,734400.0,83407.0
Monday,19,94117.0,Mission,5,39169.0,23211.0,19255.0,17939.0,911500.0,94479.0
Monday,19,94117.0,Northern,15,39169.0,23211.0,19255.0,17939.0,911500.0,94479.0
Monday,19,94117.0,Out of SF,1,39169.0,23211.0,19255.0,17939.0,911500.0,94479.0
Monday,19,94117.0,Park,30,39169.0,23211.0,19255.0,17939.0,911500.0,94479.0
Monday,19,94118.0,Park,8,38319.0,19663.0,18633.0,17171.0,1000001.0,82857.0
Monday,19,94118.0,Richmond,38,38319.0,19663.0,18633.0,17171.0,1000001.0,82857.0
Monday,19,94122.0,Richmond,34,56023.0,23699.0,23633.0,22162.0,774500.0,81768.0
Monday,19,94122.0,Taraval,40,56023.0,23699.0,23633.0,22162.0,774500.0,81768.0
Monday,19,94123.0,Central,1,23088.0,22622.0,15083.0,13717.0,1000001.0,112650.0
Monday,19,94123.0,Northern,36,23088.0,22622.0,15083.0,13717.0,1000001.0,112650.0
Monday,19,94124.0,Bayview,46,33996.0,6901.0,10812.0,9717.0,470400.0,50146.0
Monday,19,94124.0,Out of SF,2,33996.0,6901.0,10812.0,9717.0,470400.0,50146.0
Monday,19,94127.0,Ingleside,6,19289.0,10895.0,7801.0,7511.0,916900.0,131351.0
Monday,19,94127.0,Taraval,10,19289.0,10895.0,7801.0,7511.0,916900.0,131351.0
Monday,19,94129.0,Central,1,3183.0,1381.0,1132.0,1086.0,,143320.0
Monday,19,94129.0,Northern,1,3183.0,1381.0,1132.0,1086.0,,143320.0
Monday,19,94130.0,Southern,3,2880.0,3196.0,786.0,656.0,,37500.0
Monday,19,94131.0,Ingleside,4,26881.0,12926.0,13427.0,12618.0,859700.0,96889.0
Monday,19,94131.0,Mission,2,26881.0,12926.0,13427.0,12618.0,859700.0,96889.0
Monday,19,94131.0,Park,5,26881.0,12926.0,13427.0,12618.0,859700.0,96889.0
Monday,19,94132.0,Taraval,27,28129.0,9045.0,10769.0,9993.0,733100.0,69223.0
Monday,19,94134.0,Bayview,14,40798.0,17001.0,11867.0,11244.0,547800.0,56716.0
Monday,19,94134.0,Ingleside,13,40798.0,17001.0,11867.0,11244.0,547800.0,56716.0
Monday,19,94158.0,Bayview,9,4792.0,7288.0,2482.0,2271.0,643900.0,82195.0
Monday,19,94158.0,Mission,3,4792.0,7288.0,2482.0,2271.0,643900.0,82195.0
Monday,19,94158.0,Southern,33,4792.0,7288.0,2482.0,2271.0,643900.0,82195.0
Monday,20,94102.0,Mission,16,31176.0,46472.0,18758.0,16844.0,574100.0,22517.0
Monday,20,94102.0,Northern,47,31176.0,46472.0,18758.0,16844.0,574100.0,22517.0
Monday,20,94102.0,Out of SF,2,31176.0,46472.0,18758.0,16844.0,574100.0,22517.0
Monday,20,94102.0,Southern,10,31176.0,46472.0,18758.0,16844.0,574100.0,22517.0
Monday,20,94102.0,Tenderloin,23,31176.0,46472.0,18758.0,16844.0,574100.0,22517.0
Monday,20,94103.0,Ingleside,1,27170.0,20036.0,14778.0,13098.0,628000.0,43364.0
Monday,20,94103.0,Mission,7,27170.0,20036.0,14778.0,13098.0,628000.0,43364.0
Monday,20,94103.0,Out of SF,2,27170.0,20036.0,14778.0,13098.0,628000.0,43364.0
Monday,20,94103.0,Richmond,1,27170.0,20036.0,14778.0,13098.0,628000.0,43364.0
Monday,20,94103.0,Southern,69,27170.0,20036.0,14778.0,13098.0,628000.0,43364.0
Monday,20,94103.0,Tenderloin,46,27170.0,20036.0,14778.0,13098.0,628000.0,43364.0
Monday,20,94104.0,Central,36,406.0,5232.0,368.0,207.0,1000001.0,48750.0
Monday,20,94104.0,Southern,1,406.0,5232.0,368.0,207.0,1000001.0,48750.0
Monday,20,94104.0,Tenderloin,7,406.0,5232.0,368.0,207.0,1000001.0,48750.0
Monday,20,94105.0,Central,8,5846.0,15826.0,4601.0,3586.0,740900.0,163949.0
Monday,20,94105.0,Northern,1,5846.0,15826.0,4601.0,3586.0,740900.0,163949.0
Monday,20,94105.0,Southern,36,5846.0,15826.0,4601.0,3586.0,740900.0,163949.0
Monday,20,94107.0,Bayview,7,26599.0,14845.0,15141.0,13736.0,719700.0,114439.0
Monday,20,94107.0,Southern,1,26599.0,14845.0,15141.0,13736.0,719700.0,114439.0
Monday,20,94108.0,Central,69,13768.0,50983.0,8843.0,7628.0,856900.0,35427.0
Monday,20,94108.0,Out of SF,1,13768.0,50983.0,8843.0,7628.0,856900.0,35427.0
Monday,20,94108.0,Tenderloin,3,13768.0,50983.0,8843.0,7628.0,856900.0,35427.0
Monday,20,94109.0,Central,18,55984.0,47129.0,37182.0,33342.0,723200.0,60722.0
Monday,20,94109.0,Northern,48,55984.0,47129.0,37182.0,33342.0,723200.0,60722.0
Monday,20,94109.0,Tenderloin,4,55984.0,47129.0,37182.0,33342.0,723200.0,60722.0
Monday,20,94110.0,Bayview,9,69333.0,29816.0,28913.0,27128.0,768200.0,82111.0
Monday,20,94110.0,Ingleside,8,69333.0,29816.0,28913.0,27128.0,768200.0,82111.0
Monday,20,94110.0,Mission,70,69333.0,29816.0,28913.0,27128.0,768200.0,82111.0
Monday,20,94111.0,Central,52,3713.0,10791.0,2811.0,2365.0,882000.0,89722.0
Monday,20,94111.0,Northern,1,3713.0,10791.0,2811.0,2365.0,882000.0,89722.0
Monday,20,94112.0,Ingleside,21,79407.0,23606.0,23081.0,21975.0,602400.0,71625.0
Monday,20,94112.0,Taraval,2,79407.0,23606.0,23081.0,21975.0,602400.0,71625.0
Monday,20,94114.0,Mission,17,31124.0,21837.0,17634.0,16281.0,1000001.0,114689.0
Monday,20,94114.0,Park,2,31124.0,21837.0,17634.0,16281.0,1000001.0,114689.0
Monday,20,94115.0,Northern,30,33021.0,29596.0,18884.0,17289.0,965800.0,76952.0
Monday,20,94115.0,Richmond,10,33021.0,29596.0,18884.0,17289.0,965800.0,76952.0
Monday,20,94116.0,Out of SF,3,43698.0,16901.0,16283.0,15445.0,734400.0,83407.0
Monday,20,94116.0,Taraval,22,43698.0,16901.0,16283.0,15445.0,734400.0,83407.0
Monday,20,94117.0,Mission,4,39169.0,23211.0,19255.0,17939.0,911500.0,94479.0
Monday,20,94117.0,Northern,7,39169.0,23211.0,19255.0,17939.0,911500.0,94479.0
Monday,20,94117.0,Park,26,39169.0,23211.0,19255.0,17939.0,911500.0,94479.0
Monday,20,94118.0,Park,9,38319.0,19663.0,18633.0,17171.0,1000001.0,82857.0
Monday,20,94118.0,Richmond,50,38319.0,19663.0,18633.0,17171.0,1000001.0,82857.0
Monday,20,94122.0,Richmond,23,56023.0,23699.0,23633.0,22162.0,774500.0,81768.0
Monday,20,94122.0,Taraval,25,56023.0,23699.0,23633.0,22162.0,774500.0,81768.0
Monday,20,94123.0,Central,3,23088.0,22622.0,15083.0,13717.0,1000001.0,112650.0
Monday,20,94123.0,Northern,24,23088.0,22622.0,15083.0,13717.0,1000001.0,112650.0
Monday,20,94124.0,Bayview,37,33996.0,6901.0,10812.0,9717.0,470400.0,50146.0
Monday,20,94127.0,Ingleside,1,19289.0,10895.0,7801.0,7511.0,916900.0,131351.0
Monday,20,94127.0,Taraval,6,19289.0,10895.0,7801.0,7511.0,916900.0,131351.0
Monday,20,94129.0,Central,1,3183.0,1381.0,1132.0,1086.0,,143320.0
Monday,20,94131.0,Ingleside,8,26881.0,12926.0,13427.0,12618.0,859700.0,96889.0
Monday,20,94131.0,Park,10,26881.0,12926.0,13427.0,12618.0,859700.0,96889.0
Monday,20,94132.0,Taraval,15,28129.0,9045.0,10769.0,9993.0,733100.0,69223.0
Monday,20,94134.0,Bayview,19,40798.0,17001.0,11867.0,11244.0,547800.0,56716.0
Monday,20,94134.0,Ingleside,20,40798.0,17001.0,11867.0,11244.0,547800.0,56716.0
Monday,20,94158.0,Bayview,2,4792.0,7288.0,2482.0,2271.0,643900.0,82195.0
Monday,20,94158.0,Mission,4,4792.0,7288.0,2482.0,2271.0,643900.0,82195.0
Monday,20,94158.0,Out of SF,1,4792.0,7288.0,2482.0,2271.0,643900.0,82195.0
Monday,20,94158.0,Southern,30,4792.0,7288.0,2482.0,2271.0,643900.0,82195.0
Monday,21,94102.0,Mission,15,31176.0,46472.0,18758.0,16844.0,574100.0,22517.0
Monday,21,94102.0,Northern,50,31176.0,46472.0,18758.0,16844.0,574100.0,22517.0
Monday,21,94102.0,Southern,9,31176.0,46472.0,18758.0,16844.0,574100.0,22517.0
Monday,21,94102.0,Tenderloin,17,31176.0,46472.0,18758.0,16844.0,574100.0,22517.0
Monday,21,94103.0,Mission,4,27170.0,20036.0,14778.0,13098.0,628000.0,43364.0
Monday,21,94103.0,Out of SF,5,27170.0,20036.0,14778.0,13098.0,628000.0,43364.0
Monday,21,94103.0,Southern,47,27170.0,20036.0,14778.0,13098.0,628000.0,43364.0
Monday,21,94103.0,Tenderloin,42,27170.0,20036.0,14778.0,13098.0,628000.0,43364.0
Monday,21,94104.0,Central,46,406.0,5232.0,368.0,207.0,1000001.0,48750.0
Monday,21,94104.0,Southern,5,406.0,5232.0,368.0,207.0,1000001.0,48750.0
Monday,21,94104.0,Tenderloin,4,406.0,5232.0,368.0,207.0,1000001.0,48750.0
Monday,21,94105.0,Central,4,5846.0,15826.0,4601.0,3586.0,740900.0,163949.0
Monday,21,94105.0,Southern,14,5846.0,15826.0,4601.0,3586.0,740900.0,163949.0
Monday,21,94107.0,Bayview,7,26599.0,14845.0,15141.0,13736.0,719700.0,114439.0
Monday,21,94107.0,Southern,3,26599.0,14845.0,15141.0,13736.0,719700.0,114439.0
Monday,21,94108.0,Central,42,13768.0,50983.0,8843.0,7628.0,856900.0,35427.0
Monday,21,94108.0,Out of SF,2,13768.0,50983.0,8843.0,7628.0,856900.0,35427.0
Monday,21,94108.0,Tenderloin,17,13768.0,50983.0,8843.0,7628.0,856900.0,35427.0
Monday,21,94109.0,Central,15,55984.0,47129.0,37182.0,33342.0,723200.0,60722.0
Monday,21,94109.0,Northern,34,55984.0,47129.0,37182.0,33342.0,723200.0,60722.0
Monday,21,94109.0,Tenderloin,8,55984.0,47129.0,37182.0,33342.0,723200.0,60722.0
Monday,21,94110.0,Bayview,10,69333.0,29816.0,28913.0,27128.0,768200.0,82111.0
Monday,21,94110.0,Ingleside,15,69333.0,29816.0,28913.0,27128.0,768200.0,82111.0
Monday,21,94110.0,Mission,61,69333.0,29816.0,28913.0,27128.0,768200.0,82111.0
Monday,21,94110.0,Out of SF,1,69333.0,29816.0,28913.0,27128.0,768200.0,82111.0
Monday,21,94111.0,Central,45,3713.0,10791.0,2811.0,2365.0,882000.0,89722.0
Monday,21,94112.0,Ingleside,18,79407.0,23606.0,23081.0,21975.0,602400.0,71625.0
Monday,21,94112.0,Taraval,1,79407.0,23606.0,23081.0,21975.0,602400.0,71625.0
Monday,21,94114.0,Mission,16,31124.0,21837.0,17634.0,16281.0,1000001.0,114689.0
Monday,21,94114.0,Park,5,31124.0,21837.0,17634.0,16281.0,1000001.0,114689.0
Monday,21,94115.0,Northern,20,33021.0,29596.0,18884.0,17289.0,965800.0,76952.0
Monday,21,94115.0,Park,1,33021.0,29596.0,18884.0,17289.0,965800.0,76952.0
Monday,21,94115.0,Richmond,5,33021.0,29596.0,18884.0,17289.0,965800.0,76952.0
Monday,21,94116.0,Taraval,24,43698.0,16901.0,16283.0,15445.0,734400.0,83407.0
Monday,21,94117.0,Mission,7,39169.0,23211.0,19255.0,17939.0,911500.0,94479.0
Monday,21,94117.0,Northern,7,39169.0,23211.0,19255.0,17939.0,911500.0,94479.0
Monday,21,94117.0,Park,13,39169.0,23211.0,19255.0,17939.0,911500.0,94479.0
Monday,21,94118.0,Park,3,38319.0,19663.0,18633.0,17171.0,1000001.0,82857.0
Monday,21,94118.0,Richmond,38,38319.0,19663.0,18633.0,17171.0,1000001.0,82857.0
Monday,21,94122.0,Park,1,56023.0,23699.0,23633.0,22162.0,774500.0,81768.0
Monday,21,94122.0,Richmond,10,56023.0,23699.0,23633.0,22162.0,774500.0,81768.0
Monday,21,94122.0,Taraval,20,56023.0,23699.0,23633.0,22162.0,774500.0,81768.0
Monday,21,94123.0,Northern,25,23088.0,22622.0,15083.0,13717.0,1000001.0,112650.0
Monday,21,94124.0,Bayview,28,33996.0,6901.0,10812.0,9717.0,470400.0,50146.0
Monday,21,94127.0,Ingleside,9,19289.0,10895.0,7801.0,7511.0,916900.0,131351.0
Monday,21,94127.0,Taraval,4,19289.0,10895.0,7801.0,7511.0,916900.0,131351.0
Monday,21,94130.0,Southern,1,2880.0,3196.0,786.0,656.0,,37500.0
Monday,21,94131.0,Ingleside,6,26881.0,12926.0,13427.0,12618.0,859700.0,96889.0
Monday,21,94131.0,Mission,1,26881.0,12926.0,13427.0,12618.0,859700.0,96889.0
Monday,21,94131.0,Park,7,26881.0,12926.0,13427.0,12618.0,859700.0,96889.0
Monday,21,94132.0,Taraval,15,28129.0,9045.0,10769.0,9993.0,733100.0,69223.0
Monday,21,94134.0,Bayview,18,40798.0,17001.0,11867.0,11244.0,547800.0,56716.0
Monday,21,94134.0,Ingleside,14,40798.0,17001.0,11867.0,11244.0,547800.0,56716.0
Monday,21,94158.0,Bayview,9,4792.0,7288.0,2482.0,2271.0,643900.0,82195.0
Monday,21,94158.0,Mission,2,4792.0,7288.0,2482.0,2271.0,643900.0,82195.0
Monday,21,94158.0,Out of SF,1,4792.0,7288.0,2482.0,2271.0,643900.0,82195.0
Monday,21,94158.0,Southern,29,4792.0,7288.0,2482.0,2271.0,643900.0,82195.0
Monday,22,94102.0,Bayview,1,31176.0,46472.0,18758.0,16844.0,574100.0,22517.0
Monday,22,94102.0,Mission,21,31176.0,46472.0,18758.0,16844.0,574100.0,22517.0
Monday,22,94102.0,Northern,54,31176.0,46472.0,18758.0,16844.0,574100.0,22517.0
Monday,22,94102.0,Southern,6,31176.0,46472.0,18758.0,16844.0,574100.0,22517.0
Monday,22,94102.0,Tenderloin,29,31176.0,46472.0,18758.0,16844.0,574100.0,22517.0
Monday,22,94103.0,Mission,2,27170.0,20036.0,14778.0,13098.0,628000.0,43364.0
Monday,22,94103.0,Northern,1,27170.0,20036.0,14778.0,13098.0,628000.0,43364.0
Monday,22,94103.0,Out of SF,4,27170.0,20036.0,14778.0,13098.0,628000.0,43364.0
Monday,22,94103.0,Southern,50,27170.0,20036.0,14778.0,13098.0,628000.0,43364.0
Monday,22,94103.0,Tenderloin,51,27170.0,20036.0,14778.0,13098.0,628000.0,43364.0
Monday,22,94104.0,Central,29,406.0,5232.0,368.0,207.0,1000001.0,48750.0
Monday,22,94104.0,Southern,1,406.0,5232.0,368.0,207.0,1000001.0,48750.0
Monday,22,94105.0,Bayview,1,5846.0,15826.0,4601.0,3586.0,740900.0,163949.0
Monday,22,94105.0,Central,10,5846.0,15826.0,4601.0,3586.0,740900.0,163949.0
Monday,22,94105.0,Southern,18,5846.0,15826.0,4601.0,3586.0,740900.0,163949.0
Monday,22,94107.0,Bayview,2,26599.0,14845.0,15141.0,13736.0,719700.0,114439.0
Monday,22,94107.0,Southern,4,26599.0,14845.0,15141.0,13736.0,719700.0,114439.0
Monday,22,94108.0,Central,50,13768.0,50983.0,8843.0,7628.0,856900.0,35427.0
Monday,22,94108.0,Out of SF,2,13768.0,50983.0,8843.0,7628.0,856900.0,35427.0
Monday,22,94108.0,Southern,1,13768.0,50983.0,8843.0,7628.0,856900.0,35427.0
Monday,22,94108.0,Tenderloin,7,13768.0,50983.0,8843.0,7628.0,856900.0,35427.0
Monday,22,94109.0,Central,17,55984.0,47129.0,37182.0,33342.0,723200.0,60722.0
Monday,22,94109.0,Northern,26,55984.0,47129.0,37182.0,33342.0,723200.0,60722.0
Monday,22,94109.0,Tenderloin,5,55984.0,47129.0,37182.0,33342.0,723200.0,60722.0
Monday,22,94110.0,Bayview,8,69333.0,29816.0,28913.0,27128.0,768200.0,82111.0
Monday,22,94110.0,Ingleside,8,69333.0,29816.0,28913.0,27128.0,768200.0,82111.0
Monday,22,94110.0,Mission,75,69333.0,29816.0,28913.0,27128.0,768200.0,82111.0
Monday,22,94110.0,Out of SF,1,69333.0,29816.0,28913.0,27128.0,768200.0,82111.0
Monday,22,94111.0,Central,30,3713.0,10791.0,2811.0,2365.0,882000.0,89722.0
Monday,22,94112.0,Ingleside,27,79407.0,23606.0,23081.0,21975.0,602400.0,71625.0
Monday,22,94112.0,Northern,1,79407.0,23606.0,23081.0,21975.0,602400.0,71625.0
Monday,22,94112.0,Taraval,1,79407.0,23606.0,23081.0,21975.0,602400.0,71625.0
Monday,22,94114.0,Mission,20,31124.0,21837.0,17634.0,16281.0,1000001.0,114689.0
Monday,22,94114.0,Park,4,31124.0,21837.0,17634.0,16281.0,1000001.0,114689.0
Monday,22,94115.0,Northern,18,33021.0,29596.0,18884.0,17289.0,965800.0,76952.0
Monday,22,94115.0,Richmond,9,33021.0,29596.0,18884.0,17289.0,965800.0,76952.0
Monday,22,94116.0,Taraval,20,43698.0,16901.0,16283.0,15445.0,734400.0,83407.0
Monday,22,94117.0,Mission,5,39169.0,23211.0,19255.0,17939.0,911500.0,94479.0
Monday,22,94117.0,Northern,5,39169.0,23211.0,19255.0,17939.0,911500.0,94479.0
Monday,22,94117.0,Park,24,39169.0,23211.0,19255.0,17939.0,911500.0,94479.0
Monday,22,94118.0,Park,1,38319.0,19663.0,18633.0,17171.0,1000001.0,82857.0
Monday,22,94118.0,Richmond,21,38319.0,19663.0,18633.0,17171.0,1000001.0,82857.0
Monday,22,94122.0,Park,1,56023.0,23699.0,23633.0,22162.0,774500.0,81768.0
Monday,22,94122.0,Richmond,17,56023.0,23699.0,23633.0,22162.0,774500.0,81768.0
Monday,22,94122.0,Taraval,16,56023.0,23699.0,23633.0,22162.0,774500.0,81768.0
Monday,22,94123.0,Northern,17,23088.0,22622.0,15083.0,13717.0,1000001.0,112650.0
Monday,22,94123.0,Richmond,1,23088.0,22622.0,15083.0,13717.0,1000001.0,112650.0
Monday,22,94124.0,Bayview,36,33996.0,6901.0,10812.0,9717.0,470400.0,50146.0
Monday,22,94127.0,Ingleside,3,19289.0,10895.0,7801.0,7511.0,916900.0,131351.0
Monday,22,94127.0,Taraval,8,19289.0,10895.0,7801.0,7511.0,916900.0,131351.0
Monday,22,94130.0,Southern,2,2880.0,3196.0,786.0,656.0,,37500.0
Monday,22,94131.0,Ingleside,5,26881.0,12926.0,13427.0,12618.0,859700.0,96889.0
Monday,22,94131.0,Mission,4,26881.0,12926.0,13427.0,12618.0,859700.0,96889.0
Monday,22,94131.0,Park,7,26881.0,12926.0,13427.0,12618.0,859700.0,96889.0
Monday,22,94132.0,Taraval,11,28129.0,9045.0,10769.0,9993.0,733100.0,69223.0
Monday,22,94134.0,Bayview,17,40798.0,17001.0,11867.0,11244.0,547800.0,56716.0
Monday,22,94134.0,Ingleside,20,40798.0,17001.0,11867.0,11244.0,547800.0,56716.0
Monday,22,94158.0,Bayview,6,4792.0,7288.0,2482.0,2271.0,643900.0,82195.0
Monday,22,94158.0,Mission,2,4792.0,7288.0,2482.0,2271.0,643900.0,82195.0
Monday,22,94158.0,Southern,10,4792.0,7288.0,2482.0,2271.0,643900.0,82195.0
Monday,23,94102.0,Mission,9,31176.0,46472.0,18758.0,16844.0,574100.0,22517.0
Monday,23,94102.0,Northern,39,31176.0,46472.0,18758.0,16844.0,574100.0,22517.0
Monday,23,94102.0,Southern,10,31176.0,46472.0,18758.0,16844.0,574100.0,22517.0
Monday,23,94102.0,Tenderloin,18,31176.0,46472.0,18758.0,16844.0,574100.0,22517.0
Monday,23,94103.0,Bayview,1,27170.0,20036.0,14778.0,13098.0,628000.0,43364.0
Monday,23,94103.0,Ingleside,3,27170.0,20036.0,14778.0,13098.0,628000.0,43364.0
Monday,23,94103.0,Mission,5,27170.0,20036.0,14778.0,13098.0,628000.0,43364.0
Monday,23,94103.0,Southern,35,27170.0,20036.0,14778.0,13098.0,628000.0,43364.0
Monday,23,94103.0,Tenderloin,26,27170.0,20036.0,14778.0,13098.0,628000.0,43364.0
Monday,23,94104.0,Central,15,406.0,5232.0,368.0,207.0,1000001.0,48750.0
Monday,23,94104.0,Southern,5,406.0,5232.0,368.0,207.0,1000001.0,48750.0
Monday,23,94105.0,Central,3,5846.0,15826.0,4601.0,3586.0,740900.0,163949.0
Monday,23,94105.0,Southern,11,5846.0,15826.0,4601.0,3586.0,740900.0,163949.0
Monday,23,94107.0,Bayview,6,26599.0,14845.0,15141.0,13736.0,719700.0,114439.0
Monday,23,94107.0,Southern,2,26599.0,14845.0,15141.0,13736.0,719700.0,114439.0
Monday,23,94108.0,Central,45,13768.0,50983.0,8843.0,7628.0,856900.0,35427.0
Monday,23,94108.0,Tenderloin,2,13768.0,50983.0,8843.0,7628.0,856900.0,35427.0
Monday,23,94109.0,Central,20,55984.0,47129.0,37182.0,33342.0,723200.0,60722.0
Monday,23,94109.0,Northern,25,55984.0,47129.0,37182.0,33342.0,723200.0,60722.0
Monday,23,94109.0,Tenderloin,4,55984.0,47129.0,37182.0,33342.0,723200.0,60722.0
Monday,23,94110.0,Bayview,2,69333.0,29816.0,28913.0,27128.0,768200.0,82111.0
Monday,23,94110.0,Ingleside,12,69333.0,29816.0,28913.0,27128.0,768200.0,82111.0
Monday,23,94110.0,Mission,49,69333.0,29816.0,28913.0,27128.0,768200.0,82111.0
Monday,23,94111.0,Central,17,3713.0,10791.0,2811.0,2365.0,882000.0,89722.0
Monday,23,94112.0,Ingleside,21,79407.0,23606.0,23081.0,21975.0,602400.0,71625.0
Monday,23,94112.0,Taraval,1,79407.0,23606.0,23081.0,21975.0,602400.0,71625.0
Monday,23,94114.0,Mission,22,31124.0,21837.0,17634.0,16281.0,1000001.0,114689.0
Monday,23,94114.0,Park,2,31124.0,21837.0,17634.0,16281.0,1000001.0,114689.0
Monday,23,94115.0,Northern,11,33021.0,29596.0,18884.0,17289.0,965800.0,76952.0
Monday,23,94115.0,Richmond,1,33021.0,29596.0,18884.0,17289.0,965800.0,76952.0
Monday,23,94116.0,Taraval,12,43698.0,16901.0,16283.0,15445.0,734400.0,83407.0
Monday,23,94117.0,Mission,4,39169.0,23211.0,19255.0,17939.0,911500.0,94479.0
Monday,23,94117.0,Northern,4,39169.0,23211.0,19255.0,17939.0,911500.0,94479.0
Monday,23,94117.0,Park,13,39169.0,23211.0,19255.0,17939.0,911500.0,94479.0
Monday,23,94118.0,Park,1,38319.0,19663.0,18633.0,17171.0,1000001.0,82857.0
Monday,23,94118.0,Richmond,17,38319.0,19663.0,18633.0,17171.0,1000001.0,82857.0
Monday,23,94122.0,Park,2,56023.0,23699.0,23633.0,22162.0,774500.0,81768.0
Monday,23,94122.0,Richmond,18,56023.0,23699.0,23633.0,22162.0,774500.0,81768.0
Monday,23,94122.0,Taraval,13,56023.0,23699.0,23633.0,22162.0,774500.0,81768.0
Monday,23,94123.0,Northern,5,23088.0,22622.0,15083.0,13717.0,1000001.0,112650.0
Monday,23,94124.0,Bayview,26,33996.0,6901.0,10812.0,9717.0,470400.0,50146.0
Monday,23,94124.0,Out of SF,2,33996.0,6901.0,10812.0,9717.0,470400.0,50146.0
Monday,23,94127.0,Ingleside,4,19289.0,10895.0,7801.0,7511.0,916900.0,131351.0
Monday,23,94127.0,Taraval,22,19289.0,10895.0,7801.0,7511.0,916900.0,131351.0
Monday,23,94129.0,Park,1,3183.0,1381.0,1132.0,1086.0,,143320.0
Monday,23,94130.0,Southern,4,2880.0,3196.0,786.0,656.0,,37500.0
Monday,23,94131.0,Ingleside,7,26881.0,12926.0,13427.0,12618.0,859700.0,96889.0
Monday,23,94131.0,Mission,2,26881.0,12926.0,13427.0,12618.0,859700.0,96889.0
Monday,23,94131.0,Park,8,26881.0,12926.0,13427.0,12618.0,859700.0,96889.0
Monday,23,94132.0,Taraval,5,28129.0,9045.0,10769.0,9993.0,733100.0,69223.0
Monday,23,94134.0,Bayview,13,40798.0,17001.0,11867.0,11244.0,547800.0,56716.0
Monday,23,94134.0,Ingleside,12,40798.0,17001.0,11867.0,11244.0,547800.0,56716.0
Monday,23,94134.0,Out of SF,1,40798.0,17001.0,11867.0,11244.0,547800.0,56716.0
Monday,23,94158.0,Bayview,6,4792.0,7288.0,2482.0,2271.0,643900.0,82195.0
Monday,23,94158.0,Mission,2,4792.0,7288.0,2482.0,2271.0,643900.0,82195.0
Monday,23,94158.0,Southern,9,4792.0,7288.0,2482.0,2271.0,643900.0,82195.0
Saturday,0,94102.0,Mission,27,31176.0,46472.0,18758.0,16844.0,574100.0,22517.0
Saturday,0,94102.0,Northern,38,31176.0,46472.0,18758.0,16844.0,574100.0,22517.0
Saturday,0,94102.0,Southern,17,31176.0,46472.0,18758.0,16844.0,574100.0,22517.0
Saturday,0,94102.0,Tenderloin,24,31176.0,46472.0,18758.0,16844.0,574100.0,22517.0
Saturday,0,94103.0,Mission,1,27170.0,20036.0,14778.0,13098.0,628000.0,43364.0
Saturday,0,94103.0,Northern,4,27170.0,20036.0,14778.0,13098.0,628000.0,43364.0
Saturday,0,94103.0,Out of SF,2,27170.0,20036.0,14778.0,13098.0,628000.0,43364.0
Saturday,0,94103.0,Southern,61,27170.0,20036.0,14778.0,13098.0,628000.0,43364.0
Saturday,0,94103.0,Tenderloin,44,27170.0,20036.0,14778.0,13098.0,628000.0,43364.0
Saturday,0,94104.0,Central,44,406.0,5232.0,368.0,207.0,1000001.0,48750.0
Saturday,0,94104.0,Tenderloin,3,406.0,5232.0,368.0,207.0,1000001.0,48750.0
Saturday,0,94105.0,Central,5,5846.0,15826.0,4601.0,3586.0,740900.0,163949.0
Saturday,0,94105.0,Southern,46,5846.0,15826.0,4601.0,3586.0,740900.0,163949.0
Saturday,0,94107.0,Bayview,4,26599.0,14845.0,15141.0,13736.0,719700.0,114439.0
Saturday,0,94107.0,Mission,1,26599.0,14845.0,15141.0,13736.0,719700.0,114439.0
Saturday,0,94108.0,Central,57,13768.0,50983.0,8843.0,7628.0,856900.0,35427.0
Saturday,0,94108.0,Out of SF,1,13768.0,50983.0,8843.0,7628.0,856900.0,35427.0
Saturday,0,94108.0,Southern,1,13768.0,50983.0,8843.0,7628.0,856900.0,35427.0
Saturday,0,94108.0,Tenderloin,3,13768.0,50983.0,8843.0,7628.0,856900.0,35427.0
Saturday,0,94109.0,Central,26,55984.0,47129.0,37182.0,33342.0,723200.0,60722.0
Saturday,0,94109.0,Northern,76,55984.0,47129.0,37182.0,33342.0,723200.0,60722.0
Saturday,0,94109.0,Out of SF,1,55984.0,47129.0,37182.0,33342.0,723200.0,60722.0
Saturday,0,94109.0,Tenderloin,6,55984.0,47129.0,37182.0,33342.0,723200.0,60722.0
Saturday,0,94110.0,Bayview,15,69333.0,29816.0,28913.0,27128.0,768200.0,82111.0
Saturday,0,94110.0,Ingleside,24,69333.0,29816.0,28913.0,27128.0,768200.0,82111.0
Saturday,0,94110.0,Mission,122,69333.0,29816.0,28913.0,27128.0,768200.0,82111.0
Saturday,0,94110.0,Out of SF,2,69333.0,29816.0,28913.0,27128.0,768200.0,82111.0
Saturday,0,94111.0,Central,24,3713.0,10791.0,2811.0,2365.0,882000.0,89722.0
Saturday,0,94112.0,Bayview,3,79407.0,23606.0,23081.0,21975.0,602400.0,71625.0
Saturday,0,94112.0,Ingleside,26,79407.0,23606.0,23081.0,21975.0,602400.0,71625.0
Saturday,0,94112.0,Taraval,6,79407.0,23606.0,23081.0,21975.0,602400.0,71625.0
Saturday,0,94114.0,Mission,27,31124.0,21837.0,17634.0,16281.0,1000001.0,114689.0
Saturday,0,94114.0,Park,6,31124.0,21837.0,17634.0,16281.0,1000001.0,114689.0
Saturday,0,94115.0,Bayview,1,33021.0,29596.0,18884.0,17289.0,965800.0,76952.0
Saturday,0,94115.0,Northern,12,33021.0,29596.0,18884.0,17289.0,965800.0,76952.0
Saturday,0,94115.0,Park,1,33021.0,29596.0,18884.0,17289.0,965800.0,76952.0
Saturday,0,94115.0,Richmond,11,33021.0,29596.0,18884.0,17289.0,965800.0,76952.0
Saturday,0,94116.0,Out of SF,2,43698.0,16901.0,16283.0,15445.0,734400.0,83407.0
Saturday,0,94116.0,Taraval,18,43698.0,16901.0,16283.0,15445.0,734400.0,83407.0
Saturday,0,94117.0,Mission,4,39169.0,23211.0,19255.0,17939.0,911500.0,94479.0
Saturday,0,94117.0,Northern,18,39169.0,23211.0,19255.0,17939.0,911500.0,94479.0
Saturday,0,94117.0,Park,25,39169.0,23211.0,19255.0,17939.0,911500.0,94479.0
Saturday,0,94118.0,Out of SF,3,38319.0,19663.0,18633.0,17171.0,1000001.0,82857.0
Saturday,0,94118.0,Park,3,38319.0,19663.0,18633.0,17171.0,1000001.0,82857.0
Saturday,0,94118.0,Richmond,33,38319.0,19663.0,18633.0,17171.0,1000001.0,82857.0
Saturday,0,94122.0,Park,2,56023.0,23699.0,23633.0,22162.0,774500.0,81768.0
Saturday,0,94122.0,Richmond,16,56023.0,23699.0,23633.0,22162.0,774500.0,81768.0
Saturday,0,94122.0,Taraval,16,56023.0,23699.0,23633.0,22162.0,774500.0,81768.0
Saturday,0,94123.0,Central,2,23088.0,22622.0,15083.0,13717.0,1000001.0,112650.0
Saturday,0,94123.0,Northern,50,23088.0,22622.0,15083.0,13717.0,1000001.0,112650.0
Saturday,0,94124.0,Bayview,48,33996.0,6901.0,10812.0,9717.0,470400.0,50146.0
Saturday,0,94127.0,Ingleside,3,19289.0,10895.0,7801.0,7511.0,916900.0,131351.0
Saturday,0,94127.0,Taraval,9,19289.0,10895.0,7801.0,7511.0,916900.0,131351.0
Saturday,0,94127.0,Tenderloin,1,19289.0,10895.0,7801.0,7511.0,916900.0,131351.0
Saturday,0,94130.0,Southern,4,2880.0,3196.0,786.0,656.0,,37500.0
Saturday,0,94131.0,Mission,6,26881.0,12926.0,13427.0,12618.0,859700.0,96889.0
Saturday,0,94131.0,Park,6,26881.0,12926.0,13427.0,12618.0,859700.0,96889.0
Saturday,0,94132.0,Taraval,18,28129.0,9045.0,10769.0,9993.0,733100.0,69223.0
Saturday,0,94134.0,Bayview,14,40798.0,17001.0,11867.0,11244.0,547800.0,56716.0
Saturday,0,94134.0,Ingleside,13,40798.0,17001.0,11867.0,11244.0,547800.0,56716.0
Saturday,0,94158.0,Bayview,14,4792.0,7288.0,2482.0,2271.0,643900.0,82195.0
Saturday,0,94158.0,Mission,7,4792.0,7288.0,2482.0,2271.0,643900.0,82195.0
Saturday,0,94158.0,Out of SF,8,4792.0,7288.0,2482.0,2271.0,643900.0,82195.0
Saturday,0,94158.0,Southern,21,4792.0,7288.0,2482.0,2271.0,643900.0,82195.0
Saturday,1,94102.0,Mission,8,31176.0,46472.0,18758.0,16844.0,574100.0,22517.0
Saturday,1,94102.0,Northern,22,31176.0,46472.0,18758.0,16844.0,574100.0,22517.0
Saturday,1,94102.0,Southern,6,31176.0,46472.0,18758.0,16844.0,574100.0,22517.0
Saturday,1,94102.0,Tenderloin,10,31176.0,46472.0,18758.0,16844.0,574100.0,22517.0
Saturday,1,94103.0,Central,3,27170.0,20036.0,14778.0,13098.0,628000.0,43364.0
Saturday,1,94103.0,Mission,9,27170.0,20036.0,14778.0,13098.0,628000.0,43364.0
Saturday,1,94103.0,Out of SF,1,27170.0,20036.0,14778.0,13098.0,628000.0,43364.0
Saturday,1,94103.0,Southern,50,27170.0,20036.0,14778.0,13098.0,628000.0,43364.0
Saturday,1,94103.0,Tenderloin,27,27170.0,20036.0,14778.0,13098.0,628000.0,43364.0
Saturday,1,94104.0,Central,30,406.0,5232.0,368.0,207.0,1000001.0,48750.0
Saturday,1,94104.0,Southern,2,406.0,5232.0,368.0,207.0,1000001.0,48750.0
Saturday,1,94104.0,Tenderloin,3,406.0,5232.0,368.0,207.0,1000001.0,48750.0
Saturday,1,94105.0,Central,5,5846.0,15826.0,4601.0,3586.0,740900.0,163949.0
Saturday,1,94105.0,Southern,21,5846.0,15826.0,4601.0,3586.0,740900.0,163949.0
Saturday,1,94107.0,Southern,2,26599.0,14845.0,15141.0,13736.0,719700.0,114439.0
Saturday,1,94108.0,Central,48,13768.0,50983.0,8843.0,7628.0,856900.0,35427.0
Saturday,1,94108.0,Tenderloin,3,13768.0,50983.0,8843.0,7628.0,856900.0,35427.0
Saturday,1,94109.0,Central,11,55984.0,47129.0,37182.0,33342.0,723200.0,60722.0
Saturday,1,94109.0,Northern,86,55984.0,47129.0,37182.0,33342.0,723200.0,60722.0
Saturday,1,94109.0,Tenderloin,3,55984.0,47129.0,37182.0,33342.0,723200.0,60722.0
Saturday,1,94110.0,Bayview,4,69333.0,29816.0,28913.0,27128.0,768200.0,82111.0
Saturday,1,94110.0,Ingleside,6,69333.0,29816.0,28913.0,27128.0,768200.0,82111.0
Saturday,1,94110.0,Mission,96,69333.0,29816.0,28913.0,27128.0,768200.0,82111.0
Saturday,1,94110.0,Out of SF,1,69333.0,29816.0,28913.0,27128.0,768200.0,82111.0
Saturday,1,94111.0,Central,11,3713.0,10791.0,2811.0,2365.0,882000.0,89722.0
Saturday,1,94112.0,Ingleside,16,79407.0,23606.0,23081.0,21975.0,602400.0,71625.0
Saturday,1,94112.0,Mission,1,79407.0,23606.0,23081.0,21975.0,602400.0,71625.0
Saturday,1,94112.0,Taraval,2,79407.0,23606.0,23081.0,21975.0,602400.0,71625.0
Saturday,1,94114.0,Mission,39,31124.0,21837.0,17634.0,16281.0,1000001.0,114689.0
Saturday,1,94114.0,Park,2,31124.0,21837.0,17634.0,16281.0,1000001.0,114689.0
Saturday,1,94115.0,Northern,8,33021.0,29596.0,18884.0,17289.0,965800.0,76952.0
Saturday,1,94115.0,Richmond,2,33021.0,29596.0,18884.0,17289.0,965800.0,76952.0
Saturday,1,94116.0,Taraval,12,43698.0,16901.0,16283.0,15445.0,734400.0,83407.0
Saturday,1,94117.0,Mission,6,39169.0,23211.0,19255.0,17939.0,911500.0,94479.0
Saturday,1,94117.0,Northern,8,39169.0,23211.0,19255.0,17939.0,911500.0,94479.0
Saturday,1,94117.0,Park,13,39169.0,23211.0,19255.0,17939.0,911500.0,94479.0
Saturday,1,94118.0,Park,1,38319.0,19663.0,18633.0,17171.0,1000001.0,82857.0
Saturday,1,94118.0,Richmond,11,38319.0,19663.0,18633.0,17171.0,1000001.0,82857.0
Saturday,1,94122.0,Park,2,56023.0,23699.0,23633.0,22162.0,774500.0,81768.0
Saturday,1,94122.0,Richmond,9,56023.0,23699.0,23633.0,22162.0,774500.0,81768.0
Saturday,1,94122.0,Taraval,16,56023.0,23699.0,23633.0,22162.0,774500.0,81768.0
Saturday,1,94123.0,Northern,44,23088.0,22622.0,15083.0,13717.0,1000001.0,112650.0
Saturday,1,94124.0,Bayview,21,33996.0,6901.0,10812.0,9717.0,470400.0,50146.0
Saturday,1,94127.0,Ingleside,1,19289.0,10895.0,7801.0,7511.0,916900.0,131351.0
Saturday,1,94127.0,Taraval,7,19289.0,10895.0,7801.0,7511.0,916900.0,131351.0
Saturday,1,94129.0,Central,1,3183.0,1381.0,1132.0,1086.0,,143320.0
Saturday,1,94130.0,Southern,2,2880.0,3196.0,786.0,656.0,,37500.0
Saturday,1,94131.0,Ingleside,4,26881.0,12926.0,13427.0,12618.0,859700.0,96889.0
Saturday,1,94131.0,Mission,4,26881.0,12926.0,13427.0,12618.0,859700.0,96889.0
Saturday,1,94131.0,Park,1,26881.0,12926.0,13427.0,12618.0,859700.0,96889.0
Saturday,1,94132.0,Taraval,19,28129.0,9045.0,10769.0,9993.0,733100.0,69223.0
Saturday,1,94134.0,Bayview,9,40798.0,17001.0,11867.0,11244.0,547800.0,56716.0
Saturday,1,94134.0,Ingleside,7,40798.0,17001.0,11867.0,11244.0,547800.0,56716.0
Saturday,1,94158.0,Bayview,8,4792.0,7288.0,2482.0,2271.0,643900.0,82195.0
Saturday,1,94158.0,Mission,8,4792.0,7288.0,2482.0,2271.0,643900.0,82195.0
Saturday,1,94158.0,Southern,12,4792.0,7288.0,2482.0,2271.0,643900.0,82195.0
Saturday,2,94102.0,Mission,24,31176.0,46472.0,18758.0,16844.0,574100.0,22517.0
Saturday,2,94102.0,Northern,22,31176.0,46472.0,18758.0,16844.0,574100.0,22517.0
Saturday,2,94102.0,Southern,10,31176.0,46472.0,18758.0,16844.0,574100.0,22517.0
Saturday,2,94102.0,Tenderloin,11,31176.0,46472.0,18758.0,16844.0,574100.0,22517.0
Saturday,2,94103.0,Central,1,27170.0,20036.0,14778.0,13098.0,628000.0,43364.0
Saturday,2,94103.0,Mission,3,27170.0,20036.0,14778.0,13098.0,628000.0,43364.0
Saturday,2,94103.0,Out of SF,3,27170.0,20036.0,14778.0,13098.0,628000.0,43364.0
Saturday,2,94103.0,Southern,48,27170.0,20036.0,14778.0,13098.0,628000.0,43364.0
Saturday,2,94103.0,Tenderloin,27,27170.0,20036.0,14778.0,13098.0,628000.0,43364.0
Saturday,2,94104.0,Central,25,406.0,5232.0,368.0,207.0,1000001.0,48750.0
Saturday,2,94104.0,Southern,2,406.0,5232.0,368.0,207.0,1000001.0,48750.0
Saturday,2,94105.0,Central,3,5846.0,15826.0,4601.0,3586.0,740900.0,163949.0
Saturday,2,94105.0,Southern,29,5846.0,15826.0,4601.0,3586.0,740900.0,163949.0
Saturday,2,94107.0,Bayview,3,26599.0,14845.0,15141.0,13736.0,719700.0,114439.0
Saturday,2,94107.0,Mission,1,26599.0,14845.0,15141.0,13736.0,719700.0,114439.0
Saturday,2,94107.0,Southern,2,26599.0,14845.0,15141.0,13736.0,719700.0,114439.0
Saturday,2,94108.0,Central,36,13768.0,50983.0,8843.0,7628.0,856900.0,35427.0
Saturday,2,94108.0,Southern,1,13768.0,50983.0,8843.0,7628.0,856900.0,35427.0
Saturday,2,94108.0,Tenderloin,5,13768.0,50983.0,8843.0,7628.0,856900.0,35427.0
Saturday,2,94109.0,Central,11,55984.0,47129.0,37182.0,33342.0,723200.0,60722.0
Saturday,2,94109.0,Northern,49,55984.0,47129.0,37182.0,33342.0,723200.0,60722.0
Saturday,2,94109.0,Tenderloin,2,55984.0,47129.0,37182.0,33342.0,723200.0,60722.0
Saturday,2,94110.0,Bayview,3,69333.0,29816.0,28913.0,27128.0,768200.0,82111.0
Saturday,2,94110.0,Ingleside,11,69333.0,29816.0,28913.0,27128.0,768200.0,82111.0
Saturday,2,94110.0,Mission,59,69333.0,29816.0,28913.0,27128.0,768200.0,82111.0
Saturday,2,94110.0,Park,2,69333.0,29816.0,28913.0,27128.0,768200.0,82111.0
Saturday,2,94111.0,Central,31,3713.0,10791.0,2811.0,2365.0,882000.0,89722.0
Saturday,2,94112.0,Ingleside,14,79407.0,23606.0,23081.0,21975.0,602400.0,71625.0
Saturday,2,94112.0,Mission,1,79407.0,23606.0,23081.0,21975.0,602400.0,71625.0
Saturday,2,94114.0,Mission,30,31124.0,21837.0,17634.0,16281.0,1000001.0,114689.0
Saturday,2,94115.0,Northern,14,33021.0,29596.0,18884.0,17289.0,965800.0,76952.0
Saturday,2,94115.0,Richmond,2,33021.0,29596.0,18884.0,17289.0,965800.0,76952.0
Saturday,2,94116.0,Taraval,11,43698.0,16901.0,16283.0,15445.0,734400.0,83407.0
Saturday,2,94117.0,Mission,3,39169.0,23211.0,19255.0,17939.0,911500.0,94479.0
Saturday,2,94117.0,Northern,4,39169.0,23211.0,19255.0,17939.0,911500.0,94479.0
Saturday,2,94117.0,Park,20,39169.0,23211.0,19255.0,17939.0,911500.0,94479.0
Saturday,2,94117.0,Richmond,1,39169.0,23211.0,19255.0,17939.0,911500.0,94479.0
Saturday,2,94118.0,Park,2,38319.0,19663.0,18633.0,17171.0,1000001.0,82857.0
Saturday,2,94118.0,Richmond,15,38319.0,19663.0,18633.0,17171.0,1000001.0,82857.0
Saturday,2,94118.0,Taraval,1,38319.0,19663.0,18633.0,17171.0,1000001.0,82857.0
Saturday,2,94122.0,Richmond,6,56023.0,23699.0,23633.0,22162.0,774500.0,81768.0
Saturday,2,94122.0,Taraval,12,56023.0,23699.0,23633.0,22162.0,774500.0,81768.0
Saturday,2,94123.0,Northern,23,23088.0,22622.0,15083.0,13717.0,1000001.0,112650.0
Saturday,2,94124.0,Bayview,30,33996.0,6901.0,10812.0,9717.0,470400.0,50146.0
Saturday,2,94127.0,Taraval,2,19289.0,10895.0,7801.0,7511.0,916900.0,131351.0
Saturday,2,94131.0,Mission,1,26881.0,12926.0,13427.0,12618.0,859700.0,96889.0
Saturday,2,94132.0,Taraval,3,28129.0,9045.0,10769.0,9993.0,733100.0,69223.0
Saturday,2,94134.0,Bayview,9,40798.0,17001.0,11867.0,11244.0,547800.0,56716.0
Saturday,2,94134.0,Ingleside,12,40798.0,17001.0,11867.0,11244.0,547800.0,56716.0
Saturday,2,94134.0,Southern,1,40798.0,17001.0,11867.0,11244.0,547800.0,56716.0
Saturday,2,94158.0,Bayview,10,4792.0,7288.0,2482.0,2271.0,643900.0,82195.0
Saturday,2,94158.0,Mission,10,4792.0,7288.0,2482.0,2271.0,643900.0,82195.0
Saturday,2,94158.0,Out of SF,5,4792.0,7288.0,2482.0,2271.0,643900.0,82195.0
Saturday,2,94158.0,Southern,2,4792.0,7288.0,2482.0,2271.0,643900.0,82195.0
Saturday,3,94102.0,Mission,5,31176.0,46472.0,18758.0,16844.0,574100.0,22517.0
Saturday,3,94102.0,Northern,15,31176.0,46472.0,18758.0,16844.0,574100.0,22517.0
Saturday,3,94102.0,Southern,3,31176.0,46472.0,18758.0,16844.0,574100.0,22517.0
Saturday,3,94102.0,Tenderloin,15,31176.0,46472.0,18758.0,16844.0,574100.0,22517.0
Saturday,3,94103.0,Mission,1,27170.0,20036.0,14778.0,13098.0,628000.0,43364.0
Saturday,3,94103.0,Out of SF,4,27170.0,20036.0,14778.0,13098.0,628000.0,43364.0
Saturday,3,94103.0,Southern,38,27170.0,20036.0,14778.0,13098.0,628000.0,43364.0
Saturday,3,94103.0,Tenderloin,19,27170.0,20036.0,14778.0,13098.0,628000.0,43364.0
Saturday,3,94104.0,Central,12,406.0,5232.0,368.0,207.0,1000001.0,48750.0
Saturday,3,94104.0,Southern,1,406.0,5232.0,368.0,207.0,1000001.0,48750.0
Saturday,3,94105.0,Central,1,5846.0,15826.0,4601.0,3586.0,740900.0,163949.0
Saturday,3,94105.0,Southern,8,5846.0,15826.0,4601.0,3586.0,740900.0,163949.0
Saturday,3,94107.0,Bayview,3,26599.0,14845.0,15141.0,13736.0,719700.0,114439.0
Saturday,3,94107.0,Southern,1,26599.0,14845.0,15141.0,13736.0,719700.0,114439.0
Saturday,3,94108.0,Central,19,13768.0,50983.0,8843.0,7628.0,856900.0,35427.0
Saturday,3,94109.0,Central,11,55984.0,47129.0,37182.0,33342.0,723200.0,60722.0
Saturday,3,94109.0,Northern,14,55984.0,47129.0,37182.0,33342.0,723200.0,60722.0
Saturday,3,94110.0,Bayview,8,69333.0,29816.0,28913.0,27128.0,768200.0,82111.0
Saturday,3,94110.0,Ingleside,7,69333.0,29816.0,28913.0,27128.0,768200.0,82111.0
Saturday,3,94110.0,Mission,20,69333.0,29816.0,28913.0,27128.0,768200.0,82111.0
Saturday,3,94111.0,Central,3,3713.0,10791.0,2811.0,2365.0,882000.0,89722.0
Saturday,3,94112.0,Ingleside,6,79407.0,23606.0,23081.0,21975.0,602400.0,71625.0
Saturday,3,94112.0,Taraval,1,79407.0,23606.0,23081.0,21975.0,602400.0,71625.0
Saturday,3,94114.0,Mission,7,31124.0,21837.0,17634.0,16281.0,1000001.0,114689.0
Saturday,3,94115.0,Northern,12,33021.0,29596.0,18884.0,17289.0,965800.0,76952.0
Saturday,3,94115.0,Richmond,3,33021.0,29596.0,18884.0,17289.0,965800.0,76952.0
Saturday,3,94116.0,Out of SF,2,43698.0,16901.0,16283.0,15445.0,734400.0,83407.0
Saturday,3,94116.0,Taraval,8,43698.0,16901.0,16283.0,15445.0,734400.0,83407.0
Saturday,3,94117.0,Mission,4,39169.0,23211.0,19255.0,17939.0,911500.0,94479.0
Saturday,3,94117.0,Northern,6,39169.0,23211.0,19255.0,17939.0,911500.0,94479.0
Saturday,3,94117.0,Park,7,39169.0,23211.0,19255.0,17939.0,911500.0,94479.0
Saturday,3,94118.0,Richmond,17,38319.0,19663.0,18633.0,17171.0,1000001.0,82857.0
Saturday,3,94122.0,Richmond,4,56023.0,23699.0,23633.0,22162.0,774500.0,81768.0
Saturday,3,94122.0,Taraval,6,56023.0,23699.0,23633.0,22162.0,774500.0,81768.0
Saturday,3,94123.0,Northern,1,23088.0,22622.0,15083.0,13717.0,1000001.0,112650.0
Saturday,3,94123.0,Taraval,1,23088.0,22622.0,15083.0,13717.0,1000001.0,112650.0
Saturday,3,94124.0,Bayview,26,33996.0,6901.0,10812.0,9717.0,470400.0,50146.0
Saturday,3,94127.0,Ingleside,1,19289.0,10895.0,7801.0,7511.0,916900.0,131351.0
Saturday,3,94127.0,Taraval,4,19289.0,10895.0,7801.0,7511.0,916900.0,131351.0
Saturday,3,94130.0,Southern,1,2880.0,3196.0,786.0,656.0,,37500.0
Saturday,3,94131.0,Ingleside,2,26881.0,12926.0,13427.0,12618.0,859700.0,96889.0
Saturday,3,94131.0,Mission,2,26881.0,12926.0,13427.0,12618.0,859700.0,96889.0
Saturday,3,94132.0,Taraval,3,28129.0,9045.0,10769.0,9993.0,733100.0,69223.0
Saturday,3,94134.0,Bayview,9,40798.0,17001.0,11867.0,11244.0,547800.0,56716.0
Saturday,3,94134.0,Ingleside,2,40798.0,17001.0,11867.0,11244.0,547800.0,56716.0
Saturday,3,94158.0,Bayview,4,4792.0,7288.0,2482.0,2271.0,643900.0,82195.0
Saturday,3,94158.0,Mission,3,4792.0,7288.0,2482.0,2271.0,643900.0,82195.0
Saturday,3,94158.0,Southern,2,4792.0,7288.0,2482.0,2271.0,643900.0,82195.0
Saturday,4,94102.0,Mission,4,31176.0,46472.0,18758.0,16844.0,574100.0,22517.0
Saturday,4,94102.0,Northern,15,31176.0,46472.0,18758.0,16844.0,574100.0,22517.0
Saturday,4,94102.0,Southern,5,31176.0,46472.0,18758.0,16844.0,574100.0,22517.0
Saturday,4,94102.0,Tenderloin,2,31176.0,46472.0,18758.0,16844.0,574100.0,22517.0
Saturday,4,94103.0,Mission,2,27170.0,20036.0,14778.0,13098.0,628000.0,43364.0
Saturday,4,94103.0,Out of SF,4,27170.0,20036.0,14778.0,13098.0,628000.0,43364.0
Saturday,4,94103.0,Southern,12,27170.0,20036.0,14778.0,13098.0,628000.0,43364.0
Saturday,4,94103.0,Tenderloin,15,27170.0,20036.0,14778.0,13098.0,628000.0,43364.0
Saturday,4,94104.0,Central,26,406.0,5232.0,368.0,207.0,1000001.0,48750.0
Saturday,4,94104.0,Southern,1,406.0,5232.0,368.0,207.0,1000001.0,48750.0
Saturday,4,94104.0,Tenderloin,2,406.0,5232.0,368.0,207.0,1000001.0,48750.0
Saturday,4,94105.0,Central,1,5846.0,15826.0,4601.0,3586.0,740900.0,163949.0
Saturday,4,94105.0,Southern,11,5846.0,15826.0,4601.0,3586.0,740900.0,163949.0
Saturday,4,94108.0,Central,14,13768.0,50983.0,8843.0,7628.0,856900.0,35427.0
Saturday,4,94108.0,Tenderloin,3,13768.0,50983.0,8843.0,7628.0,856900.0,35427.0
Saturday,4,94109.0,Central,7,55984.0,47129.0,37182.0,33342.0,723200.0,60722.0
Saturday,4,94109.0,Northern,10,55984.0,47129.0,37182.0,33342.0,723200.0,60722.0
Saturday,4,94109.0,Tenderloin,5,55984.0,47129.0,37182.0,33342.0,723200.0,60722.0
Saturday,4,94110.0,Bayview,2,69333.0,29816.0,28913.0,27128.0,768200.0,82111.0
Saturday,4,94110.0,Ingleside,3,69333.0,29816.0,28913.0,27128.0,768200.0,82111.0
Saturday,4,94110.0,Mission,28,69333.0,29816.0,28913.0,27128.0,768200.0,82111.0
Saturday,4,94111.0,Central,4,3713.0,10791.0,2811.0,2365.0,882000.0,89722.0
Saturday,4,94112.0,Ingleside,10,79407.0,23606.0,23081.0,21975.0,602400.0,71625.0
Saturday,4,94114.0,Mission,5,31124.0,21837.0,17634.0,16281.0,1000001.0,114689.0
Saturday,4,94114.0,Park,1,31124.0,21837.0,17634.0,16281.0,1000001.0,114689.0
Saturday,4,94115.0,Northern,5,33021.0,29596.0,18884.0,17289.0,965800.0,76952.0
Saturday,4,94115.0,Richmond,6,33021.0,29596.0,18884.0,17289.0,965800.0,76952.0
Saturday,4,94116.0,Taraval,4,43698.0,16901.0,16283.0,15445.0,734400.0,83407.0
Saturday,4,94117.0,Mission,2,39169.0,23211.0,19255.0,17939.0,911500.0,94479.0
Saturday,4,94117.0,Park,10,39169.0,23211.0,19255.0,17939.0,911500.0,94479.0
Saturday,4,94118.0,Richmond,7,38319.0,19663.0,18633.0,17171.0,1000001.0,82857.0
Saturday,4,94122.0,Richmond,2,56023.0,23699.0,23633.0,22162.0,774500.0,81768.0
Saturday,4,94122.0,Taraval,5,56023.0,23699.0,23633.0,22162.0,774500.0,81768.0
Saturday,4,94123.0,Northern,6,23088.0,22622.0,15083.0,13717.0,1000001.0,112650.0
Saturday,4,94124.0,Bayview,11,33996.0,6901.0,10812.0,9717.0,470400.0,50146.0
Saturday,4,94127.0,Ingleside,1,19289.0,10895.0,7801.0,7511.0,916900.0,131351.0
Saturday,4,94127.0,Taraval,2,19289.0,10895.0,7801.0,7511.0,916900.0,131351.0
Saturday,4,94129.0,Central,1,3183.0,1381.0,1132.0,1086.0,,143320.0
Saturday,4,94131.0,Mission,6,26881.0,12926.0,13427.0,12618.0,859700.0,96889.0
Saturday,4,94132.0,Taraval,7,28129.0,9045.0,10769.0,9993.0,733100.0,69223.0
Saturday,4,94134.0,Bayview,7,40798.0,17001.0,11867.0,11244.0,547800.0,56716.0
Saturday,4,94134.0,Ingleside,3,40798.0,17001.0,11867.0,11244.0,547800.0,56716.0
Saturday,4,94134.0,Southern,2,40798.0,17001.0,11867.0,11244.0,547800.0,56716.0
Saturday,4,94158.0,Mission,4,4792.0,7288.0,2482.0,2271.0,643900.0,82195.0
Saturday,4,94158.0,Out of SF,1,4792.0,7288.0,2482.0,2271.0,643900.0,82195.0
Saturday,4,94158.0,Park,2,4792.0,7288.0,2482.0,2271.0,643900.0,82195.0
Saturday,4,94158.0,Southern,4,4792.0,7288.0,2482.0,2271.0,643900.0,82195.0
Saturday,5,94102.0,Mission,6,31176.0,46472.0,18758.0,16844.0,574100.0,22517.0
Saturday,5,94102.0,Northern,13,31176.0,46472.0,18758.0,16844.0,574100.0,22517.0
Saturday,5,94102.0,Tenderloin,2,31176.0,46472.0,18758.0,16844.0,574100.0,22517.0
Saturday,5,94103.0,Central,1,27170.0,20036.0,14778.0,13098.0,628000.0,43364.0
Saturday,5,94103.0,Mission,1,27170.0,20036.0,14778.0,13098.0,628000.0,43364.0
Saturday,5,94103.0,Out of SF,2,27170.0,20036.0,14778.0,13098.0,628000.0,43364.0
Saturday,5,94103.0,Southern,28,27170.0,20036.0,14778.0,13098.0,628000.0,43364.0
Saturday,5,94103.0,Tenderloin,11,27170.0,20036.0,14778.0,13098.0,628000.0,43364.0
Saturday,5,94104.0,Central,17,406.0,5232.0,368.0,207.0,1000001.0,48750.0
Saturday,5,94104.0,Southern,1,406.0,5232.0,368.0,207.0,1000001.0,48750.0
Saturday,5,94105.0,Central,3,5846.0,15826.0,4601.0,3586.0,740900.0,163949.0
Saturday,5,94105.0,Southern,8,5846.0,15826.0,4601.0,3586.0,740900.0,163949.0
Saturday,5,94107.0,Southern,1,26599.0,14845.0,15141.0,13736.0,719700.0,114439.0
Saturday,5,94108.0,Central,19,13768.0,50983.0,8843.0,7628.0,856900.0,35427.0
Saturday,5,94108.0,Tenderloin,1,13768.0,50983.0,8843.0,7628.0,856900.0,35427.0
Saturday,5,94109.0,Central,12,55984.0,47129.0,37182.0,33342.0,723200.0,60722.0
Saturday,5,94109.0,Northern,9,55984.0,47129.0,37182.0,33342.0,723200.0,60722.0
Saturday,5,94109.0,Southern,1,55984.0,47129.0,37182.0,33342.0,723200.0,60722.0
Saturday,5,94109.0,Tenderloin,1,55984.0,47129.0,37182.0,33342.0,723200.0,60722.0
Saturday,5,94110.0,Bayview,4,69333.0,29816.0,28913.0,27128.0,768200.0,82111.0
Saturday,5,94110.0,Ingleside,4,69333.0,29816.0,28913.0,27128.0,768200.0,82111.0
Saturday,5,94110.0,Mission,18,69333.0,29816.0,28913.0,27128.0,768200.0,82111.0
Saturday,5,94111.0,Central,6,3713.0,10791.0,2811.0,2365.0,882000.0,89722.0
Saturday,5,94112.0,Ingleside,4,79407.0,23606.0,23081.0,21975.0,602400.0,71625.0
Saturday,5,94114.0,Mission,3,31124.0,21837.0,17634.0,16281.0,1000001.0,114689.0
Saturday,5,94114.0,Northern,1,31124.0,21837.0,17634.0,16281.0,1000001.0,114689.0
Saturday,5,94114.0,Park,3,31124.0,21837.0,17634.0,16281.0,1000001.0,114689.0
Saturday,5,94115.0,Northern,1,33021.0,29596.0,18884.0,17289.0,965800.0,76952.0
Saturday,5,94115.0,Richmond,2,33021.0,29596.0,18884.0,17289.0,965800.0,76952.0
Saturday,5,94116.0,Taraval,10,43698.0,16901.0,16283.0,15445.0,734400.0,83407.0
Saturday,5,94117.0,Mission,3,39169.0,23211.0,19255.0,17939.0,911500.0,94479.0
Saturday,5,94117.0,Northern,6,39169.0,23211.0,19255.0,17939.0,911500.0,94479.0
Saturday,5,94117.0,Park,3,39169.0,23211.0,19255.0,17939.0,911500.0,94479.0
Saturday,5,94118.0,Richmond,5,38319.0,19663.0,18633.0,17171.0,1000001.0,82857.0
Saturday,5,94122.0,Taraval,3,56023.0,23699.0,23633.0,22162.0,774500.0,81768.0
Saturday,5,94123.0,Northern,7,23088.0,22622.0,15083.0,13717.0,1000001.0,112650.0
Saturday,5,94124.0,Bayview,11,33996.0,6901.0,10812.0,9717.0,470400.0,50146.0
Saturday,5,94127.0,Taraval,7,19289.0,10895.0,7801.0,7511.0,916900.0,131351.0
Saturday,5,94130.0,Southern,2,2880.0,3196.0,786.0,656.0,,37500.0
Saturday,5,94131.0,Park,1,26881.0,12926.0,13427.0,12618.0,859700.0,96889.0
Saturday,5,94132.0,Taraval,2,28129.0,9045.0,10769.0,9993.0,733100.0,69223.0
Saturday,5,94134.0,Bayview,1,40798.0,17001.0,11867.0,11244.0,547800.0,56716.0
Saturday,5,94134.0,Ingleside,6,40798.0,17001.0,11867.0,11244.0,547800.0,56716.0
Saturday,5,94158.0,Bayview,6,4792.0,7288.0,2482.0,2271.0,643900.0,82195.0
Saturday,5,94158.0,Mission,2,4792.0,7288.0,2482.0,2271.0,643900.0,82195.0
Saturday,5,94158.0,Southern,3,4792.0,7288.0,2482.0,2271.0,643900.0,82195.0
Saturday,6,94102.0,Mission,9,31176.0,46472.0,18758.0,16844.0,574100.0,22517.0
Saturday,6,94102.0,Northern,12,31176.0,46472.0,18758.0,16844.0,574100.0,22517.0
Saturday,6,94102.0,Out of SF,1,31176.0,46472.0,18758.0,16844.0,574100.0,22517.0
Saturday,6,94102.0,Tenderloin,6,31176.0,46472.0,18758.0,16844.0,574100.0,22517.0
Saturday,6,94103.0,Mission,4,27170.0,20036.0,14778.0,13098.0,628000.0,43364.0
Saturday,6,94103.0,Out of SF,3,27170.0,20036.0,14778.0,13098.0,628000.0,43364.0
Saturday,6,94103.0,Southern,24,27170.0,20036.0,14778.0,13098.0,628000.0,43364.0
Saturday,6,94103.0,Tenderloin,16,27170.0,20036.0,14778.0,13098.0,628000.0,43364.0
Saturday,6,94104.0,Central,13,406.0,5232.0,368.0,207.0,1000001.0,48750.0
Saturday,6,94105.0,Southern,9,5846.0,15826.0,4601.0,3586.0,740900.0,163949.0
Saturday,6,94107.0,Bayview,5,26599.0,14845.0,15141.0,13736.0,719700.0,114439.0
Saturday,6,94108.0,Central,12,13768.0,50983.0,8843.0,7628.0,856900.0,35427.0
Saturday,6,94108.0,Tenderloin,5,13768.0,50983.0,8843.0,7628.0,856900.0,35427.0
Saturday,6,94109.0,Central,11,55984.0,47129.0,37182.0,33342.0,723200.0,60722.0
Saturday,6,94109.0,Northern,12,55984.0,47129.0,37182.0,33342.0,723200.0,60722.0
Saturday,6,94109.0,Tenderloin,1,55984.0,47129.0,37182.0,33342.0,723200.0,60722.0
Saturday,6,94110.0,Bayview,5,69333.0,29816.0,28913.0,27128.0,768200.0,82111.0
Saturday,6,94110.0,Ingleside,2,69333.0,29816.0,28913.0,27128.0,768200.0,82111.0
Saturday,6,94110.0,Mission,32,69333.0,29816.0,28913.0,27128.0,768200.0,82111.0
Saturday,6,94110.0,Northern,2,69333.0,29816.0,28913.0,27128.0,768200.0,82111.0
Saturday,6,94111.0,Central,7,3713.0,10791.0,2811.0,2365.0,882000.0,89722.0
Saturday,6,94112.0,Ingleside,6,79407.0,23606.0,23081.0,21975.0,602400.0,71625.0
Saturday,6,94112.0,Taraval,3,79407.0,23606.0,23081.0,21975.0,602400.0,71625.0
Saturday,6,94114.0,Mission,3,31124.0,21837.0,17634.0,16281.0,1000001.0,114689.0
Saturday,6,94114.0,Park,4,31124.0,21837.0,17634.0,16281.0,1000001.0,114689.0
Saturday,6,94115.0,Northern,5,33021.0,29596.0,18884.0,17289.0,965800.0,76952.0
Saturday,6,94115.0,Richmond,2,33021.0,29596.0,18884.0,17289.0,965800.0,76952.0
Saturday,6,94116.0,Taraval,1,43698.0,16901.0,16283.0,15445.0,734400.0,83407.0
Saturday,6,94117.0,Mission,2,39169.0,23211.0,19255.0,17939.0,911500.0,94479.0
Saturday,6,94117.0,Northern,2,39169.0,23211.0,19255.0,17939.0,911500.0,94479.0
Saturday,6,94117.0,Park,6,39169.0,23211.0,19255.0,17939.0,911500.0,94479.0
Saturday,6,94118.0,Park,4,38319.0,19663.0,18633.0,17171.0,1000001.0,82857.0
Saturday,6,94118.0,Richmond,3,38319.0,19663.0,18633.0,17171.0,1000001.0,82857.0
Saturday,6,94122.0,Park,1,56023.0,23699.0,23633.0,22162.0,774500.0,81768.0
Saturday,6,94122.0,Richmond,5,56023.0,23699.0,23633.0,22162.0,774500.0,81768.0
Saturday,6,94122.0,Taraval,8,56023.0,23699.0,23633.0,22162.0,774500.0,81768.0
Saturday,6,94123.0,Northern,7,23088.0,22622.0,15083.0,13717.0,1000001.0,112650.0
Saturday,6,94124.0,Bayview,20,33996.0,6901.0,10812.0,9717.0,470400.0,50146.0
Saturday,6,94127.0,Taraval,4,19289.0,10895.0,7801.0,7511.0,916900.0,131351.0
Saturday,6,94130.0,Southern,1,2880.0,3196.0,786.0,656.0,,37500.0
Saturday,6,94132.0,Taraval,10,28129.0,9045.0,10769.0,9993.0,733100.0,69223.0
Saturday,6,94134.0,Bayview,6,40798.0,17001.0,11867.0,11244.0,547800.0,56716.0
Saturday,6,94134.0,Ingleside,4,40798.0,17001.0,11867.0,11244.0,547800.0,56716.0
Saturday,6,94158.0,Bayview,5,4792.0,7288.0,2482.0,2271.0,643900.0,82195.0
Saturday,6,94158.0,Out of SF,2,4792.0,7288.0,2482.0,2271.0,643900.0,82195.0
Saturday,6,94158.0,Southern,8,4792.0,7288.0,2482.0,2271.0,643900.0,82195.0
Saturday,7,94102.0,Mission,11,31176.0,46472.0,18758.0,16844.0,574100.0,22517.0
Saturday,7,94102.0,Northern,26,31176.0,46472.0,18758.0,16844.0,574100.0,22517.0
Saturday,7,94102.0,Southern,8,31176.0,46472.0,18758.0,16844.0,574100.0,22517.0
Saturday,7,94102.0,Tenderloin,10,31176.0,46472.0,18758.0,16844.0,574100.0,22517.0
Saturday,7,94103.0,Mission,3,27170.0,20036.0,14778.0,13098.0,628000.0,43364.0
Saturday,7,94103.0,Out of SF,1,27170.0,20036.0,14778.0,13098.0,628000.0,43364.0
Saturday,7,94103.0,Southern,38,27170.0,20036.0,14778.0,13098.0,628000.0,43364.0
Saturday,7,94103.0,Tenderloin,40,27170.0,20036.0,14778.0,13098.0,628000.0,43364.0
Saturday,7,94104.0,Central,17,406.0,5232.0,368.0,207.0,1000001.0,48750.0
Saturday,7,94104.0,Southern,4,406.0,5232.0,368.0,207.0,1000001.0,48750.0
Saturday,7,94104.0,Tenderloin,3,406.0,5232.0,368.0,207.0,1000001.0,48750.0
Saturday,7,94105.0,Central,6,5846.0,15826.0,4601.0,3586.0,740900.0,163949.0
Saturday,7,94105.0,Southern,7,5846.0,15826.0,4601.0,3586.0,740900.0,163949.0
Saturday,7,94107.0,Bayview,1,26599.0,14845.0,15141.0,13736.0,719700.0,114439.0
Saturday,7,94108.0,Central,16,13768.0,50983.0,8843.0,7628.0,856900.0,35427.0
Saturday,7,94108.0,Out of SF,2,13768.0,50983.0,8843.0,7628.0,856900.0,35427.0
Saturday,7,94108.0,Tenderloin,2,13768.0,50983.0,8843.0,7628.0,856900.0,35427.0
Saturday,7,94109.0,Central,7,55984.0,47129.0,37182.0,33342.0,723200.0,60722.0
Saturday,7,94109.0,Northern,15,55984.0,47129.0,37182.0,33342.0,723200.0,60722.0
Saturday,7,94109.0,Tenderloin,4,55984.0,47129.0,37182.0,33342.0,723200.0,60722.0
Saturday,7,94110.0,Bayview,11,69333.0,29816.0,28913.0,27128.0,768200.0,82111.0
Saturday,7,94110.0,Ingleside,7,69333.0,29816.0,28913.0,27128.0,768200.0,82111.0
Saturday,7,94110.0,Mission,31,69333.0,29816.0,28913.0,27128.0,768200.0,82111.0
Saturday,7,94110.0,Out of SF,1,69333.0,29816.0,28913.0,27128.0,768200.0,82111.0
Saturday,7,94111.0,Central,13,3713.0,10791.0,2811.0,2365.0,882000.0,89722.0
Saturday,7,94112.0,Ingleside,7,79407.0,23606.0,23081.0,21975.0,602400.0,71625.0
Saturday,7,94112.0,Taraval,1,79407.0,23606.0,23081.0,21975.0,602400.0,71625.0
Saturday,7,94114.0,Mission,9,31124.0,21837.0,17634.0,16281.0,1000001.0,114689.0
Saturday,7,94114.0,Park,6,31124.0,21837.0,17634.0,16281.0,1000001.0,114689.0
Saturday,7,94115.0,Northern,5,33021.0,29596.0,18884.0,17289.0,965800.0,76952.0
Saturday,7,94115.0,Richmond,5,33021.0,29596.0,18884.0,17289.0,965800.0,76952.0
Saturday,7,94116.0,Taraval,9,43698.0,16901.0,16283.0,15445.0,734400.0,83407.0
Saturday,7,94117.0,Mission,1,39169.0,23211.0,19255.0,17939.0,911500.0,94479.0
Saturday,7,94117.0,Northern,3,39169.0,23211.0,19255.0,17939.0,911500.0,94479.0
Saturday,7,94117.0,Park,26,39169.0,23211.0,19255.0,17939.0,911500.0,94479.0
Saturday,7,94118.0,Park,3,38319.0,19663.0,18633.0,17171.0,1000001.0,82857.0
Saturday,7,94118.0,Richmond,14,38319.0,19663.0,18633.0,17171.0,1000001.0,82857.0
Saturday,7,94122.0,Richmond,4,56023.0,23699.0,23633.0,22162.0,774500.0,81768.0
Saturday,7,94122.0,Taraval,10,56023.0,23699.0,23633.0,22162.0,774500.0,81768.0
Saturday,7,94123.0,Central,2,23088.0,22622.0,15083.0,13717.0,1000001.0,112650.0
Saturday,7,94123.0,Northern,21,23088.0,22622.0,15083.0,13717.0,1000001.0,112650.0
Saturday,7,94124.0,Bayview,14,33996.0,6901.0,10812.0,9717.0,470400.0,50146.0
Saturday,7,94124.0,Central,1,33996.0,6901.0,10812.0,9717.0,470400.0,50146.0
Saturday,7,94127.0,Taraval,5,19289.0,10895.0,7801.0,7511.0,916900.0,131351.0
Saturday,7,94130.0,Southern,1,2880.0,3196.0,786.0,656.0,,37500.0
Saturday,7,94131.0,Ingleside,3,26881.0,12926.0,13427.0,12618.0,859700.0,96889.0
Saturday,7,94131.0,Park,6,26881.0,12926.0,13427.0,12618.0,859700.0,96889.0
Saturday,7,94132.0,Taraval,11,28129.0,9045.0,10769.0,9993.0,733100.0,69223.0
Saturday,7,94134.0,Bayview,4,40798.0,17001.0,11867.0,11244.0,547800.0,56716.0
Saturday,7,94134.0,Central,1,40798.0,17001.0,11867.0,11244.0,547800.0,56716.0
Saturday,7,94134.0,Ingleside,6,40798.0,17001.0,11867.0,11244.0,547800.0,56716.0
Saturday,7,94158.0,Bayview,1,4792.0,7288.0,2482.0,2271.0,643900.0,82195.0
Saturday,7,94158.0,Mission,4,4792.0,7288.0,2482.0,2271.0,643900.0,82195.0
Saturday,7,94158.0,Out of SF,2,4792.0,7288.0,2482.0,2271.0,643900.0,82195.0
Saturday,7,94158.0,Southern,5,4792.0,7288.0,2482.0,2271.0,643900.0,82195.0
Saturday,8,94102.0,Mission,21,31176.0,46472.0,18758.0,16844.0,574100.0,22517.0
Saturday,8,94102.0,Northern,34,31176.0,46472.0,18758.0,16844.0,574100.0,22517.0
Saturday,8,94102.0,Out of SF,1,31176.0,46472.0,18758.0,16844.0,574100.0,22517.0
Saturday,8,94102.0,Southern,7,31176.0,46472.0,18758.0,16844.0,574100.0,22517.0
Saturday,8,94102.0,Tenderloin,20,31176.0,46472.0,18758.0,16844.0,574100.0,22517.0
Saturday,8,94103.0,Mission,3,27170.0,20036.0,14778.0,13098.0,628000.0,43364.0
Saturday,8,94103.0,Southern,32,27170.0,20036.0,14778.0,13098.0,628000.0,43364.0
Saturday,8,94103.0,Tenderloin,46,27170.0,20036.0,14778.0,13098.0,628000.0,43364.0
Saturday,8,94104.0,Central,24,406.0,5232.0,368.0,207.0,1000001.0,48750.0
Saturday,8,94104.0,Ingleside,1,406.0,5232.0,368.0,207.0,1000001.0,48750.0
Saturday,8,94104.0,Southern,4,406.0,5232.0,368.0,207.0,1000001.0,48750.0
Saturday,8,94104.0,Tenderloin,5,406.0,5232.0,368.0,207.0,1000001.0,48750.0
Saturday,8,94105.0,Central,5,5846.0,15826.0,4601.0,3586.0,740900.0,163949.0
Saturday,8,94105.0,Southern,15,5846.0,15826.0,4601.0,3586.0,740900.0,163949.0
Saturday,8,94107.0,Bayview,2,26599.0,14845.0,15141.0,13736.0,719700.0,114439.0
Saturday,8,94107.0,Southern,4,26599.0,14845.0,15141.0,13736.0,719700.0,114439.0
Saturday,8,94108.0,Central,25,13768.0,50983.0,8843.0,7628.0,856900.0,35427.0
Saturday,8,94108.0,Tenderloin,2,13768.0,50983.0,8843.0,7628.0,856900.0,35427.0
Saturday,8,94109.0,Central,7,55984.0,47129.0,37182.0,33342.0,723200.0,60722.0
Saturday,8,94109.0,Northern,27,55984.0,47129.0,37182.0,33342.0,723200.0,60722.0
Saturday,8,94109.0,Tenderloin,1,55984.0,47129.0,37182.0,33342.0,723200.0,60722.0
Saturday,8,94110.0,Bayview,6,69333.0,29816.0,28913.0,27128.0,768200.0,82111.0
Saturday,8,94110.0,Ingleside,6,69333.0,29816.0,28913.0,27128.0,768200.0,82111.0
Saturday,8,94110.0,Mission,47,69333.0,29816.0,28913.0,27128.0,768200.0,82111.0
Saturday,8,94110.0,Out of SF,2,69333.0,29816.0,28913.0,27128.0,768200.0,82111.0
Saturday,8,94111.0,Central,16,3713.0,10791.0,2811.0,2365.0,882000.0,89722.0
Saturday,8,94112.0,Ingleside,11,79407.0,23606.0,23081.0,21975.0,602400.0,71625.0
Saturday,8,94112.0,Taraval,3,79407.0,23606.0,23081.0,21975.0,602400.0,71625.0
Saturday,8,94114.0,Mission,9,31124.0,21837.0,17634.0,16281.0,1000001.0,114689.0
Saturday,8,94114.0,Park,8,31124.0,21837.0,17634.0,16281.0,1000001.0,114689.0
Saturday,8,94115.0,Northern,11,33021.0,29596.0,18884.0,17289.0,965800.0,76952.0
Saturday,8,94115.0,Park,1,33021.0,29596.0,18884.0,17289.0,965800.0,76952.0
Saturday,8,94115.0,Richmond,2,33021.0,29596.0,18884.0,17289.0,965800.0,76952.0
Saturday,8,94116.0,Taraval,6,43698.0,16901.0,16283.0,15445.0,734400.0,83407.0
Saturday,8,94117.0,Mission,1,39169.0,23211.0,19255.0,17939.0,911500.0,94479.0
Saturday,8,94117.0,Northern,10,39169.0,23211.0,19255.0,17939.0,911500.0,94479.0
Saturday,8,94117.0,Park,37,39169.0,23211.0,19255.0,17939.0,911500.0,94479.0
Saturday,8,94118.0,Park,4,38319.0,19663.0,18633.0,17171.0,1000001.0,82857.0
Saturday,8,94118.0,Richmond,20,38319.0,19663.0,18633.0,17171.0,1000001.0,82857.0
Saturday,8,94122.0,Park,2,56023.0,23699.0,23633.0,22162.0,774500.0,81768.0
Saturday,8,94122.0,Richmond,12,56023.0,23699.0,23633.0,22162.0,774500.0,81768.0
Saturday,8,94122.0,Taraval,18,56023.0,23699.0,23633.0,22162.0,774500.0,81768.0
Saturday,8,94123.0,Central,1,23088.0,22622.0,15083.0,13717.0,1000001.0,112650.0
Saturday,8,94123.0,Northern,15,23088.0,22622.0,15083.0,13717.0,1000001.0,112650.0
Saturday,8,94124.0,Bayview,25,33996.0,6901.0,10812.0,9717.0,470400.0,50146.0
Saturday,8,94127.0,Ingleside,5,19289.0,10895.0,7801.0,7511.0,916900.0,131351.0
Saturday,8,94127.0,Taraval,4,19289.0,10895.0,7801.0,7511.0,916900.0,131351.0
Saturday,8,94130.0,Southern,1,2880.0,3196.0,786.0,656.0,,37500.0
Saturday,8,94131.0,Ingleside,5,26881.0,12926.0,13427.0,12618.0,859700.0,96889.0
Saturday,8,94131.0,Mission,3,26881.0,12926.0,13427.0,12618.0,859700.0,96889.0
Saturday,8,94131.0,Out of SF,3,26881.0,12926.0,13427.0,12618.0,859700.0,96889.0
Saturday,8,94131.0,Park,1,26881.0,12926.0,13427.0,12618.0,859700.0,96889.0
Saturday,8,94132.0,Out of SF,1,28129.0,9045.0,10769.0,9993.0,733100.0,69223.0
Saturday,8,94132.0,Richmond,1,28129.0,9045.0,10769.0,9993.0,733100.0,69223.0
Saturday,8,94132.0,Taraval,10,28129.0,9045.0,10769.0,9993.0,733100.0,69223.0
Saturday,8,94134.0,Bayview,9,40798.0,17001.0,11867.0,11244.0,547800.0,56716.0
Saturday,8,94134.0,Ingleside,10,40798.0,17001.0,11867.0,11244.0,547800.0,56716.0
Saturday,8,94158.0,Mission,2,4792.0,7288.0,2482.0,2271.0,643900.0,82195.0
Saturday,8,94158.0,Southern,11,4792.0,7288.0,2482.0,2271.0,643900.0,82195.0
Saturday,9,94102.0,Mission,12,31176.0,46472.0,18758.0,16844.0,574100.0,22517.0
Saturday,9,94102.0,Northern,29,31176.0,46472.0,18758.0,16844.0,574100.0,22517.0
Saturday,9,94102.0,Out of SF,3,31176.0,46472.0,18758.0,16844.0,574100.0,22517.0
Saturday,9,94102.0,Southern,3,31176.0,46472.0,18758.0,16844.0,574100.0,22517.0
Saturday,9,94102.0,Tenderloin,25,31176.0,46472.0,18758.0,16844.0,574100.0,22517.0
Saturday,9,94103.0,Mission,7,27170.0,20036.0,14778.0,13098.0,628000.0,43364.0
Saturday,9,94103.0,Southern,38,27170.0,20036.0,14778.0,13098.0,628000.0,43364.0
Saturday,9,94103.0,Tenderloin,41,27170.0,20036.0,14778.0,13098.0,628000.0,43364.0
Saturday,9,94104.0,Central,19,406.0,5232.0,368.0,207.0,1000001.0,48750.0
Saturday,9,94104.0,Southern,1,406.0,5232.0,368.0,207.0,1000001.0,48750.0
Saturday,9,94104.0,Tenderloin,2,406.0,5232.0,368.0,207.0,1000001.0,48750.0
Saturday,9,94105.0,Central,3,5846.0,15826.0,4601.0,3586.0,740900.0,163949.0
Saturday,9,94105.0,Southern,13,5846.0,15826.0,4601.0,3586.0,740900.0,163949.0
Saturday,9,94107.0,Bayview,6,26599.0,14845.0,15141.0,13736.0,719700.0,114439.0
Saturday,9,94108.0,Central,31,13768.0,50983.0,8843.0,7628.0,856900.0,35427.0
Saturday,9,94108.0,Out of SF,2,13768.0,50983.0,8843.0,7628.0,856900.0,35427.0
Saturday,9,94108.0,Tenderloin,5,13768.0,50983.0,8843.0,7628.0,856900.0,35427.0
Saturday,9,94109.0,Central,13,55984.0,47129.0,37182.0,33342.0,723200.0,60722.0
Saturday,9,94109.0,Northern,20,55984.0,47129.0,37182.0,33342.0,723200.0,60722.0
Saturday,9,94110.0,Bayview,9,69333.0,29816.0,28913.0,27128.0,768200.0,82111.0
Saturday,9,94110.0,Ingleside,9,69333.0,29816.0,28913.0,27128.0,768200.0,82111.0
Saturday,9,94110.0,Mission,41,69333.0,29816.0,28913.0,27128.0,768200.0,82111.0
Saturday,9,94110.0,Out of SF,2,69333.0,29816.0,28913.0,27128.0,768200.0,82111.0
Saturday,9,94111.0,Central,42,3713.0,10791.0,2811.0,2365.0,882000.0,89722.0
Saturday,9,94111.0,Northern,2,3713.0,10791.0,2811.0,2365.0,882000.0,89722.0
Saturday,9,94112.0,Ingleside,16,79407.0,23606.0,23081.0,21975.0,602400.0,71625.0
Saturday,9,94112.0,Taraval,3,79407.0,23606.0,23081.0,21975.0,602400.0,71625.0
Saturday,9,94114.0,Mission,17,31124.0,21837.0,17634.0,16281.0,1000001.0,114689.0
Saturday,9,94114.0,Park,1,31124.0,21837.0,17634.0,16281.0,1000001.0,114689.0
Saturday,9,94115.0,Northern,12,33021.0,29596.0,18884.0,17289.0,965800.0,76952.0
Saturday,9,94115.0,Richmond,5,33021.0,29596.0,18884.0,17289.0,965800.0,76952.0
Saturday,9,94116.0,Taraval,15,43698.0,16901.0,16283.0,15445.0,734400.0,83407.0
Saturday,9,94117.0,Mission,7,39169.0,23211.0,19255.0,17939.0,911500.0,94479.0
Saturday,9,94117.0,Northern,10,39169.0,23211.0,19255.0,17939.0,911500.0,94479.0
Saturday,9,94117.0,Park,45,39169.0,23211.0,19255.0,17939.0,911500.0,94479.0
Saturday,9,94117.0,Richmond,2,39169.0,23211.0,19255.0,17939.0,911500.0,94479.0
Saturday,9,94118.0,Park,4,38319.0,19663.0,18633.0,17171.0,1000001.0,82857.0
Saturday,9,94118.0,Richmond,30,38319.0,19663.0,18633.0,17171.0,1000001.0,82857.0
Saturday,9,94122.0,Park,2,56023.0,23699.0,23633.0,22162.0,774500.0,81768.0
Saturday,9,94122.0,Richmond,13,56023.0,23699.0,23633.0,22162.0,774500.0,81768.0
Saturday,9,94122.0,Taraval,16,56023.0,23699.0,23633.0,22162.0,774500.0,81768.0
Saturday,9,94123.0,Northern,15,23088.0,22622.0,15083.0,13717.0,1000001.0,112650.0
Saturday,9,94124.0,Bayview,19,33996.0,6901.0,10812.0,9717.0,470400.0,50146.0
Saturday,9,94124.0,Out of SF,1,33996.0,6901.0,10812.0,9717.0,470400.0,50146.0
Saturday,9,94127.0,Ingleside,3,19289.0,10895.0,7801.0,7511.0,916900.0,131351.0
Saturday,9,94127.0,Taraval,5,19289.0,10895.0,7801.0,7511.0,916900.0,131351.0
Saturday,9,94130.0,Southern,2,2880.0,3196.0,786.0,656.0,,37500.0
Saturday,9,94131.0,Ingleside,4,26881.0,12926.0,13427.0,12618.0,859700.0,96889.0
Saturday,9,94131.0,Mission,5,26881.0,12926.0,13427.0,12618.0,859700.0,96889.0
Saturday,9,94131.0,Park,5,26881.0,12926.0,13427.0,12618.0,859700.0,96889.0
Saturday,9,94132.0,Taraval,12,28129.0,9045.0,10769.0,9993.0,733100.0,69223.0
Saturday,9,94134.0,Bayview,14,40798.0,17001.0,11867.0,11244.0,547800.0,56716.0
Saturday,9,94134.0,Ingleside,24,40798.0,17001.0,11867.0,11244.0,547800.0,56716.0
Saturday,9,94134.0,Taraval,1,40798.0,17001.0,11867.0,11244.0,547800.0,56716.0
Saturday,9,94158.0,Bayview,5,4792.0,7288.0,2482.0,2271.0,643900.0,82195.0
Saturday,9,94158.0,Mission,8,4792.0,7288.0,2482.0,2271.0,643900.0,82195.0
Saturday,9,94158.0,Out of SF,5,4792.0,7288.0,2482.0,2271.0,643900.0,82195.0
Saturday,9,94158.0,Southern,28,4792.0,7288.0,2482.0,2271.0,643900.0,82195.0
Saturday,9,94158.0,Tenderloin,1,4792.0,7288.0,2482.0,2271.0,643900.0,82195.0
Saturday,10,94102.0,Mission,14,31176.0,46472.0,18758.0,16844.0,574100.0,22517.0
Saturday,10,94102.0,Northern,38,31176.0,46472.0,18758.0,16844.0,574100.0,22517.0
Saturday,10,94102.0,Southern,9,31176.0,46472.0,18758.0,16844.0,574100.0,22517.0
Saturday,10,94102.0,Tenderloin,20,31176.0,46472.0,18758.0,16844.0,574100.0,22517.0
Saturday,10,94103.0,Central,1,27170.0,20036.0,14778.0,13098.0,628000.0,43364.0
Saturday,10,94103.0,Mission,8,27170.0,20036.0,14778.0,13098.0,628000.0,43364.0
Saturday,10,94103.0,Out of SF,2,27170.0,20036.0,14778.0,13098.0,628000.0,43364.0
Saturday,10,94103.0,Southern,44,27170.0,20036.0,14778.0,13098.0,628000.0,43364.0
Saturday,10,94103.0,Tenderloin,49,27170.0,20036.0,14778.0,13098.0,628000.0,43364.0
Saturday,10,94104.0,Central,30,406.0,5232.0,368.0,207.0,1000001.0,48750.0
Saturday,10,94104.0,Tenderloin,1,406.0,5232.0,368.0,207.0,1000001.0,48750.0
Saturday,10,94105.0,Central,5,5846.0,15826.0,4601.0,3586.0,740900.0,163949.0
Saturday,10,94105.0,Out of SF,1,5846.0,15826.0,4601.0,3586.0,740900.0,163949.0
Saturday,10,94105.0,Southern,13,5846.0,15826.0,4601.0,3586.0,740900.0,163949.0
Saturday,10,94107.0,Bayview,6,26599.0,14845.0,15141.0,13736.0,719700.0,114439.0
Saturday,10,94107.0,Southern,1,26599.0,14845.0,15141.0,13736.0,719700.0,114439.0
Saturday,10,94108.0,Central,69,13768.0,50983.0,8843.0,7628.0,856900.0,35427.0
Saturday,10,94108.0,Tenderloin,9,13768.0,50983.0,8843.0,7628.0,856900.0,35427.0
Saturday,10,94109.0,Central,22,55984.0,47129.0,37182.0,33342.0,723200.0,60722.0
Saturday,10,94109.0,Northern,34,55984.0,47129.0,37182.0,33342.0,723200.0,60722.0
Saturday,10,94109.0,Tenderloin,4,55984.0,47129.0,37182.0,33342.0,723200.0,60722.0
Saturday,10,94110.0,Bayview,12,69333.0,29816.0,28913.0,27128.0,768200.0,82111.0
Saturday,10,94110.0,Ingleside,11,69333.0,29816.0,28913.0,27128.0,768200.0,82111.0
Saturday,10,94110.0,Mission,38,69333.0,29816.0,28913.0,27128.0,768200.0,82111.0
Saturday,10,94110.0,Northern,1,69333.0,29816.0,28913.0,27128.0,768200.0,82111.0
Saturday,10,94110.0,Southern,1,69333.0,29816.0,28913.0,27128.0,768200.0,82111.0
Saturday,10,94111.0,Central,38,3713.0,10791.0,2811.0,2365.0,882000.0,89722.0
Saturday,10,94112.0,Ingleside,28,79407.0,23606.0,23081.0,21975.0,602400.0,71625.0
Saturday,10,94112.0,Out of SF,2,79407.0,23606.0,23081.0,21975.0,602400.0,71625.0
Saturday,10,94112.0,Taraval,1,79407.0,23606.0,23081.0,21975.0,602400.0,71625.0
Saturday,10,94114.0,Mission,24,31124.0,21837.0,17634.0,16281.0,1000001.0,114689.0
Saturday,10,94114.0,Park,3,31124.0,21837.0,17634.0,16281.0,1000001.0,114689.0
Saturday,10,94115.0,Northern,25,33021.0,29596.0,18884.0,17289.0,965800.0,76952.0
Saturday,10,94115.0,Richmond,9,33021.0,29596.0,18884.0,17289.0,965800.0,76952.0
Saturday,10,94116.0,Taraval,9,43698.0,16901.0,16283.0,15445.0,734400.0,83407.0
Saturday,10,94117.0,Mission,2,39169.0,23211.0,19255.0,17939.0,911500.0,94479.0
Saturday,10,94117.0,Northern,15,39169.0,23211.0,19255.0,17939.0,911500.0,94479.0
Saturday,10,94117.0,Park,19,39169.0,23211.0,19255.0,17939.0,911500.0,94479.0
Saturday,10,94118.0,Out of SF,1,38319.0,19663.0,18633.0,17171.0,1000001.0,82857.0
Saturday,10,94118.0,Park,9,38319.0,19663.0,18633.0,17171.0,1000001.0,82857.0
Saturday,10,94118.0,Richmond,13,38319.0,19663.0,18633.0,17171.0,1000001.0,82857.0
Saturday,10,94122.0,Park,2,56023.0,23699.0,23633.0,22162.0,774500.0,81768.0
Saturday,10,94122.0,Richmond,28,56023.0,23699.0,23633.0,22162.0,774500.0,81768.0
Saturday,10,94122.0,Taraval,13,56023.0,23699.0,23633.0,22162.0,774500.0,81768.0
Saturday,10,94123.0,Central,1,23088.0,22622.0,15083.0,13717.0,1000001.0,112650.0
Saturday,10,94123.0,Northern,35,23088.0,22622.0,15083.0,13717.0,1000001.0,112650.0
Saturday,10,94124.0,Bayview,29,33996.0,6901.0,10812.0,9717.0,470400.0,50146.0
Saturday,10,94124.0,Central,2,33996.0,6901.0,10812.0,9717.0,470400.0,50146.0
Saturday,10,94124.0,Ingleside,1,33996.0,6901.0,10812.0,9717.0,470400.0,50146.0
Saturday,10,94127.0,Ingleside,5,19289.0,10895.0,7801.0,7511.0,916900.0,131351.0
Saturday,10,94127.0,Taraval,2,19289.0,10895.0,7801.0,7511.0,916900.0,131351.0
Saturday,10,94130.0,Southern,4,2880.0,3196.0,786.0,656.0,,37500.0
Saturday,10,94131.0,Ingleside,3,26881.0,12926.0,13427.0,12618.0,859700.0,96889.0
Saturday,10,94131.0,Mission,1,26881.0,12926.0,13427.0,12618.0,859700.0,96889.0
Saturday,10,94131.0,Park,9,26881.0,12926.0,13427.0,12618.0,859700.0,96889.0
Saturday,10,94132.0,Ingleside,1,28129.0,9045.0,10769.0,9993.0,733100.0,69223.0
Saturday,10,94132.0,Taraval,11,28129.0,9045.0,10769.0,9993.0,733100.0,69223.0
Saturday,10,94134.0,Bayview,27,40798.0,17001.0,11867.0,11244.0,547800.0,56716.0
Saturday,10,94134.0,Ingleside,8,40798.0,17001.0,11867.0,11244.0,547800.0,56716.0
Saturday,10,94134.0,Mission,1,40798.0,17001.0,11867.0,11244.0,547800.0,56716.0
Saturday,10,94158.0,Bayview,11,4792.0,7288.0,2482.0,2271.0,643900.0,82195.0
Saturday,10,94158.0,Mission,3,4792.0,7288.0,2482.0,2271.0,643900.0,82195.0
Saturday,10,94158.0,Southern,19,4792.0,7288.0,2482.0,2271.0,643900.0,82195.0
Saturday,10,94158.0,Tenderloin,2,4792.0,7288.0,2482.0,2271.0,643900.0,82195.0
Saturday,11,94102.0,Ingleside,1,31176.0,46472.0,18758.0,16844.0,574100.0,22517.0
Saturday,11,94102.0,Mission,21,31176.0,46472.0,18758.0,16844.0,574100.0,22517.0
Saturday,11,94102.0,Northern,49,31176.0,46472.0,18758.0,16844.0,574100.0,22517.0
Saturday,11,94102.0,Southern,7,31176.0,46472.0,18758.0,16844.0,574100.0,22517.0
Saturday,11,94102.0,Tenderloin,35,31176.0,46472.0,18758.0,16844.0,574100.0,22517.0
Saturday,11,94103.0,Bayview,1,27170.0,20036.0,14778.0,13098.0,628000.0,43364.0
Saturday,11,94103.0,Central,1,27170.0,20036.0,14778.0,13098.0,628000.0,43364.0
Saturday,11,94103.0,Mission,6,27170.0,20036.0,14778.0,13098.0,628000.0,43364.0
Saturday,11,94103.0,Out of SF,5,27170.0,20036.0,14778.0,13098.0,628000.0,43364.0
Saturday,11,94103.0,Southern,44,27170.0,20036.0,14778.0,13098.0,628000.0,43364.0
Saturday,11,94103.0,Tenderloin,51,27170.0,20036.0,14778.0,13098.0,628000.0,43364.0
Saturday,11,94104.0,Central,41,406.0,5232.0,368.0,207.0,1000001.0,48750.0
Saturday,11,94104.0,Southern,1,406.0,5232.0,368.0,207.0,1000001.0,48750.0
Saturday,11,94105.0,Central,12,5846.0,15826.0,4601.0,3586.0,740900.0,163949.0
Saturday,11,94105.0,Southern,17,5846.0,15826.0,4601.0,3586.0,740900.0,163949.0
Saturday,11,94107.0,Bayview,3,26599.0,14845.0,15141.0,13736.0,719700.0,114439.0
Saturday,11,94107.0,Southern,5,26599.0,14845.0,15141.0,13736.0,719700.0,114439.0
Saturday,11,94108.0,Central,63,13768.0,50983.0,8843.0,7628.0,856900.0,35427.0
Saturday,11,94108.0,Out of SF,2,13768.0,50983.0,8843.0,7628.0,856900.0,35427.0
Saturday,11,94108.0,Tenderloin,6,13768.0,50983.0,8843.0,7628.0,856900.0,35427.0
Saturday,11,94109.0,Central,14,55984.0,47129.0,37182.0,33342.0,723200.0,60722.0
Saturday,11,94109.0,Northern,34,55984.0,47129.0,37182.0,33342.0,723200.0,60722.0
Saturday,11,94110.0,Bayview,5,69333.0,29816.0,28913.0,27128.0,768200.0,82111.0
Saturday,11,94110.0,Ingleside,8,69333.0,29816.0,28913.0,27128.0,768200.0,82111.0
Saturday,11,94110.0,Mission,47,69333.0,29816.0,28913.0,27128.0,768200.0,82111.0
Saturday,11,94110.0,Southern,2,69333.0,29816.0,28913.0,27128.0,768200.0,82111.0
Saturday,11,94111.0,Central,42,3713.0,10791.0,2811.0,2365.0,882000.0,89722.0
Saturday,11,94112.0,Ingleside,27,79407.0,23606.0,23081.0,21975.0,602400.0,71625.0
Saturday,11,94114.0,Mission,16,31124.0,21837.0,17634.0,16281.0,1000001.0,114689.0
Saturday,11,94114.0,Park,1,31124.0,21837.0,17634.0,16281.0,1000001.0,114689.0
Saturday,11,94114.0,Southern,1,31124.0,21837.0,17634.0,16281.0,1000001.0,114689.0
Saturday,11,94115.0,Northern,19,33021.0,29596.0,18884.0,17289.0,965800.0,76952.0
Saturday,11,94115.0,Richmond,12,33021.0,29596.0,18884.0,17289.0,965800.0,76952.0
Saturday,11,94116.0,Out of SF,2,43698.0,16901.0,16283.0,15445.0,734400.0,83407.0
Saturday,11,94116.0,Taraval,20,43698.0,16901.0,16283.0,15445.0,734400.0,83407.0
Saturday,11,94117.0,Mission,7,39169.0,23211.0,19255.0,17939.0,911500.0,94479.0
Saturday,11,94117.0,Northern,20,39169.0,23211.0,19255.0,17939.0,911500.0,94479.0
Saturday,11,94117.0,Park,31,39169.0,23211.0,19255.0,17939.0,911500.0,94479.0
Saturday,11,94117.0,Southern,2,39169.0,23211.0,19255.0,17939.0,911500.0,94479.0
Saturday,11,94118.0,Park,13,38319.0,19663.0,18633.0,17171.0,1000001.0,82857.0
Saturday,11,94118.0,Richmond,35,38319.0,19663.0,18633.0,17171.0,1000001.0,82857.0
Saturday,11,94122.0,Park,1,56023.0,23699.0,23633.0,22162.0,774500.0,81768.0
Saturday,11,94122.0,Richmond,29,56023.0,23699.0,23633.0,22162.0,774500.0,81768.0
Saturday,11,94122.0,Taraval,17,56023.0,23699.0,23633.0,22162.0,774500.0,81768.0
Saturday,11,94123.0,Central,1,23088.0,22622.0,15083.0,13717.0,1000001.0,112650.0
Saturday,11,94123.0,Northern,38,23088.0,22622.0,15083.0,13717.0,1000001.0,112650.0
Saturday,11,94124.0,Bayview,45,33996.0,6901.0,10812.0,9717.0,470400.0,50146.0
Saturday,11,94124.0,Central,2,33996.0,6901.0,10812.0,9717.0,470400.0,50146.0
Saturday,11,94127.0,Ingleside,4,19289.0,10895.0,7801.0,7511.0,916900.0,131351.0
Saturday,11,94127.0,Taraval,5,19289.0,10895.0,7801.0,7511.0,916900.0,131351.0
Saturday,11,94130.0,Southern,2,2880.0,3196.0,786.0,656.0,,37500.0
Saturday,11,94131.0,Ingleside,4,26881.0,12926.0,13427.0,12618.0,859700.0,96889.0
Saturday,11,94131.0,Mission,3,26881.0,12926.0,13427.0,12618.0,859700.0,96889.0
Saturday,11,94131.0,Park,6,26881.0,12926.0,13427.0,12618.0,859700.0,96889.0
Saturday,11,94132.0,Taraval,23,28129.0,9045.0,10769.0,9993.0,733100.0,69223.0
Saturday,11,94134.0,Bayview,22,40798.0,17001.0,11867.0,11244.0,547800.0,56716.0
Saturday,11,94134.0,Ingleside,15,40798.0,17001.0,11867.0,11244.0,547800.0,56716.0
Saturday,11,94158.0,Bayview,5,4792.0,7288.0,2482.0,2271.0,643900.0,82195.0
Saturday,11,94158.0,Mission,4,4792.0,7288.0,2482.0,2271.0,643900.0,82195.0
Saturday,11,94158.0,Out of SF,3,4792.0,7288.0,2482.0,2271.0,643900.0,82195.0
Saturday,11,94158.0,Southern,15,4792.0,7288.0,2482.0,2271.0,643900.0,82195.0
Saturday,12,94102.0,Mission,34,31176.0,46472.0,18758.0,16844.0,574100.0,22517.0
Saturday,12,94102.0,Northern,41,31176.0,46472.0,18758.0,16844.0,574100.0,22517.0
Saturday,12,94102.0,Out of SF,1,31176.0,46472.0,18758.0,16844.0,574100.0,22517.0
Saturday,12,94102.0,Southern,5,31176.0,46472.0,18758.0,16844.0,574100.0,22517.0
Saturday,12,94102.0,Tenderloin,21,31176.0,46472.0,18758.0,16844.0,574100.0,22517.0
Saturday,12,94103.0,Central,1,27170.0,20036.0,14778.0,13098.0,628000.0,43364.0
Saturday,12,94103.0,Mission,7,27170.0,20036.0,14778.0,13098.0,628000.0,43364.0
Saturday,12,94103.0,Out of SF,12,27170.0,20036.0,14778.0,13098.0,628000.0,43364.0
Saturday,12,94103.0,Southern,57,27170.0,20036.0,14778.0,13098.0,628000.0,43364.0
Saturday,12,94103.0,Tenderloin,100,27170.0,20036.0,14778.0,13098.0,628000.0,43364.0
Saturday,12,94104.0,Central,73,406.0,5232.0,368.0,207.0,1000001.0,48750.0
Saturday,12,94104.0,Southern,2,406.0,5232.0,368.0,207.0,1000001.0,48750.0
Saturday,12,94104.0,Tenderloin,4,406.0,5232.0,368.0,207.0,1000001.0,48750.0
Saturday,12,94105.0,Central,6,5846.0,15826.0,4601.0,3586.0,740900.0,163949.0
Saturday,12,94105.0,Southern,21,5846.0,15826.0,4601.0,3586.0,740900.0,163949.0
Saturday,12,94107.0,Bayview,4,26599.0,14845.0,15141.0,13736.0,719700.0,114439.0
Saturday,12,94107.0,Southern,3,26599.0,14845.0,15141.0,13736.0,719700.0,114439.0
Saturday,12,94108.0,Central,57,13768.0,50983.0,8843.0,7628.0,856900.0,35427.0
Saturday,12,94108.0,Out of SF,6,13768.0,50983.0,8843.0,7628.0,856900.0,35427.0
Saturday,12,94108.0,Tenderloin,5,13768.0,50983.0,8843.0,7628.0,856900.0,35427.0
Saturday,12,94109.0,Central,12,55984.0,47129.0,37182.0,33342.0,723200.0,60722.0
Saturday,12,94109.0,Northern,36,55984.0,47129.0,37182.0,33342.0,723200.0,60722.0
Saturday,12,94109.0,Out of SF,1,55984.0,47129.0,37182.0,33342.0,723200.0,60722.0
Saturday,12,94109.0,Tenderloin,1,55984.0,47129.0,37182.0,33342.0,723200.0,60722.0
Saturday,12,94110.0,Bayview,16,69333.0,29816.0,28913.0,27128.0,768200.0,82111.0
Saturday,12,94110.0,Ingleside,33,69333.0,29816.0,28913.0,27128.0,768200.0,82111.0
Saturday,12,94110.0,Mission,63,69333.0,29816.0,28913.0,27128.0,768200.0,82111.0
Saturday,12,94110.0,Out of SF,2,69333.0,29816.0,28913.0,27128.0,768200.0,82111.0
Saturday,12,94111.0,Central,69,3713.0,10791.0,2811.0,2365.0,882000.0,89722.0
Saturday,12,94111.0,Northern,2,3713.0,10791.0,2811.0,2365.0,882000.0,89722.0
Saturday,12,94112.0,Ingleside,43,79407.0,23606.0,23081.0,21975.0,602400.0,71625.0
Saturday,12,94112.0,Mission,2,79407.0,23606.0,23081.0,21975.0,602400.0,71625.0
Saturday,12,94112.0,Taraval,7,79407.0,23606.0,23081.0,21975.0,602400.0,71625.0
Saturday,12,94114.0,Mission,21,31124.0,21837.0,17634.0,16281.0,1000001.0,114689.0
Saturday,12,94114.0,Park,5,31124.0,21837.0,17634.0,16281.0,1000001.0,114689.0
Saturday,12,94115.0,Northern,27,33021.0,29596.0,18884.0,17289.0,965800.0,76952.0
Saturday,12,94115.0,Park,1,33021.0,29596.0,18884.0,17289.0,965800.0,76952.0
Saturday,12,94115.0,Richmond,5,33021.0,29596.0,18884.0,17289.0,965800.0,76952.0
Saturday,12,94116.0,Taraval,25,43698.0,16901.0,16283.0,15445.0,734400.0,83407.0
Saturday,12,94117.0,Mission,4,39169.0,23211.0,19255.0,17939.0,911500.0,94479.0
Saturday,12,94117.0,Northern,24,39169.0,23211.0,19255.0,17939.0,911500.0,94479.0
Saturday,12,94117.0,Park,40,39169.0,23211.0,19255.0,17939.0,911500.0,94479.0
Saturday,12,94118.0,Central,1,38319.0,19663.0,18633.0,17171.0,1000001.0,82857.0
Saturday,12,94118.0,Park,9,38319.0,19663.0,18633.0,17171.0,1000001.0,82857.0
Saturday,12,94118.0,Richmond,31,38319.0,19663.0,18633.0,17171.0,1000001.0,82857.0
Saturday,12,94122.0,Park,1,56023.0,23699.0,23633.0,22162.0,774500.0,81768.0
Saturday,12,94122.0,Richmond,35,56023.0,23699.0,23633.0,22162.0,774500.0,81768.0
Saturday,12,94122.0,Taraval,28,56023.0,23699.0,23633.0,22162.0,774500.0,81768.0
Saturday,12,94123.0,Central,1,23088.0,22622.0,15083.0,13717.0,1000001.0,112650.0
Saturday,12,94123.0,Northern,28,23088.0,22622.0,15083.0,13717.0,1000001.0,112650.0
Saturday,12,94124.0,Bayview,32,33996.0,6901.0,10812.0,9717.0,470400.0,50146.0
Saturday,12,94124.0,Ingleside,1,33996.0,6901.0,10812.0,9717.0,470400.0,50146.0
Saturday,12,94124.0,Out of SF,2,33996.0,6901.0,10812.0,9717.0,470400.0,50146.0
Saturday,12,94127.0,Ingleside,10,19289.0,10895.0,7801.0,7511.0,916900.0,131351.0
Saturday,12,94127.0,Park,1,19289.0,10895.0,7801.0,7511.0,916900.0,131351.0
Saturday,12,94127.0,Taraval,10,19289.0,10895.0,7801.0,7511.0,916900.0,131351.0
Saturday,12,94129.0,Richmond,1,3183.0,1381.0,1132.0,1086.0,,143320.0
Saturday,12,94130.0,Southern,4,2880.0,3196.0,786.0,656.0,,37500.0
Saturday,12,94131.0,Ingleside,9,26881.0,12926.0,13427.0,12618.0,859700.0,96889.0
Saturday,12,94131.0,Mission,4,26881.0,12926.0,13427.0,12618.0,859700.0,96889.0
Saturday,12,94131.0,Park,10,26881.0,12926.0,13427.0,12618.0,859700.0,96889.0
Saturday,12,94131.0,Richmond,1,26881.0,12926.0,13427.0,12618.0,859700.0,96889.0
Saturday,12,94131.0,Taraval,1,26881.0,12926.0,13427.0,12618.0,859700.0,96889.0
Saturday,12,94132.0,Taraval,31,28129.0,9045.0,10769.0,9993.0,733100.0,69223.0
Saturday,12,94134.0,Bayview,13,40798.0,17001.0,11867.0,11244.0,547800.0,56716.0
Saturday,12,94134.0,Ingleside,15,40798.0,17001.0,11867.0,11244.0,547800.0,56716.0
Saturday,12,94158.0,Bayview,10,4792.0,7288.0,2482.0,2271.0,643900.0,82195.0
Saturday,12,94158.0,Mission,2,4792.0,7288.0,2482.0,2271.0,643900.0,82195.0
Saturday,12,94158.0,Out of SF,4,4792.0,7288.0,2482.0,2271.0,643900.0,82195.0
Saturday,12,94158.0,Southern,33,4792.0,7288.0,2482.0,2271.0,643900.0,82195.0
Saturday,13,94102.0,Mission,15,31176.0,46472.0,18758.0,16844.0,574100.0,22517.0
Saturday,13,94102.0,Northern,32,31176.0,46472.0,18758.0,16844.0,574100.0,22517.0
Saturday,13,94102.0,Southern,7,31176.0,46472.0,18758.0,16844.0,574100.0,22517.0
Saturday,13,94102.0,Tenderloin,18,31176.0,46472.0,18758.0,16844.0,574100.0,22517.0
Saturday,13,94103.0,Bayview,1,27170.0,20036.0,14778.0,13098.0,628000.0,43364.0
Saturday,13,94103.0,Mission,2,27170.0,20036.0,14778.0,13098.0,628000.0,43364.0
Saturday,13,94103.0,Out of SF,1,27170.0,20036.0,14778.0,13098.0,628000.0,43364.0
Saturday,13,94103.0,Richmond,1,27170.0,20036.0,14778.0,13098.0,628000.0,43364.0
Saturday,13,94103.0,Southern,39,27170.0,20036.0,14778.0,13098.0,628000.0,43364.0
Saturday,13,94103.0,Taraval,1,27170.0,20036.0,14778.0,13098.0,628000.0,43364.0
Saturday,13,94103.0,Tenderloin,62,27170.0,20036.0,14778.0,13098.0,628000.0,43364.0
Saturday,13,94104.0,Central,38,406.0,5232.0,368.0,207.0,1000001.0,48750.0
Saturday,13,94104.0,Southern,8,406.0,5232.0,368.0,207.0,1000001.0,48750.0
Saturday,13,94104.0,Tenderloin,1,406.0,5232.0,368.0,207.0,1000001.0,48750.0
Saturday,13,94105.0,Central,6,5846.0,15826.0,4601.0,3586.0,740900.0,163949.0
Saturday,13,94105.0,Southern,21,5846.0,15826.0,4601.0,3586.0,740900.0,163949.0
Saturday,13,94107.0,Bayview,3,26599.0,14845.0,15141.0,13736.0,719700.0,114439.0
Saturday,13,94108.0,Central,52,13768.0,50983.0,8843.0,7628.0,856900.0,35427.0
Saturday,13,94108.0,Northern,1,13768.0,50983.0,8843.0,7628.0,856900.0,35427.0
Saturday,13,94108.0,Tenderloin,7,13768.0,50983.0,8843.0,7628.0,856900.0,35427.0
Saturday,13,94109.0,Central,14,55984.0,47129.0,37182.0,33342.0,723200.0,60722.0
Saturday,13,94109.0,Northern,32,55984.0,47129.0,37182.0,33342.0,723200.0,60722.0
Saturday,13,94109.0,Tenderloin,3,55984.0,47129.0,37182.0,33342.0,723200.0,60722.0
Saturday,13,94110.0,Bayview,8,69333.0,29816.0,28913.0,27128.0,768200.0,82111.0
Saturday,13,94110.0,Ingleside,13,69333.0,29816.0,28913.0,27128.0,768200.0,82111.0
Saturday,13,94110.0,Mission,55,69333.0,29816.0,28913.0,27128.0,768200.0,82111.0
Saturday,13,94110.0,Out of SF,1,69333.0,29816.0,28913.0,27128.0,768200.0,82111.0
Saturday,13,94111.0,Central,37,3713.0,10791.0,2811.0,2365.0,882000.0,89722.0
Saturday,13,94112.0,Ingleside,30,79407.0,23606.0,23081.0,21975.0,602400.0,71625.0
Saturday,13,94112.0,Taraval,2,79407.0,23606.0,23081.0,21975.0,602400.0,71625.0
Saturday,13,94114.0,Mission,23,31124.0,21837.0,17634.0,16281.0,1000001.0,114689.0
Saturday,13,94114.0,Park,5,31124.0,21837.0,17634.0,16281.0,1000001.0,114689.0
Saturday,13,94115.0,Northern,12,33021.0,29596.0,18884.0,17289.0,965800.0,76952.0
Saturday,13,94115.0,Richmond,11,33021.0,29596.0,18884.0,17289.0,965800.0,76952.0
Saturday,13,94116.0,Taraval,23,43698.0,16901.0,16283.0,15445.0,734400.0,83407.0
Saturday,13,94117.0,Mission,7,39169.0,23211.0,19255.0,17939.0,911500.0,94479.0
Saturday,13,94117.0,Northern,13,39169.0,23211.0,19255.0,17939.0,911500.0,94479.0
Saturday,13,94117.0,Park,24,39169.0,23211.0,19255.0,17939.0,911500.0,94479.0
Saturday,13,94118.0,Park,4,38319.0,19663.0,18633.0,17171.0,1000001.0,82857.0
Saturday,13,94118.0,Richmond,28,38319.0,19663.0,18633.0,17171.0,1000001.0,82857.0
Saturday,13,94122.0,Richmond,18,56023.0,23699.0,23633.0,22162.0,774500.0,81768.0
Saturday,13,94122.0,Taraval,16,56023.0,23699.0,23633.0,22162.0,774500.0,81768.0
Saturday,13,94123.0,Central,2,23088.0,22622.0,15083.0,13717.0,1000001.0,112650.0
Saturday,13,94123.0,Northern,14,23088.0,22622.0,15083.0,13717.0,1000001.0,112650.0
Saturday,13,94124.0,Bayview,29,33996.0,6901.0,10812.0,9717.0,470400.0,50146.0
Saturday,13,94124.0,Central,1,33996.0,6901.0,10812.0,9717.0,470400.0,50146.0
Saturday,13,94127.0,Ingleside,3,19289.0,10895.0,7801.0,7511.0,916900.0,131351.0
Saturday,13,94127.0,Taraval,9,19289.0,10895.0,7801.0,7511.0,916900.0,131351.0
Saturday,13,94130.0,Southern,9,2880.0,3196.0,786.0,656.0,,37500.0
Saturday,13,94131.0,Ingleside,7,26881.0,12926.0,13427.0,12618.0,859700.0,96889.0
Saturday,13,94131.0,Mission,1,26881.0,12926.0,13427.0,12618.0,859700.0,96889.0
Saturday,13,94131.0,Park,11,26881.0,12926.0,13427.0,12618.0,859700.0,96889.0
Saturday,13,94132.0,Taraval,18,28129.0,9045.0,10769.0,9993.0,733100.0,69223.0
Saturday,13,94134.0,Bayview,22,40798.0,17001.0,11867.0,11244.0,547800.0,56716.0
Saturday,13,94134.0,Ingleside,8,40798.0,17001.0,11867.0,11244.0,547800.0,56716.0
Saturday,13,94158.0,Bayview,6,4792.0,7288.0,2482.0,2271.0,643900.0,82195.0
Saturday,13,94158.0,Mission,2,4792.0,7288.0,2482.0,2271.0,643900.0,82195.0
Saturday,13,94158.0,Out of SF,2,4792.0,7288.0,2482.0,2271.0,643900.0,82195.0
Saturday,13,94158.0,Southern,14,4792.0,7288.0,2482.0,2271.0,643900.0,82195.0
Saturday,13,94158.0,Tenderloin,2,4792.0,7288.0,2482.0,2271.0,643900.0,82195.0
Saturday,14,94102.0,Mission,33,31176.0,46472.0,18758.0,16844.0,574100.0,22517.0
Saturday,14,94102.0,Northern,40,31176.0,46472.0,18758.0,16844.0,574100.0,22517.0
Saturday,14,94102.0,Park,1,31176.0,46472.0,18758.0,16844.0,574100.0,22517.0
Saturday,14,94102.0,Southern,7,31176.0,46472.0,18758.0,16844.0,574100.0,22517.0
Saturday,14,94102.0,Tenderloin,19,31176.0,46472.0,18758.0,16844.0,574100.0,22517.0
Saturday,14,94103.0,Bayview,3,27170.0,20036.0,14778.0,13098.0,628000.0,43364.0
Saturday,14,94103.0,Central,1,27170.0,20036.0,14778.0,13098.0,628000.0,43364.0
Saturday,14,94103.0,Ingleside,1,27170.0,20036.0,14778.0,13098.0,628000.0,43364.0
Saturday,14,94103.0,Mission,9,27170.0,20036.0,14778.0,13098.0,628000.0,43364.0
Saturday,14,94103.0,Out of SF,7,27170.0,20036.0,14778.0,13098.0,628000.0,43364.0
Saturday,14,94103.0,Southern,47,27170.0,20036.0,14778.0,13098.0,628000.0,43364.0
Saturday,14,94103.0,Tenderloin,57,27170.0,20036.0,14778.0,13098.0,628000.0,43364.0
Saturday,14,94104.0,Central,35,406.0,5232.0,368.0,207.0,1000001.0,48750.0
Saturday,14,94104.0,Southern,5,406.0,5232.0,368.0,207.0,1000001.0,48750.0
Saturday,14,94104.0,Tenderloin,5,406.0,5232.0,368.0,207.0,1000001.0,48750.0
Saturday,14,94105.0,Central,5,5846.0,15826.0,4601.0,3586.0,740900.0,163949.0
Saturday,14,94105.0,Southern,21,5846.0,15826.0,4601.0,3586.0,740900.0,163949.0
Saturday,14,94107.0,Bayview,7,26599.0,14845.0,15141.0,13736.0,719700.0,114439.0
Saturday,14,94107.0,Southern,1,26599.0,14845.0,15141.0,13736.0,719700.0,114439.0
Saturday,14,94108.0,Central,50,13768.0,50983.0,8843.0,7628.0,856900.0,35427.0
Saturday,14,94108.0,Out of SF,5,13768.0,50983.0,8843.0,7628.0,856900.0,35427.0
Saturday,14,94108.0,Tenderloin,5,13768.0,50983.0,8843.0,7628.0,856900.0,35427.0
Saturday,14,94109.0,Central,12,55984.0,47129.0,37182.0,33342.0,723200.0,60722.0
Saturday,14,94109.0,Northern,34,55984.0,47129.0,37182.0,33342.0,723200.0,60722.0
Saturday,14,94109.0,Tenderloin,5,55984.0,47129.0,37182.0,33342.0,723200.0,60722.0
Saturday,14,94110.0,Bayview,11,69333.0,29816.0,28913.0,27128.0,768200.0,82111.0
Saturday,14,94110.0,Ingleside,17,69333.0,29816.0,28913.0,27128.0,768200.0,82111.0
Saturday,14,94110.0,Mission,54,69333.0,29816.0,28913.0,27128.0,768200.0,82111.0
Saturday,14,94110.0,Southern,1,69333.0,29816.0,28913.0,27128.0,768200.0,82111.0
Saturday,14,94111.0,Central,55,3713.0,10791.0,2811.0,2365.0,882000.0,89722.0
Saturday,14,94112.0,Ingleside,21,79407.0,23606.0,23081.0,21975.0,602400.0,71625.0
Saturday,14,94112.0,Taraval,4,79407.0,23606.0,23081.0,21975.0,602400.0,71625.0
Saturday,14,94114.0,Mission,11,31124.0,21837.0,17634.0,16281.0,1000001.0,114689.0
Saturday,14,94114.0,Park,3,31124.0,21837.0,17634.0,16281.0,1000001.0,114689.0
Saturday,14,94115.0,Northern,25,33021.0,29596.0,18884.0,17289.0,965800.0,76952.0
Saturday,14,94115.0,Park,1,33021.0,29596.0,18884.0,17289.0,965800.0,76952.0
Saturday,14,94115.0,Richmond,9,33021.0,29596.0,18884.0,17289.0,965800.0,76952.0
Saturday,14,94116.0,Taraval,17,43698.0,16901.0,16283.0,15445.0,734400.0,83407.0
Saturday,14,94117.0,Mission,7,39169.0,23211.0,19255.0,17939.0,911500.0,94479.0
Saturday,14,94117.0,Northern,13,39169.0,23211.0,19255.0,17939.0,911500.0,94479.0
Saturday,14,94117.0,Park,32,39169.0,23211.0,19255.0,17939.0,911500.0,94479.0
Saturday,14,94117.0,Southern,1,39169.0,23211.0,19255.0,17939.0,911500.0,94479.0
Saturday,14,94118.0,Park,7,38319.0,19663.0,18633.0,17171.0,1000001.0,82857.0
Saturday,14,94118.0,Richmond,29,38319.0,19663.0,18633.0,17171.0,1000001.0,82857.0
Saturday,14,94118.0,Taraval,1,38319.0,19663.0,18633.0,17171.0,1000001.0,82857.0
Saturday,14,94122.0,Park,6,56023.0,23699.0,23633.0,22162.0,774500.0,81768.0
Saturday,14,94122.0,Richmond,27,56023.0,23699.0,23633.0,22162.0,774500.0,81768.0
Saturday,14,94122.0,Taraval,20,56023.0,23699.0,23633.0,22162.0,774500.0,81768.0
Saturday,14,94123.0,Northern,26,23088.0,22622.0,15083.0,13717.0,1000001.0,112650.0
Saturday,14,94124.0,Bayview,32,33996.0,6901.0,10812.0,9717.0,470400.0,50146.0
Saturday,14,94124.0,Central,1,33996.0,6901.0,10812.0,9717.0,470400.0,50146.0
Saturday,14,94124.0,Ingleside,1,33996.0,6901.0,10812.0,9717.0,470400.0,50146.0
Saturday,14,94127.0,Ingleside,2,19289.0,10895.0,7801.0,7511.0,916900.0,131351.0
Saturday,14,94127.0,Taraval,6,19289.0,10895.0,7801.0,7511.0,916900.0,131351.0
Saturday,14,94130.0,Southern,5,2880.0,3196.0,786.0,656.0,,37500.0
Saturday,14,94131.0,Ingleside,7,26881.0,12926.0,13427.0,12618.0,859700.0,96889.0
Saturday,14,94131.0,Mission,3,26881.0,12926.0,13427.0,12618.0,859700.0,96889.0
Saturday,14,94131.0,Park,5,26881.0,12926.0,13427.0,12618.0,859700.0,96889.0
Saturday,14,94132.0,Taraval,18,28129.0,9045.0,10769.0,9993.0,733100.0,69223.0
Saturday,14,94134.0,Bayview,17,40798.0,17001.0,11867.0,11244.0,547800.0,56716.0
Saturday,14,94134.0,Ingleside,11,40798.0,17001.0,11867.0,11244.0,547800.0,56716.0
Saturday,14,94158.0,Bayview,4,4792.0,7288.0,2482.0,2271.0,643900.0,82195.0
Saturday,14,94158.0,Out of SF,1,4792.0,7288.0,2482.0,2271.0,643900.0,82195.0
Saturday,14,94158.0,Southern,19,4792.0,7288.0,2482.0,2271.0,643900.0,82195.0
Saturday,15,94102.0,Mission,17,31176.0,46472.0,18758.0,16844.0,574100.0,22517.0
Saturday,15,94102.0,Northern,54,31176.0,46472.0,18758.0,16844.0,574100.0,22517.0
Saturday,15,94102.0,Out of SF,1,31176.0,46472.0,18758.0,16844.0,574100.0,22517.0
Saturday,15,94102.0,Park,1,31176.0,46472.0,18758.0,16844.0,574100.0,22517.0
Saturday,15,94102.0,Southern,8,31176.0,46472.0,18758.0,16844.0,574100.0,22517.0
Saturday,15,94102.0,Tenderloin,29,31176.0,46472.0,18758.0,16844.0,574100.0,22517.0
Saturday,15,94103.0,Mission,5,27170.0,20036.0,14778.0,13098.0,628000.0,43364.0
Saturday,15,94103.0,Southern,58,27170.0,20036.0,14778.0,13098.0,628000.0,43364.0
Saturday,15,94103.0,Tenderloin,79,27170.0,20036.0,14778.0,13098.0,628000.0,43364.0
Saturday,15,94104.0,Central,47,406.0,5232.0,368.0,207.0,1000001.0,48750.0
Saturday,15,94104.0,Ingleside,1,406.0,5232.0,368.0,207.0,1000001.0,48750.0
Saturday,15,94104.0,Southern,3,406.0,5232.0,368.0,207.0,1000001.0,48750.0
Saturday,15,94104.0,Tenderloin,2,406.0,5232.0,368.0,207.0,1000001.0,48750.0
Saturday,15,94105.0,Central,10,5846.0,15826.0,4601.0,3586.0,740900.0,163949.0
Saturday,15,94105.0,Southern,27,5846.0,15826.0,4601.0,3586.0,740900.0,163949.0
Saturday,15,94107.0,Bayview,9,26599.0,14845.0,15141.0,13736.0,719700.0,114439.0
Saturday,15,94108.0,Central,50,13768.0,50983.0,8843.0,7628.0,856900.0,35427.0
Saturday,15,94108.0,Tenderloin,8,13768.0,50983.0,8843.0,7628.0,856900.0,35427.0
Saturday,15,94109.0,Central,14,55984.0,47129.0,37182.0,33342.0,723200.0,60722.0
Saturday,15,94109.0,Northern,25,55984.0,47129.0,37182.0,33342.0,723200.0,60722.0
Saturday,15,94109.0,Tenderloin,1,55984.0,47129.0,37182.0,33342.0,723200.0,60722.0
Saturday,15,94110.0,Bayview,6,69333.0,29816.0,28913.0,27128.0,768200.0,82111.0
Saturday,15,94110.0,Ingleside,14,69333.0,29816.0,28913.0,27128.0,768200.0,82111.0
Saturday,15,94110.0,Mission,85,69333.0,29816.0,28913.0,27128.0,768200.0,82111.0
Saturday,15,94111.0,Central,68,3713.0,10791.0,2811.0,2365.0,882000.0,89722.0
Saturday,15,94112.0,Ingleside,28,79407.0,23606.0,23081.0,21975.0,602400.0,71625.0
Saturday,15,94112.0,Taraval,2,79407.0,23606.0,23081.0,21975.0,602400.0,71625.0
Saturday,15,94114.0,Mission,12,31124.0,21837.0,17634.0,16281.0,1000001.0,114689.0
Saturday,15,94114.0,Park,2,31124.0,21837.0,17634.0,16281.0,1000001.0,114689.0
Saturday,15,94115.0,Northern,18,33021.0,29596.0,18884.0,17289.0,965800.0,76952.0
Saturday,15,94115.0,Richmond,8,33021.0,29596.0,18884.0,17289.0,965800.0,76952.0
Saturday,15,94116.0,Taraval,20,43698.0,16901.0,16283.0,15445.0,734400.0,83407.0
Saturday,15,94117.0,Mission,8,39169.0,23211.0,19255.0,17939.0,911500.0,94479.0
Saturday,15,94117.0,Northern,12,39169.0,23211.0,19255.0,17939.0,911500.0,94479.0
Saturday,15,94117.0,Park,39,39169.0,23211.0,19255.0,17939.0,911500.0,94479.0
Saturday,15,94118.0,Park,10,38319.0,19663.0,18633.0,17171.0,1000001.0,82857.0
Saturday,15,94118.0,Richmond,31,38319.0,19663.0,18633.0,17171.0,1000001.0,82857.0
Saturday,15,94122.0,Park,1,56023.0,23699.0,23633.0,22162.0,774500.0,81768.0
Saturday,15,94122.0,Richmond,28,56023.0,23699.0,23633.0,22162.0,774500.0,81768.0
Saturday,15,94122.0,Taraval,25,56023.0,23699.0,23633.0,22162.0,774500.0,81768.0
Saturday,15,94123.0,Northern,34,23088.0,22622.0,15083.0,13717.0,1000001.0,112650.0
Saturday,15,94124.0,Bayview,52,33996.0,6901.0,10812.0,9717.0,470400.0,50146.0
Saturday,15,94124.0,Mission,1,33996.0,6901.0,10812.0,9717.0,470400.0,50146.0
Saturday,15,94127.0,Ingleside,2,19289.0,10895.0,7801.0,7511.0,916900.0,131351.0
Saturday,15,94127.0,Richmond,1,19289.0,10895.0,7801.0,7511.0,916900.0,131351.0
Saturday,15,94127.0,Taraval,14,19289.0,10895.0,7801.0,7511.0,916900.0,131351.0
Saturday,15,94130.0,Southern,7,2880.0,3196.0,786.0,656.0,,37500.0
Saturday,15,94131.0,Ingleside,6,26881.0,12926.0,13427.0,12618.0,859700.0,96889.0
Saturday,15,94131.0,Mission,4,26881.0,12926.0,13427.0,12618.0,859700.0,96889.0
Saturday,15,94131.0,Park,2,26881.0,12926.0,13427.0,12618.0,859700.0,96889.0
Saturday,15,94132.0,Taraval,19,28129.0,9045.0,10769.0,9993.0,733100.0,69223.0
Saturday,15,94134.0,Bayview,11,40798.0,17001.0,11867.0,11244.0,547800.0,56716.0
Saturday,15,94134.0,Ingleside,25,40798.0,17001.0,11867.0,11244.0,547800.0,56716.0
Saturday,15,94158.0,Bayview,5,4792.0,7288.0,2482.0,2271.0,643900.0,82195.0
Saturday,15,94158.0,Mission,4,4792.0,7288.0,2482.0,2271.0,643900.0,82195.0
Saturday,15,94158.0,Southern,18,4792.0,7288.0,2482.0,2271.0,643900.0,82195.0
Saturday,16,94102.0,Mission,27,31176.0,46472.0,18758.0,16844.0,574100.0,22517.0
Saturday,16,94102.0,Northern,49,31176.0,46472.0,18758.0,16844.0,574100.0,22517.0
Saturday,16,94102.0,Southern,7,31176.0,46472.0,18758.0,16844.0,574100.0,22517.0
Saturday,16,94102.0,Tenderloin,24,31176.0,46472.0,18758.0,16844.0,574100.0,22517.0
Saturday,16,94103.0,Central,1,27170.0,20036.0,14778.0,13098.0,628000.0,43364.0
Saturday,16,94103.0,Mission,14,27170.0,20036.0,14778.0,13098.0,628000.0,43364.0
Saturday,16,94103.0,Out of SF,3,27170.0,20036.0,14778.0,13098.0,628000.0,43364.0
Saturday,16,94103.0,Southern,51,27170.0,20036.0,14778.0,13098.0,628000.0,43364.0
Saturday,16,94103.0,Tenderloin,84,27170.0,20036.0,14778.0,13098.0,628000.0,43364.0
Saturday,16,94104.0,Central,44,406.0,5232.0,368.0,207.0,1000001.0,48750.0
Saturday,16,94104.0,Southern,3,406.0,5232.0,368.0,207.0,1000001.0,48750.0
Saturday,16,94104.0,Tenderloin,3,406.0,5232.0,368.0,207.0,1000001.0,48750.0
Saturday,16,94105.0,Central,10,5846.0,15826.0,4601.0,3586.0,740900.0,163949.0
Saturday,16,94105.0,Southern,16,5846.0,15826.0,4601.0,3586.0,740900.0,163949.0
Saturday,16,94107.0,Bayview,4,26599.0,14845.0,15141.0,13736.0,719700.0,114439.0
Saturday,16,94107.0,Southern,1,26599.0,14845.0,15141.0,13736.0,719700.0,114439.0
Saturday,16,94108.0,Central,58,13768.0,50983.0,8843.0,7628.0,856900.0,35427.0
Saturday,16,94108.0,Ingleside,1,13768.0,50983.0,8843.0,7628.0,856900.0,35427.0
Saturday,16,94108.0,Northern,1,13768.0,50983.0,8843.0,7628.0,856900.0,35427.0
Saturday,16,94108.0,Out of SF,3,13768.0,50983.0,8843.0,7628.0,856900.0,35427.0
Saturday,16,94108.0,Tenderloin,6,13768.0,50983.0,8843.0,7628.0,856900.0,35427.0
Saturday,16,94109.0,Central,12,55984.0,47129.0,37182.0,33342.0,723200.0,60722.0
Saturday,16,94109.0,Northern,31,55984.0,47129.0,37182.0,33342.0,723200.0,60722.0
Saturday,16,94109.0,Tenderloin,4,55984.0,47129.0,37182.0,33342.0,723200.0,60722.0
Saturday,16,94110.0,Bayview,14,69333.0,29816.0,28913.0,27128.0,768200.0,82111.0
Saturday,16,94110.0,Ingleside,23,69333.0,29816.0,28913.0,27128.0,768200.0,82111.0
Saturday,16,94110.0,Mission,67,69333.0,29816.0,28913.0,27128.0,768200.0,82111.0
Saturday,16,94110.0,Out of SF,1,69333.0,29816.0,28913.0,27128.0,768200.0,82111.0
Saturday,16,94110.0,Taraval,1,69333.0,29816.0,28913.0,27128.0,768200.0,82111.0
Saturday,16,94111.0,Central,50,3713.0,10791.0,2811.0,2365.0,882000.0,89722.0
Saturday,16,94111.0,Northern,1,3713.0,10791.0,2811.0,2365.0,882000.0,89722.0
Saturday,16,94112.0,Ingleside,38,79407.0,23606.0,23081.0,21975.0,602400.0,71625.0
Saturday,16,94114.0,Mission,11,31124.0,21837.0,17634.0,16281.0,1000001.0,114689.0
Saturday,16,94114.0,Park,3,31124.0,21837.0,17634.0,16281.0,1000001.0,114689.0
Saturday,16,94115.0,Northern,31,33021.0,29596.0,18884.0,17289.0,965800.0,76952.0
Saturday,16,94115.0,Park,1,33021.0,29596.0,18884.0,17289.0,965800.0,76952.0
Saturday,16,94115.0,Richmond,10,33021.0,29596.0,18884.0,17289.0,965800.0,76952.0
Saturday,16,94116.0,Taraval,22,43698.0,16901.0,16283.0,15445.0,734400.0,83407.0
Saturday,16,94117.0,Mission,9,39169.0,23211.0,19255.0,17939.0,911500.0,94479.0
Saturday,16,94117.0,Northern,17,39169.0,23211.0,19255.0,17939.0,911500.0,94479.0
Saturday,16,94117.0,Park,35,39169.0,23211.0,19255.0,17939.0,911500.0,94479.0
Saturday,16,94118.0,Out of SF,1,38319.0,19663.0,18633.0,17171.0,1000001.0,82857.0
Saturday,16,94118.0,Park,1,38319.0,19663.0,18633.0,17171.0,1000001.0,82857.0
Saturday,16,94118.0,Richmond,26,38319.0,19663.0,18633.0,17171.0,1000001.0,82857.0
Saturday,16,94122.0,Mission,1,56023.0,23699.0,23633.0,22162.0,774500.0,81768.0
Saturday,16,94122.0,Park,4,56023.0,23699.0,23633.0,22162.0,774500.0,81768.0
Saturday,16,94122.0,Richmond,24,56023.0,23699.0,23633.0,22162.0,774500.0,81768.0
Saturday,16,94122.0,Taraval,13,56023.0,23699.0,23633.0,22162.0,774500.0,81768.0
Saturday,16,94123.0,Central,3,23088.0,22622.0,15083.0,13717.0,1000001.0,112650.0
Saturday,16,94123.0,Northern,29,23088.0,22622.0,15083.0,13717.0,1000001.0,112650.0
Saturday,16,94124.0,Bayview,34,33996.0,6901.0,10812.0,9717.0,470400.0,50146.0
Saturday,16,94127.0,Ingleside,6,19289.0,10895.0,7801.0,7511.0,916900.0,131351.0
Saturday,16,94127.0,Taraval,7,19289.0,10895.0,7801.0,7511.0,916900.0,131351.0
Saturday,16,94130.0,Central,1,2880.0,3196.0,786.0,656.0,,37500.0
Saturday,16,94130.0,Southern,2,2880.0,3196.0,786.0,656.0,,37500.0
Saturday,16,94131.0,Ingleside,3,26881.0,12926.0,13427.0,12618.0,859700.0,96889.0
Saturday,16,94131.0,Mission,1,26881.0,12926.0,13427.0,12618.0,859700.0,96889.0
Saturday,16,94131.0,Park,3,26881.0,12926.0,13427.0,12618.0,859700.0,96889.0
Saturday,16,94132.0,Taraval,17,28129.0,9045.0,10769.0,9993.0,733100.0,69223.0
Saturday,16,94134.0,Bayview,26,40798.0,17001.0,11867.0,11244.0,547800.0,56716.0
Saturday,16,94134.0,Ingleside,20,40798.0,17001.0,11867.0,11244.0,547800.0,56716.0
Saturday,16,94158.0,Bayview,5,4792.0,7288.0,2482.0,2271.0,643900.0,82195.0
Saturday,16,94158.0,Mission,6,4792.0,7288.0,2482.0,2271.0,643900.0,82195.0
Saturday,16,94158.0,Out of SF,3,4792.0,7288.0,2482.0,2271.0,643900.0,82195.0
Saturday,16,94158.0,Southern,7,4792.0,7288.0,2482.0,2271.0,643900.0,82195.0
Saturday,17,94102.0,Central,1,31176.0,46472.0,18758.0,16844.0,574100.0,22517.0
Saturday,17,94102.0,Mission,24,31176.0,46472.0,18758.0,16844.0,574100.0,22517.0
Saturday,17,94102.0,Northern,65,31176.0,46472.0,18758.0,16844.0,574100.0,22517.0
Saturday,17,94102.0,Southern,20,31176.0,46472.0,18758.0,16844.0,574100.0,22517.0
Saturday,17,94102.0,Tenderloin,24,31176.0,46472.0,18758.0,16844.0,574100.0,22517.0
Saturday,17,94103.0,Mission,5,27170.0,20036.0,14778.0,13098.0,628000.0,43364.0
Saturday,17,94103.0,Southern,81,27170.0,20036.0,14778.0,13098.0,628000.0,43364.0
Saturday,17,94103.0,Tenderloin,83,27170.0,20036.0,14778.0,13098.0,628000.0,43364.0
Saturday,17,94104.0,Central,35,406.0,5232.0,368.0,207.0,1000001.0,48750.0
Saturday,17,94104.0,Southern,3,406.0,5232.0,368.0,207.0,1000001.0,48750.0
Saturday,17,94104.0,Tenderloin,1,406.0,5232.0,368.0,207.0,1000001.0,48750.0
Saturday,17,94105.0,Central,4,5846.0,15826.0,4601.0,3586.0,740900.0,163949.0
Saturday,17,94105.0,Southern,26,5846.0,15826.0,4601.0,3586.0,740900.0,163949.0
Saturday,17,94107.0,Bayview,11,26599.0,14845.0,15141.0,13736.0,719700.0,114439.0
Saturday,17,94107.0,Southern,5,26599.0,14845.0,15141.0,13736.0,719700.0,114439.0
Saturday,17,94108.0,Central,72,13768.0,50983.0,8843.0,7628.0,856900.0,35427.0
Saturday,17,94108.0,Tenderloin,6,13768.0,50983.0,8843.0,7628.0,856900.0,35427.0
Saturday,17,94109.0,Central,8,55984.0,47129.0,37182.0,33342.0,723200.0,60722.0
Saturday,17,94109.0,Mission,1,55984.0,47129.0,37182.0,33342.0,723200.0,60722.0
Saturday,17,94109.0,Northern,46,55984.0,47129.0,37182.0,33342.0,723200.0,60722.0
Saturday,17,94109.0,Out of SF,1,55984.0,47129.0,37182.0,33342.0,723200.0,60722.0
Saturday,17,94110.0,Bayview,9,69333.0,29816.0,28913.0,27128.0,768200.0,82111.0
Saturday,17,94110.0,Ingleside,31,69333.0,29816.0,28913.0,27128.0,768200.0,82111.0
Saturday,17,94110.0,Mission,55,69333.0,29816.0,28913.0,27128.0,768200.0,82111.0
Saturday,17,94111.0,Central,47,3713.0,10791.0,2811.0,2365.0,882000.0,89722.0
Saturday,17,94111.0,Northern,1,3713.0,10791.0,2811.0,2365.0,882000.0,89722.0
Saturday,17,94112.0,Ingleside,32,79407.0,23606.0,23081.0,21975.0,602400.0,71625.0
Saturday,17,94112.0,Taraval,2,79407.0,23606.0,23081.0,21975.0,602400.0,71625.0
Saturday,17,94114.0,Mission,27,31124.0,21837.0,17634.0,16281.0,1000001.0,114689.0
Saturday,17,94114.0,Park,4,31124.0,21837.0,17634.0,16281.0,1000001.0,114689.0
Saturday,17,94114.0,Tenderloin,1,31124.0,21837.0,17634.0,16281.0,1000001.0,114689.0
Saturday,17,94115.0,Northern,30,33021.0,29596.0,18884.0,17289.0,965800.0,76952.0
Saturday,17,94115.0,Park,3,33021.0,29596.0,18884.0,17289.0,965800.0,76952.0
Saturday,17,94115.0,Richmond,12,33021.0,29596.0,18884.0,17289.0,965800.0,76952.0
Saturday,17,94116.0,Out of SF,1,43698.0,16901.0,16283.0,15445.0,734400.0,83407.0
Saturday,17,94116.0,Taraval,16,43698.0,16901.0,16283.0,15445.0,734400.0,83407.0
Saturday,17,94117.0,Mission,6,39169.0,23211.0,19255.0,17939.0,911500.0,94479.0
Saturday,17,94117.0,Northern,14,39169.0,23211.0,19255.0,17939.0,911500.0,94479.0
Saturday,17,94117.0,Park,27,39169.0,23211.0,19255.0,17939.0,911500.0,94479.0
Saturday,17,94118.0,Central,1,38319.0,19663.0,18633.0,17171.0,1000001.0,82857.0
Saturday,17,94118.0,Park,7,38319.0,19663.0,18633.0,17171.0,1000001.0,82857.0
Saturday,17,94118.0,Richmond,35,38319.0,19663.0,18633.0,17171.0,1000001.0,82857.0
Saturday,17,94122.0,Richmond,41,56023.0,23699.0,23633.0,22162.0,774500.0,81768.0
Saturday,17,94122.0,Taraval,26,56023.0,23699.0,23633.0,22162.0,774500.0,81768.0
Saturday,17,94123.0,Central,1,23088.0,22622.0,15083.0,13717.0,1000001.0,112650.0
Saturday,17,94123.0,Mission,2,23088.0,22622.0,15083.0,13717.0,1000001.0,112650.0
Saturday,17,94123.0,Northern,36,23088.0,22622.0,15083.0,13717.0,1000001.0,112650.0
Saturday,17,94124.0,Bayview,37,33996.0,6901.0,10812.0,9717.0,470400.0,50146.0
Saturday,17,94124.0,Central,2,33996.0,6901.0,10812.0,9717.0,470400.0,50146.0
Saturday,17,94127.0,Ingleside,5,19289.0,10895.0,7801.0,7511.0,916900.0,131351.0
Saturday,17,94127.0,Taraval,5,19289.0,10895.0,7801.0,7511.0,916900.0,131351.0
Saturday,17,94130.0,Southern,6,2880.0,3196.0,786.0,656.0,,37500.0
Saturday,17,94131.0,Ingleside,10,26881.0,12926.0,13427.0,12618.0,859700.0,96889.0
Saturday,17,94131.0,Mission,1,26881.0,12926.0,13427.0,12618.0,859700.0,96889.0
Saturday,17,94131.0,Northern,1,26881.0,12926.0,13427.0,12618.0,859700.0,96889.0
Saturday,17,94131.0,Park,2,26881.0,12926.0,13427.0,12618.0,859700.0,96889.0
Saturday,17,94132.0,Taraval,26,28129.0,9045.0,10769.0,9993.0,733100.0,69223.0
Saturday,17,94134.0,Bayview,23,40798.0,17001.0,11867.0,11244.0,547800.0,56716.0
Saturday,17,94134.0,Ingleside,12,40798.0,17001.0,11867.0,11244.0,547800.0,56716.0
Saturday,17,94158.0,Bayview,11,4792.0,7288.0,2482.0,2271.0,643900.0,82195.0
Saturday,17,94158.0,Mission,5,4792.0,7288.0,2482.0,2271.0,643900.0,82195.0
Saturday,17,94158.0,Out of SF,6,4792.0,7288.0,2482.0,2271.0,643900.0,82195.0
Saturday,17,94158.0,Southern,14,4792.0,7288.0,2482.0,2271.0,643900.0,82195.0
Saturday,18,94102.0,Mission,24,31176.0,46472.0,18758.0,16844.0,574100.0,22517.0
Saturday,18,94102.0,Northern,77,31176.0,46472.0,18758.0,16844.0,574100.0,22517.0
Saturday,18,94102.0,Southern,16,31176.0,46472.0,18758.0,16844.0,574100.0,22517.0
Saturday,18,94102.0,Tenderloin,19,31176.0,46472.0,18758.0,16844.0,574100.0,22517.0
Saturday,18,94103.0,Bayview,1,27170.0,20036.0,14778.0,13098.0,628000.0,43364.0
Saturday,18,94103.0,Central,1,27170.0,20036.0,14778.0,13098.0,628000.0,43364.0
Saturday,18,94103.0,Mission,7,27170.0,20036.0,14778.0,13098.0,628000.0,43364.0
Saturday,18,94103.0,Out of SF,5,27170.0,20036.0,14778.0,13098.0,628000.0,43364.0
Saturday,18,94103.0,Southern,71,27170.0,20036.0,14778.0,13098.0,628000.0,43364.0
Saturday,18,94103.0,Tenderloin,61,27170.0,20036.0,14778.0,13098.0,628000.0,43364.0
Saturday,18,94104.0,Central,47,406.0,5232.0,368.0,207.0,1000001.0,48750.0
Saturday,18,94104.0,Southern,3,406.0,5232.0,368.0,207.0,1000001.0,48750.0
Saturday,18,94105.0,Central,8,5846.0,15826.0,4601.0,3586.0,740900.0,163949.0
Saturday,18,94105.0,Southern,46,5846.0,15826.0,4601.0,3586.0,740900.0,163949.0
Saturday,18,94107.0,Bayview,15,26599.0,14845.0,15141.0,13736.0,719700.0,114439.0
Saturday,18,94107.0,Southern,1,26599.0,14845.0,15141.0,13736.0,719700.0,114439.0
Saturday,18,94108.0,Central,69,13768.0,50983.0,8843.0,7628.0,856900.0,35427.0
Saturday,18,94108.0,Mission,1,13768.0,50983.0,8843.0,7628.0,856900.0,35427.0
Saturday,18,94108.0,Northern,1,13768.0,50983.0,8843.0,7628.0,856900.0,35427.0
Saturday,18,94108.0,Out of SF,6,13768.0,50983.0,8843.0,7628.0,856900.0,35427.0
Saturday,18,94108.0,Tenderloin,12,13768.0,50983.0,8843.0,7628.0,856900.0,35427.0
Saturday,18,94109.0,Central,20,55984.0,47129.0,37182.0,33342.0,723200.0,60722.0
Saturday,18,94109.0,Northern,39,55984.0,47129.0,37182.0,33342.0,723200.0,60722.0
Saturday,18,94109.0,Tenderloin,2,55984.0,47129.0,37182.0,33342.0,723200.0,60722.0
Saturday,18,94110.0,Bayview,9,69333.0,29816.0,28913.0,27128.0,768200.0,82111.0
Saturday,18,94110.0,Ingleside,28,69333.0,29816.0,28913.0,27128.0,768200.0,82111.0
Saturday,18,94110.0,Mission,77,69333.0,29816.0,28913.0,27128.0,768200.0,82111.0
Saturday,18,94110.0,Northern,3,69333.0,29816.0,28913.0,27128.0,768200.0,82111.0
Saturday,18,94111.0,Central,74,3713.0,10791.0,2811.0,2365.0,882000.0,89722.0
Saturday,18,94111.0,Mission,1,3713.0,10791.0,2811.0,2365.0,882000.0,89722.0
Saturday,18,94112.0,Ingleside,42,79407.0,23606.0,23081.0,21975.0,602400.0,71625.0
Saturday,18,94112.0,Out of SF,2,79407.0,23606.0,23081.0,21975.0,602400.0,71625.0
Saturday,18,94112.0,Park,3,79407.0,23606.0,23081.0,21975.0,602400.0,71625.0
Saturday,18,94112.0,Taraval,3,79407.0,23606.0,23081.0,21975.0,602400.0,71625.0
Saturday,18,94114.0,Mission,29,31124.0,21837.0,17634.0,16281.0,1000001.0,114689.0
Saturday,18,94114.0,Park,1,31124.0,21837.0,17634.0,16281.0,1000001.0,114689.0
Saturday,18,94115.0,Mission,1,33021.0,29596.0,18884.0,17289.0,965800.0,76952.0
Saturday,18,94115.0,Northern,28,33021.0,29596.0,18884.0,17289.0,965800.0,76952.0
Saturday,18,94115.0,Park,1,33021.0,29596.0,18884.0,17289.0,965800.0,76952.0
Saturday,18,94115.0,Richmond,8,33021.0,29596.0,18884.0,17289.0,965800.0,76952.0
Saturday,18,94116.0,Taraval,15,43698.0,16901.0,16283.0,15445.0,734400.0,83407.0
Saturday,18,94117.0,Mission,8,39169.0,23211.0,19255.0,17939.0,911500.0,94479.0
Saturday,18,94117.0,Northern,13,39169.0,23211.0,19255.0,17939.0,911500.0,94479.0
Saturday,18,94117.0,Park,25,39169.0,23211.0,19255.0,17939.0,911500.0,94479.0
Saturday,18,94118.0,Out of SF,1,38319.0,19663.0,18633.0,17171.0,1000001.0,82857.0
Saturday,18,94118.0,Park,5,38319.0,19663.0,18633.0,17171.0,1000001.0,82857.0
Saturday,18,94118.0,Richmond,26,38319.0,19663.0,18633.0,17171.0,1000001.0,82857.0
Saturday,18,94118.0,Taraval,1,38319.0,19663.0,18633.0,17171.0,1000001.0,82857.0
Saturday,18,94122.0,Out of SF,1,56023.0,23699.0,23633.0,22162.0,774500.0,81768.0
Saturday,18,94122.0,Park,2,56023.0,23699.0,23633.0,22162.0,774500.0,81768.0
Saturday,18,94122.0,Richmond,38,56023.0,23699.0,23633.0,22162.0,774500.0,81768.0
Saturday,18,94122.0,Taraval,17,56023.0,23699.0,23633.0,22162.0,774500.0,81768.0
Saturday,18,94123.0,Northern,33,23088.0,22622.0,15083.0,13717.0,1000001.0,112650.0
Saturday,18,94124.0,Bayview,37,33996.0,6901.0,10812.0,9717.0,470400.0,50146.0
Saturday,18,94124.0,Southern,3,33996.0,6901.0,10812.0,9717.0,470400.0,50146.0
Saturday,18,94127.0,Ingleside,5,19289.0,10895.0,7801.0,7511.0,916900.0,131351.0
Saturday,18,94127.0,Taraval,22,19289.0,10895.0,7801.0,7511.0,916900.0,131351.0
Saturday,18,94130.0,Southern,6,2880.0,3196.0,786.0,656.0,,37500.0
Saturday,18,94131.0,Ingleside,5,26881.0,12926.0,13427.0,12618.0,859700.0,96889.0
Saturday,18,94131.0,Mission,4,26881.0,12926.0,13427.0,12618.0,859700.0,96889.0
Saturday,18,94131.0,Park,4,26881.0,12926.0,13427.0,12618.0,859700.0,96889.0
Saturday,18,94132.0,Taraval,18,28129.0,9045.0,10769.0,9993.0,733100.0,69223.0
Saturday,18,94134.0,Bayview,29,40798.0,17001.0,11867.0,11244.0,547800.0,56716.0
Saturday,18,94134.0,Ingleside,13,40798.0,17001.0,11867.0,11244.0,547800.0,56716.0
Saturday,18,94158.0,Bayview,10,4792.0,7288.0,2482.0,2271.0,643900.0,82195.0
Saturday,18,94158.0,Mission,1,4792.0,7288.0,2482.0,2271.0,643900.0,82195.0
Saturday,18,94158.0,Southern,17,4792.0,7288.0,2482.0,2271.0,643900.0,82195.0
Saturday,19,94102.0,Mission,18,31176.0,46472.0,18758.0,16844.0,574100.0,22517.0
Saturday,19,94102.0,Northern,69,31176.0,46472.0,18758.0,16844.0,574100.0,22517.0
Saturday,19,94102.0,Out of SF,2,31176.0,46472.0,18758.0,16844.0,574100.0,22517.0
Saturday,19,94102.0,Park,2,31176.0,46472.0,18758.0,16844.0,574100.0,22517.0
Saturday,19,94102.0,Southern,14,31176.0,46472.0,18758.0,16844.0,574100.0,22517.0
Saturday,19,94102.0,Tenderloin,8,31176.0,46472.0,18758.0,16844.0,574100.0,22517.0
Saturday,19,94103.0,Bayview,1,27170.0,20036.0,14778.0,13098.0,628000.0,43364.0
Saturday,19,94103.0,Central,2,27170.0,20036.0,14778.0,13098.0,628000.0,43364.0
Saturday,19,94103.0,Mission,2,27170.0,20036.0,14778.0,13098.0,628000.0,43364.0
Saturday,19,94103.0,Out of SF,4,27170.0,20036.0,14778.0,13098.0,628000.0,43364.0
Saturday,19,94103.0,Southern,63,27170.0,20036.0,14778.0,13098.0,628000.0,43364.0
Saturday,19,94103.0,Tenderloin,58,27170.0,20036.0,14778.0,13098.0,628000.0,43364.0
Saturday,19,94104.0,Central,41,406.0,5232.0,368.0,207.0,1000001.0,48750.0
Saturday,19,94104.0,Southern,1,406.0,5232.0,368.0,207.0,1000001.0,48750.0
Saturday,19,94105.0,Central,9,5846.0,15826.0,4601.0,3586.0,740900.0,163949.0
Saturday,19,94105.0,Southern,28,5846.0,15826.0,4601.0,3586.0,740900.0,163949.0
Saturday,19,94107.0,Bayview,6,26599.0,14845.0,15141.0,13736.0,719700.0,114439.0
Saturday,19,94108.0,Central,52,13768.0,50983.0,8843.0,7628.0,856900.0,35427.0
Saturday,19,94108.0,Tenderloin,8,13768.0,50983.0,8843.0,7628.0,856900.0,35427.0
Saturday,19,94109.0,Central,26,55984.0,47129.0,37182.0,33342.0,723200.0,60722.0
Saturday,19,94109.0,Northern,30,55984.0,47129.0,37182.0,33342.0,723200.0,60722.0
Saturday,19,94109.0,Tenderloin,2,55984.0,47129.0,37182.0,33342.0,723200.0,60722.0
Saturday,19,94110.0,Bayview,5,69333.0,29816.0,28913.0,27128.0,768200.0,82111.0
Saturday,19,94110.0,Ingleside,9,69333.0,29816.0,28913.0,27128.0,768200.0,82111.0
Saturday,19,94110.0,Mission,68,69333.0,29816.0,28913.0,27128.0,768200.0,82111.0
Saturday,19,94110.0,Out of SF,1,69333.0,29816.0,28913.0,27128.0,768200.0,82111.0
Saturday,19,94110.0,Southern,1,69333.0,29816.0,28913.0,27128.0,768200.0,82111.0
Saturday,19,94111.0,Central,56,3713.0,10791.0,2811.0,2365.0,882000.0,89722.0
Saturday,19,94111.0,Northern,1,3713.0,10791.0,2811.0,2365.0,882000.0,89722.0
Saturday,19,94112.0,Ingleside,33,79407.0,23606.0,23081.0,21975.0,602400.0,71625.0
Saturday,19,94112.0,Out of SF,1,79407.0,23606.0,23081.0,21975.0,602400.0,71625.0
Saturday,19,94112.0,Taraval,4,79407.0,23606.0,23081.0,21975.0,602400.0,71625.0
Saturday,19,94114.0,Mission,17,31124.0,21837.0,17634.0,16281.0,1000001.0,114689.0
Saturday,19,94114.0,Park,7,31124.0,21837.0,17634.0,16281.0,1000001.0,114689.0
Saturday,19,94115.0,Northern,17,33021.0,29596.0,18884.0,17289.0,965800.0,76952.0
Saturday,19,94115.0,Richmond,1,33021.0,29596.0,18884.0,17289.0,965800.0,76952.0
Saturday,19,94116.0,Taraval,12,43698.0,16901.0,16283.0,15445.0,734400.0,83407.0
Saturday,19,94117.0,Mission,4,39169.0,23211.0,19255.0,17939.0,911500.0,94479.0
Saturday,19,94117.0,Northern,8,39169.0,23211.0,19255.0,17939.0,911500.0,94479.0
Saturday,19,94117.0,Park,19,39169.0,23211.0,19255.0,17939.0,911500.0,94479.0
Saturday,19,94117.0,Tenderloin,1,39169.0,23211.0,19255.0,17939.0,911500.0,94479.0
Saturday,19,94118.0,Out of SF,1,38319.0,19663.0,18633.0,17171.0,1000001.0,82857.0
Saturday,19,94118.0,Park,3,38319.0,19663.0,18633.0,17171.0,1000001.0,82857.0
Saturday,19,94118.0,Richmond,34,38319.0,19663.0,18633.0,17171.0,1000001.0,82857.0
Saturday,19,94118.0,Taraval,3,38319.0,19663.0,18633.0,17171.0,1000001.0,82857.0
Saturday,19,94122.0,Richmond,16,56023.0,23699.0,23633.0,22162.0,774500.0,81768.0
Saturday,19,94122.0,Taraval,16,56023.0,23699.0,23633.0,22162.0,774500.0,81768.0
Saturday,19,94123.0,Northern,25,23088.0,22622.0,15083.0,13717.0,1000001.0,112650.0
Saturday,19,94123.0,Out of SF,2,23088.0,22622.0,15083.0,13717.0,1000001.0,112650.0
Saturday,19,94124.0,Bayview,40,33996.0,6901.0,10812.0,9717.0,470400.0,50146.0
Saturday,19,94124.0,Central,2,33996.0,6901.0,10812.0,9717.0,470400.0,50146.0
Saturday,19,94127.0,Ingleside,4,19289.0,10895.0,7801.0,7511.0,916900.0,131351.0
Saturday,19,94127.0,Taraval,8,19289.0,10895.0,7801.0,7511.0,916900.0,131351.0
Saturday,19,94130.0,Southern,8,2880.0,3196.0,786.0,656.0,,37500.0
Saturday,19,94131.0,Ingleside,8,26881.0,12926.0,13427.0,12618.0,859700.0,96889.0
Saturday,19,94131.0,Mission,4,26881.0,12926.0,13427.0,12618.0,859700.0,96889.0
Saturday,19,94131.0,Park,5,26881.0,12926.0,13427.0,12618.0,859700.0,96889.0
Saturday,19,94131.0,Taraval,1,26881.0,12926.0,13427.0,12618.0,859700.0,96889.0
Saturday,19,94132.0,Taraval,9,28129.0,9045.0,10769.0,9993.0,733100.0,69223.0
Saturday,19,94134.0,Bayview,19,40798.0,17001.0,11867.0,11244.0,547800.0,56716.0
Saturday,19,94134.0,Ingleside,11,40798.0,17001.0,11867.0,11244.0,547800.0,56716.0
Saturday,19,94158.0,Bayview,18,4792.0,7288.0,2482.0,2271.0,643900.0,82195.0
Saturday,19,94158.0,Out of SF,2,4792.0,7288.0,2482.0,2271.0,643900.0,82195.0
Saturday,19,94158.0,Southern,8,4792.0,7288.0,2482.0,2271.0,643900.0,82195.0
Saturday,20,94102.0,Mission,23,31176.0,46472.0,18758.0,16844.0,574100.0,22517.0
Saturday,20,94102.0,Northern,51,31176.0,46472.0,18758.0,16844.0,574100.0,22517.0
Saturday,20,94102.0,Southern,11,31176.0,46472.0,18758.0,16844.0,574100.0,22517.0
Saturday,20,94102.0,Taraval,1,31176.0,46472.0,18758.0,16844.0,574100.0,22517.0
Saturday,20,94102.0,Tenderloin,16,31176.0,46472.0,18758.0,16844.0,574100.0,22517.0
Saturday,20,94103.0,Central,1,27170.0,20036.0,14778.0,13098.0,628000.0,43364.0
Saturday,20,94103.0,Mission,9,27170.0,20036.0,14778.0,13098.0,628000.0,43364.0
Saturday,20,94103.0,Out of SF,1,27170.0,20036.0,14778.0,13098.0,628000.0,43364.0
Saturday,20,94103.0,Southern,53,27170.0,20036.0,14778.0,13098.0,628000.0,43364.0
Saturday,20,94103.0,Tenderloin,62,27170.0,20036.0,14778.0,13098.0,628000.0,43364.0
Saturday,20,94104.0,Central,50,406.0,5232.0,368.0,207.0,1000001.0,48750.0
Saturday,20,94104.0,Richmond,1,406.0,5232.0,368.0,207.0,1000001.0,48750.0
Saturday,20,94104.0,Southern,3,406.0,5232.0,368.0,207.0,1000001.0,48750.0
Saturday,20,94104.0,Tenderloin,2,406.0,5232.0,368.0,207.0,1000001.0,48750.0
Saturday,20,94105.0,Central,2,5846.0,15826.0,4601.0,3586.0,740900.0,163949.0
Saturday,20,94105.0,Southern,32,5846.0,15826.0,4601.0,3586.0,740900.0,163949.0
Saturday,20,94107.0,Bayview,13,26599.0,14845.0,15141.0,13736.0,719700.0,114439.0
Saturday,20,94107.0,Southern,1,26599.0,14845.0,15141.0,13736.0,719700.0,114439.0
Saturday,20,94108.0,Central,67,13768.0,50983.0,8843.0,7628.0,856900.0,35427.0
Saturday,20,94108.0,Southern,2,13768.0,50983.0,8843.0,7628.0,856900.0,35427.0
Saturday,20,94108.0,Tenderloin,10,13768.0,50983.0,8843.0,7628.0,856900.0,35427.0
Saturday,20,94109.0,Central,21,55984.0,47129.0,37182.0,33342.0,723200.0,60722.0
Saturday,20,94109.0,Northern,39,55984.0,47129.0,37182.0,33342.0,723200.0,60722.0
Saturday,20,94109.0,Tenderloin,4,55984.0,47129.0,37182.0,33342.0,723200.0,60722.0
Saturday,20,94110.0,Bayview,6,69333.0,29816.0,28913.0,27128.0,768200.0,82111.0
Saturday,20,94110.0,Ingleside,17,69333.0,29816.0,28913.0,27128.0,768200.0,82111.0
Saturday,20,94110.0,Mission,68,69333.0,29816.0,28913.0,27128.0,768200.0,82111.0
Saturday,20,94110.0,Out of SF,3,69333.0,29816.0,28913.0,27128.0,768200.0,82111.0
Saturday,20,94111.0,Central,35,3713.0,10791.0,2811.0,2365.0,882000.0,89722.0
Saturday,20,94111.0,Northern,2,3713.0,10791.0,2811.0,2365.0,882000.0,89722.0
Saturday,20,94112.0,Ingleside,31,79407.0,23606.0,23081.0,21975.0,602400.0,71625.0
Saturday,20,94112.0,Southern,1,79407.0,23606.0,23081.0,21975.0,602400.0,71625.0
Saturday,20,94112.0,Taraval,1,79407.0,23606.0,23081.0,21975.0,602400.0,71625.0
Saturday,20,94114.0,Ingleside,1,31124.0,21837.0,17634.0,16281.0,1000001.0,114689.0
Saturday,20,94114.0,Mission,23,31124.0,21837.0,17634.0,16281.0,1000001.0,114689.0
Saturday,20,94114.0,Park,3,31124.0,21837.0,17634.0,16281.0,1000001.0,114689.0
Saturday,20,94115.0,Northern,22,33021.0,29596.0,18884.0,17289.0,965800.0,76952.0
Saturday,20,94115.0,Out of SF,1,33021.0,29596.0,18884.0,17289.0,965800.0,76952.0
Saturday,20,94115.0,Richmond,7,33021.0,29596.0,18884.0,17289.0,965800.0,76952.0
Saturday,20,94116.0,Taraval,12,43698.0,16901.0,16283.0,15445.0,734400.0,83407.0
Saturday,20,94117.0,Mission,9,39169.0,23211.0,19255.0,17939.0,911500.0,94479.0
Saturday,20,94117.0,Northern,12,39169.0,23211.0,19255.0,17939.0,911500.0,94479.0
Saturday,20,94117.0,Park,16,39169.0,23211.0,19255.0,17939.0,911500.0,94479.0
Saturday,20,94117.0,Taraval,2,39169.0,23211.0,19255.0,17939.0,911500.0,94479.0
Saturday,20,94118.0,Richmond,31,38319.0,19663.0,18633.0,17171.0,1000001.0,82857.0
Saturday,20,94122.0,Park,1,56023.0,23699.0,23633.0,22162.0,774500.0,81768.0
Saturday,20,94122.0,Richmond,18,56023.0,23699.0,23633.0,22162.0,774500.0,81768.0
Saturday,20,94122.0,Taraval,21,56023.0,23699.0,23633.0,22162.0,774500.0,81768.0
Saturday,20,94123.0,Central,2,23088.0,22622.0,15083.0,13717.0,1000001.0,112650.0
Saturday,20,94123.0,Northern,26,23088.0,22622.0,15083.0,13717.0,1000001.0,112650.0
Saturday,20,94124.0,Bayview,32,33996.0,6901.0,10812.0,9717.0,470400.0,50146.0
Saturday,20,94127.0,Ingleside,10,19289.0,10895.0,7801.0,7511.0,916900.0,131351.0
Saturday,20,94127.0,Taraval,15,19289.0,10895.0,7801.0,7511.0,916900.0,131351.0
Saturday,20,94129.0,Central,1,3183.0,1381.0,1132.0,1086.0,,143320.0
Saturday,20,94130.0,Southern,3,2880.0,3196.0,786.0,656.0,,37500.0
Saturday,20,94131.0,Ingleside,6,26881.0,12926.0,13427.0,12618.0,859700.0,96889.0
Saturday,20,94131.0,Mission,5,26881.0,12926.0,13427.0,12618.0,859700.0,96889.0
Saturday,20,94131.0,Park,8,26881.0,12926.0,13427.0,12618.0,859700.0,96889.0
Saturday,20,94132.0,Taraval,11,28129.0,9045.0,10769.0,9993.0,733100.0,69223.0
Saturday,20,94134.0,Bayview,14,40798.0,17001.0,11867.0,11244.0,547800.0,56716.0
Saturday,20,94134.0,Ingleside,11,40798.0,17001.0,11867.0,11244.0,547800.0,56716.0
Saturday,20,94158.0,Bayview,4,4792.0,7288.0,2482.0,2271.0,643900.0,82195.0
Saturday,20,94158.0,Mission,5,4792.0,7288.0,2482.0,2271.0,643900.0,82195.0
Saturday,20,94158.0,Park,1,4792.0,7288.0,2482.0,2271.0,643900.0,82195.0
Saturday,20,94158.0,Southern,13,4792.0,7288.0,2482.0,2271.0,643900.0,82195.0
Saturday,21,94102.0,Central,1,31176.0,46472.0,18758.0,16844.0,574100.0,22517.0
Saturday,21,94102.0,Mission,18,31176.0,46472.0,18758.0,16844.0,574100.0,22517.0
Saturday,21,94102.0,Northern,59,31176.0,46472.0,18758.0,16844.0,574100.0,22517.0
Saturday,21,94102.0,Out of SF,4,31176.0,46472.0,18758.0,16844.0,574100.0,22517.0
Saturday,21,94102.0,Park,1,31176.0,46472.0,18758.0,16844.0,574100.0,22517.0
Saturday,21,94102.0,Southern,5,31176.0,46472.0,18758.0,16844.0,574100.0,22517.0
Saturday,21,94102.0,Tenderloin,14,31176.0,46472.0,18758.0,16844.0,574100.0,22517.0
Saturday,21,94103.0,Mission,3,27170.0,20036.0,14778.0,13098.0,628000.0,43364.0
Saturday,21,94103.0,Southern,46,27170.0,20036.0,14778.0,13098.0,628000.0,43364.0
Saturday,21,94103.0,Tenderloin,46,27170.0,20036.0,14778.0,13098.0,628000.0,43364.0
Saturday,21,94104.0,Central,30,406.0,5232.0,368.0,207.0,1000001.0,48750.0
Saturday,21,94104.0,Ingleside,1,406.0,5232.0,368.0,207.0,1000001.0,48750.0
Saturday,21,94104.0,Southern,5,406.0,5232.0,368.0,207.0,1000001.0,48750.0
Saturday,21,94104.0,Tenderloin,1,406.0,5232.0,368.0,207.0,1000001.0,48750.0
Saturday,21,94105.0,Central,11,5846.0,15826.0,4601.0,3586.0,740900.0,163949.0
Saturday,21,94105.0,Southern,25,5846.0,15826.0,4601.0,3586.0,740900.0,163949.0
Saturday,21,94107.0,Bayview,6,26599.0,14845.0,15141.0,13736.0,719700.0,114439.0
Saturday,21,94107.0,Southern,1,26599.0,14845.0,15141.0,13736.0,719700.0,114439.0
Saturday,21,94108.0,Central,58,13768.0,50983.0,8843.0,7628.0,856900.0,35427.0
Saturday,21,94108.0,Northern,1,13768.0,50983.0,8843.0,7628.0,856900.0,35427.0
Saturday,21,94108.0,Tenderloin,14,13768.0,50983.0,8843.0,7628.0,856900.0,35427.0
Saturday,21,94109.0,Central,25,55984.0,47129.0,37182.0,33342.0,723200.0,60722.0
Saturday,21,94109.0,Northern,50,55984.0,47129.0,37182.0,33342.0,723200.0,60722.0
Saturday,21,94109.0,Southern,1,55984.0,47129.0,37182.0,33342.0,723200.0,60722.0
Saturday,21,94109.0,Tenderloin,3,55984.0,47129.0,37182.0,33342.0,723200.0,60722.0
Saturday,21,94110.0,Bayview,8,69333.0,29816.0,28913.0,27128.0,768200.0,82111.0
Saturday,21,94110.0,Ingleside,15,69333.0,29816.0,28913.0,27128.0,768200.0,82111.0
Saturday,21,94110.0,Mission,74,69333.0,29816.0,28913.0,27128.0,768200.0,82111.0
Saturday,21,94111.0,Central,47,3713.0,10791.0,2811.0,2365.0,882000.0,89722.0
Saturday,21,94112.0,Ingleside,25,79407.0,23606.0,23081.0,21975.0,602400.0,71625.0
Saturday,21,94114.0,Mission,26,31124.0,21837.0,17634.0,16281.0,1000001.0,114689.0
Saturday,21,94114.0,Out of SF,1,31124.0,21837.0,17634.0,16281.0,1000001.0,114689.0
Saturday,21,94114.0,Park,4,31124.0,21837.0,17634.0,16281.0,1000001.0,114689.0
Saturday,21,94115.0,Northern,25,33021.0,29596.0,18884.0,17289.0,965800.0,76952.0
Saturday,21,94115.0,Park,1,33021.0,29596.0,18884.0,17289.0,965800.0,76952.0
Saturday,21,94115.0,Richmond,6,33021.0,29596.0,18884.0,17289.0,965800.0,76952.0
Saturday,21,94116.0,Out of SF,1,43698.0,16901.0,16283.0,15445.0,734400.0,83407.0
Saturday,21,94116.0,Taraval,13,43698.0,16901.0,16283.0,15445.0,734400.0,83407.0
Saturday,21,94117.0,Mission,6,39169.0,23211.0,19255.0,17939.0,911500.0,94479.0
Saturday,21,94117.0,Northern,5,39169.0,23211.0,19255.0,17939.0,911500.0,94479.0
Saturday,21,94117.0,Park,12,39169.0,23211.0,19255.0,17939.0,911500.0,94479.0
Saturday,21,94118.0,Park,1,38319.0,19663.0,18633.0,17171.0,1000001.0,82857.0
Saturday,21,94118.0,Richmond,24,38319.0,19663.0,18633.0,17171.0,1000001.0,82857.0
Saturday,21,94122.0,Park,1,56023.0,23699.0,23633.0,22162.0,774500.0,81768.0
Saturday,21,94122.0,Richmond,9,56023.0,23699.0,23633.0,22162.0,774500.0,81768.0
Saturday,21,94122.0,Taraval,23,56023.0,23699.0,23633.0,22162.0,774500.0,81768.0
Saturday,21,94123.0,Northern,25,23088.0,22622.0,15083.0,13717.0,1000001.0,112650.0
Saturday,21,94124.0,Bayview,33,33996.0,6901.0,10812.0,9717.0,470400.0,50146.0
Saturday,21,94124.0,Out of SF,1,33996.0,6901.0,10812.0,9717.0,470400.0,50146.0
Saturday,21,94127.0,Ingleside,4,19289.0,10895.0,7801.0,7511.0,916900.0,131351.0
Saturday,21,94127.0,Taraval,8,19289.0,10895.0,7801.0,7511.0,916900.0,131351.0
Saturday,21,94129.0,Richmond,4,3183.0,1381.0,1132.0,1086.0,,143320.0
Saturday,21,94130.0,Southern,5,2880.0,3196.0,786.0,656.0,,37500.0
Saturday,21,94131.0,Ingleside,1,26881.0,12926.0,13427.0,12618.0,859700.0,96889.0
Saturday,21,94131.0,Mission,7,26881.0,12926.0,13427.0,12618.0,859700.0,96889.0
Saturday,21,94131.0,Park,8,26881.0,12926.0,13427.0,12618.0,859700.0,96889.0
Saturday,21,94132.0,Taraval,15,28129.0,9045.0,10769.0,9993.0,733100.0,69223.0
Saturday,21,94134.0,Bayview,16,40798.0,17001.0,11867.0,11244.0,547800.0,56716.0
Saturday,21,94134.0,Ingleside,14,40798.0,17001.0,11867.0,11244.0,547800.0,56716.0
Saturday,21,94158.0,Bayview,10,4792.0,7288.0,2482.0,2271.0,643900.0,82195.0
Saturday,21,94158.0,Mission,3,4792.0,7288.0,2482.0,2271.0,643900.0,82195.0
Saturday,21,94158.0,Out of SF,3,4792.0,7288.0,2482.0,2271.0,643900.0,82195.0
Saturday,21,94158.0,Southern,14,4792.0,7288.0,2482.0,2271.0,643900.0,82195.0
Saturday,22,94102.0,Mission,13,31176.0,46472.0,18758.0,16844.0,574100.0,22517.0
Saturday,22,94102.0,Northern,48,31176.0,46472.0,18758.0,16844.0,574100.0,22517.0
Saturday,22,94102.0,Park,1,31176.0,46472.0,18758.0,16844.0,574100.0,22517.0
Saturday,22,94102.0,Southern,13,31176.0,46472.0,18758.0,16844.0,574100.0,22517.0
Saturday,22,94102.0,Tenderloin,9,31176.0,46472.0,18758.0,16844.0,574100.0,22517.0
Saturday,22,94103.0,Mission,11,27170.0,20036.0,14778.0,13098.0,628000.0,43364.0
Saturday,22,94103.0,Out of SF,5,27170.0,20036.0,14778.0,13098.0,628000.0,43364.0
Saturday,22,94103.0,Southern,74,27170.0,20036.0,14778.0,13098.0,628000.0,43364.0
Saturday,22,94103.0,Taraval,1,27170.0,20036.0,14778.0,13098.0,628000.0,43364.0
Saturday,22,94103.0,Tenderloin,35,27170.0,20036.0,14778.0,13098.0,628000.0,43364.0
Saturday,22,94104.0,Central,31,406.0,5232.0,368.0,207.0,1000001.0,48750.0
Saturday,22,94104.0,Tenderloin,1,406.0,5232.0,368.0,207.0,1000001.0,48750.0
Saturday,22,94105.0,Central,5,5846.0,15826.0,4601.0,3586.0,740900.0,163949.0
Saturday,22,94105.0,Southern,37,5846.0,15826.0,4601.0,3586.0,740900.0,163949.0
Saturday,22,94107.0,Bayview,10,26599.0,14845.0,15141.0,13736.0,719700.0,114439.0
Saturday,22,94107.0,Southern,2,26599.0,14845.0,15141.0,13736.0,719700.0,114439.0
Saturday,22,94108.0,Central,41,13768.0,50983.0,8843.0,7628.0,856900.0,35427.0
Saturday,22,94108.0,Tenderloin,14,13768.0,50983.0,8843.0,7628.0,856900.0,35427.0
Saturday,22,94109.0,Central,14,55984.0,47129.0,37182.0,33342.0,723200.0,60722.0
Saturday,22,94109.0,Northern,57,55984.0,47129.0,37182.0,33342.0,723200.0,60722.0
Saturday,22,94109.0,Tenderloin,3,55984.0,47129.0,37182.0,33342.0,723200.0,60722.0
Saturday,22,94110.0,Bayview,9,69333.0,29816.0,28913.0,27128.0,768200.0,82111.0
Saturday,22,94110.0,Ingleside,12,69333.0,29816.0,28913.0,27128.0,768200.0,82111.0
Saturday,22,94110.0,Mission,80,69333.0,29816.0,28913.0,27128.0,768200.0,82111.0
Saturday,22,94110.0,Out of SF,1,69333.0,29816.0,28913.0,27128.0,768200.0,82111.0
Saturday,22,94111.0,Central,31,3713.0,10791.0,2811.0,2365.0,882000.0,89722.0
Saturday,22,94112.0,Ingleside,28,79407.0,23606.0,23081.0,21975.0,602400.0,71625.0
Saturday,22,94114.0,Mission,19,31124.0,21837.0,17634.0,16281.0,1000001.0,114689.0
Saturday,22,94114.0,Out of SF,1,31124.0,21837.0,17634.0,16281.0,1000001.0,114689.0
Saturday,22,94114.0,Park,2,31124.0,21837.0,17634.0,16281.0,1000001.0,114689.0
Saturday,22,94115.0,Northern,23,33021.0,29596.0,18884.0,17289.0,965800.0,76952.0
Saturday,22,94115.0,Richmond,4,33021.0,29596.0,18884.0,17289.0,965800.0,76952.0
Saturday,22,94116.0,Out of SF,1,43698.0,16901.0,16283.0,15445.0,734400.0,83407.0
Saturday,22,94116.0,Taraval,13,43698.0,16901.0,16283.0,15445.0,734400.0,83407.0
Saturday,22,94117.0,Mission,9,39169.0,23211.0,19255.0,17939.0,911500.0,94479.0
Saturday,22,94117.0,Northern,6,39169.0,23211.0,19255.0,17939.0,911500.0,94479.0
Saturday,22,94117.0,Park,14,39169.0,23211.0,19255.0,17939.0,911500.0,94479.0
Saturday,22,94118.0,Out of SF,2,38319.0,19663.0,18633.0,17171.0,1000001.0,82857.0
Saturday,22,94118.0,Park,7,38319.0,19663.0,18633.0,17171.0,1000001.0,82857.0
Saturday,22,94118.0,Richmond,29,38319.0,19663.0,18633.0,17171.0,1000001.0,82857.0
Saturday,22,94122.0,Park,4,56023.0,23699.0,23633.0,22162.0,774500.0,81768.0
Saturday,22,94122.0,Richmond,9,56023.0,23699.0,23633.0,22162.0,774500.0,81768.0
Saturday,22,94122.0,Taraval,13,56023.0,23699.0,23633.0,22162.0,774500.0,81768.0
Saturday,22,94123.0,Central,4,23088.0,22622.0,15083.0,13717.0,1000001.0,112650.0
Saturday,22,94123.0,Northern,30,23088.0,22622.0,15083.0,13717.0,1000001.0,112650.0
Saturday,22,94124.0,Bayview,36,33996.0,6901.0,10812.0,9717.0,470400.0,50146.0
Saturday,22,94127.0,Taraval,3,19289.0,10895.0,7801.0,7511.0,916900.0,131351.0
Saturday,22,94129.0,Central,2,3183.0,1381.0,1132.0,1086.0,,143320.0
Saturday,22,94130.0,Southern,3,2880.0,3196.0,786.0,656.0,,37500.0
Saturday,22,94131.0,Ingleside,8,26881.0,12926.0,13427.0,12618.0,859700.0,96889.0
Saturday,22,94131.0,Mission,3,26881.0,12926.0,13427.0,12618.0,859700.0,96889.0
Saturday,22,94131.0,Park,7,26881.0,12926.0,13427.0,12618.0,859700.0,96889.0
Saturday,22,94132.0,Taraval,8,28129.0,9045.0,10769.0,9993.0,733100.0,69223.0
Saturday,22,94134.0,Bayview,20,40798.0,17001.0,11867.0,11244.0,547800.0,56716.0
Saturday,22,94134.0,Ingleside,9,40798.0,17001.0,11867.0,11244.0,547800.0,56716.0
Saturday,22,94158.0,Bayview,9,4792.0,7288.0,2482.0,2271.0,643900.0,82195.0
Saturday,22,94158.0,Mission,5,4792.0,7288.0,2482.0,2271.0,643900.0,82195.0
Saturday,22,94158.0,Out of SF,2,4792.0,7288.0,2482.0,2271.0,643900.0,82195.0
Saturday,22,94158.0,Southern,15,4792.0,7288.0,2482.0,2271.0,643900.0,82195.0
Saturday,23,94102.0,Bayview,1,31176.0,46472.0,18758.0,16844.0,574100.0,22517.0
Saturday,23,94102.0,Mission,25,31176.0,46472.0,18758.0,16844.0,574100.0,22517.0
Saturday,23,94102.0,Northern,46,31176.0,46472.0,18758.0,16844.0,574100.0,22517.0
Saturday,23,94102.0,Southern,16,31176.0,46472.0,18758.0,16844.0,574100.0,22517.0
Saturday,23,94102.0,Tenderloin,23,31176.0,46472.0,18758.0,16844.0,574100.0,22517.0
Saturday,23,94103.0,Central,2,27170.0,20036.0,14778.0,13098.0,628000.0,43364.0
Saturday,23,94103.0,Mission,4,27170.0,20036.0,14778.0,13098.0,628000.0,43364.0
Saturday,23,94103.0,Out of SF,1,27170.0,20036.0,14778.0,13098.0,628000.0,43364.0
Saturday,23,94103.0,Southern,86,27170.0,20036.0,14778.0,13098.0,628000.0,43364.0
Saturday,23,94103.0,Tenderloin,39,27170.0,20036.0,14778.0,13098.0,628000.0,43364.0
Saturday,23,94104.0,Central,38,406.0,5232.0,368.0,207.0,1000001.0,48750.0
Saturday,23,94104.0,Southern,4,406.0,5232.0,368.0,207.0,1000001.0,48750.0
Saturday,23,94104.0,Tenderloin,7,406.0,5232.0,368.0,207.0,1000001.0,48750.0
Saturday,23,94105.0,Central,1,5846.0,15826.0,4601.0,3586.0,740900.0,163949.0
Saturday,23,94105.0,Mission,1,5846.0,15826.0,4601.0,3586.0,740900.0,163949.0
Saturday,23,94105.0,Northern,1,5846.0,15826.0,4601.0,3586.0,740900.0,163949.0
Saturday,23,94105.0,Southern,45,5846.0,15826.0,4601.0,3586.0,740900.0,163949.0
Saturday,23,94107.0,Bayview,7,26599.0,14845.0,15141.0,13736.0,719700.0,114439.0
Saturday,23,94107.0,Southern,4,26599.0,14845.0,15141.0,13736.0,719700.0,114439.0
Saturday,23,94108.0,Central,67,13768.0,50983.0,8843.0,7628.0,856900.0,35427.0
Saturday,23,94108.0,Out of SF,1,13768.0,50983.0,8843.0,7628.0,856900.0,35427.0
Saturday,23,94108.0,Tenderloin,16,13768.0,50983.0,8843.0,7628.0,856900.0,35427.0
Saturday,23,94109.0,Central,15,55984.0,47129.0,37182.0,33342.0,723200.0,60722.0
Saturday,23,94109.0,Northern,55,55984.0,47129.0,37182.0,33342.0,723200.0,60722.0
Saturday,23,94109.0,Tenderloin,4,55984.0,47129.0,37182.0,33342.0,723200.0,60722.0
Saturday,23,94110.0,Bayview,16,69333.0,29816.0,28913.0,27128.0,768200.0,82111.0
Saturday,23,94110.0,Ingleside,20,69333.0,29816.0,28913.0,27128.0,768200.0,82111.0
Saturday,23,94110.0,Mission,88,69333.0,29816.0,28913.0,27128.0,768200.0,82111.0
Saturday,23,94110.0,Out of SF,1,69333.0,29816.0,28913.0,27128.0,768200.0,82111.0
Saturday,23,94111.0,Central,21,3713.0,10791.0,2811.0,2365.0,882000.0,89722.0
Saturday,23,94112.0,Ingleside,29,79407.0,23606.0,23081.0,21975.0,602400.0,71625.0
Saturday,23,94112.0,Taraval,3,79407.0,23606.0,23081.0,21975.0,602400.0,71625.0
Saturday,23,94114.0,Bayview,1,31124.0,21837.0,17634.0,16281.0,1000001.0,114689.0
Saturday,23,94114.0,Mission,33,31124.0,21837.0,17634.0,16281.0,1000001.0,114689.0
Saturday,23,94114.0,Park,3,31124.0,21837.0,17634.0,16281.0,1000001.0,114689.0
Saturday,23,94115.0,Northern,24,33021.0,29596.0,18884.0,17289.0,965800.0,76952.0
Saturday,23,94115.0,Park,1,33021.0,29596.0,18884.0,17289.0,965800.0,76952.0
Saturday,23,94115.0,Richmond,14,33021.0,29596.0,18884.0,17289.0,965800.0,76952.0
Saturday,23,94116.0,Taraval,13,43698.0,16901.0,16283.0,15445.0,734400.0,83407.0
Saturday,23,94117.0,Mission,9,39169.0,23211.0,19255.0,17939.0,911500.0,94479.0
Saturday,23,94117.0,Northern,14,39169.0,23211.0,19255.0,17939.0,911500.0,94479.0
Saturday,23,94117.0,Park,5,39169.0,23211.0,19255.0,17939.0,911500.0,94479.0
Saturday,23,94118.0,Park,6,38319.0,19663.0,18633.0,17171.0,1000001.0,82857.0
Saturday,23,94118.0,Richmond,22,38319.0,19663.0,18633.0,17171.0,1000001.0,82857.0
Saturday,23,94122.0,Richmond,6,56023.0,23699.0,23633.0,22162.0,774500.0,81768.0
Saturday,23,94122.0,Taraval,17,56023.0,23699.0,23633.0,22162.0,774500.0,81768.0
Saturday,23,94123.0,Northern,40,23088.0,22622.0,15083.0,13717.0,1000001.0,112650.0
Saturday,23,94124.0,Bayview,34,33996.0,6901.0,10812.0,9717.0,470400.0,50146.0
Saturday,23,94127.0,Ingleside,3,19289.0,10895.0,7801.0,7511.0,916900.0,131351.0
Saturday,23,94127.0,Taraval,8,19289.0,10895.0,7801.0,7511.0,916900.0,131351.0
Saturday,23,94130.0,Southern,1,2880.0,3196.0,786.0,656.0,,37500.0
Saturday,23,94131.0,Ingleside,3,26881.0,12926.0,13427.0,12618.0,859700.0,96889.0
Saturday,23,94131.0,Mission,2,26881.0,12926.0,13427.0,12618.0,859700.0,96889.0
Saturday,23,94131.0,Park,3,26881.0,12926.0,13427.0,12618.0,859700.0,96889.0
Saturday,23,94131.0,Taraval,1,26881.0,12926.0,13427.0,12618.0,859700.0,96889.0
Saturday,23,94132.0,Out of SF,2,28129.0,9045.0,10769.0,9993.0,733100.0,69223.0
Saturday,23,94132.0,Taraval,16,28129.0,9045.0,10769.0,9993.0,733100.0,69223.0
Saturday,23,94134.0,Bayview,21,40798.0,17001.0,11867.0,11244.0,547800.0,56716.0
Saturday,23,94134.0,Ingleside,8,40798.0,17001.0,11867.0,11244.0,547800.0,56716.0
Saturday,23,94158.0,Bayview,6,4792.0,7288.0,2482.0,2271.0,643900.0,82195.0
Saturday,23,94158.0,Mission,4,4792.0,7288.0,2482.0,2271.0,643900.0,82195.0
Saturday,23,94158.0,Southern,7,4792.0,7288.0,2482.0,2271.0,643900.0,82195.0
Sunday,0,94102.0,Mission,23,31176.0,46472.0,18758.0,16844.0,574100.0,22517.0
Sunday,0,94102.0,Northern,50,31176.0,46472.0,18758.0,16844.0,574100.0,22517.0
Sunday,0,94102.0,Southern,9,31176.0,46472.0,18758.0,16844.0,574100.0,22517.0
Sunday,0,94102.0,Tenderloin,19,31176.0,46472.0,18758.0,16844.0,574100.0,22517.0
Sunday,0,94103.0,Ingleside,1,27170.0,20036.0,14778.0,13098.0,628000.0,43364.0
Sunday,0,94103.0,Mission,4,27170.0,20036.0,14778.0,13098.0,628000.0,43364.0
Sunday,0,94103.0,Out of SF,5,27170.0,20036.0,14778.0,13098.0,628000.0,43364.0
Sunday,0,94103.0,Southern,66,27170.0,20036.0,14778.0,13098.0,628000.0,43364.0
Sunday,0,94103.0,Tenderloin,56,27170.0,20036.0,14778.0,13098.0,628000.0,43364.0
Sunday,0,94104.0,Central,31,406.0,5232.0,368.0,207.0,1000001.0,48750.0
Sunday,0,94104.0,Southern,1,406.0,5232.0,368.0,207.0,1000001.0,48750.0
Sunday,0,94105.0,Central,5,5846.0,15826.0,4601.0,3586.0,740900.0,163949.0
Sunday,0,94105.0,Southern,42,5846.0,15826.0,4601.0,3586.0,740900.0,163949.0
Sunday,0,94107.0,Bayview,6,26599.0,14845.0,15141.0,13736.0,719700.0,114439.0
Sunday,0,94107.0,Southern,5,26599.0,14845.0,15141.0,13736.0,719700.0,114439.0
Sunday,0,94108.0,Central,72,13768.0,50983.0,8843.0,7628.0,856900.0,35427.0
Sunday,0,94108.0,Out of SF,2,13768.0,50983.0,8843.0,7628.0,856900.0,35427.0
Sunday,0,94108.0,Tenderloin,17,13768.0,50983.0,8843.0,7628.0,856900.0,35427.0
Sunday,0,94109.0,Central,37,55984.0,47129.0,37182.0,33342.0,723200.0,60722.0
Sunday,0,94109.0,Northern,78,55984.0,47129.0,37182.0,33342.0,723200.0,60722.0
Sunday,0,94109.0,Tenderloin,9,55984.0,47129.0,37182.0,33342.0,723200.0,60722.0
Sunday,0,94110.0,Bayview,7,69333.0,29816.0,28913.0,27128.0,768200.0,82111.0
Sunday,0,94110.0,Ingleside,23,69333.0,29816.0,28913.0,27128.0,768200.0,82111.0
Sunday,0,94110.0,Mission,96,69333.0,29816.0,28913.0,27128.0,768200.0,82111.0
Sunday,0,94110.0,Out of SF,1,69333.0,29816.0,28913.0,27128.0,768200.0,82111.0
Sunday,0,94111.0,Central,8,3713.0,10791.0,2811.0,2365.0,882000.0,89722.0
Sunday,0,94112.0,Ingleside,33,79407.0,23606.0,23081.0,21975.0,602400.0,71625.0
Sunday,0,94112.0,Taraval,2,79407.0,23606.0,23081.0,21975.0,602400.0,71625.0
Sunday,0,94114.0,Mission,36,31124.0,21837.0,17634.0,16281.0,1000001.0,114689.0
Sunday,0,94114.0,Park,3,31124.0,21837.0,17634.0,16281.0,1000001.0,114689.0
Sunday,0,94115.0,Northern,22,33021.0,29596.0,18884.0,17289.0,965800.0,76952.0
Sunday,0,94115.0,Park,4,33021.0,29596.0,18884.0,17289.0,965800.0,76952.0
Sunday,0,94115.0,Richmond,8,33021.0,29596.0,18884.0,17289.0,965800.0,76952.0
Sunday,0,94116.0,Richmond,1,43698.0,16901.0,16283.0,15445.0,734400.0,83407.0
Sunday,0,94116.0,Taraval,19,43698.0,16901.0,16283.0,15445.0,734400.0,83407.0
Sunday,0,94117.0,Mission,6,39169.0,23211.0,19255.0,17939.0,911500.0,94479.0
Sunday,0,94117.0,Northern,18,39169.0,23211.0,19255.0,17939.0,911500.0,94479.0
Sunday,0,94117.0,Park,20,39169.0,23211.0,19255.0,17939.0,911500.0,94479.0
Sunday,0,94118.0,Park,1,38319.0,19663.0,18633.0,17171.0,1000001.0,82857.0
Sunday,0,94118.0,Richmond,33,38319.0,19663.0,18633.0,17171.0,1000001.0,82857.0
Sunday,0,94122.0,Richmond,7,56023.0,23699.0,23633.0,22162.0,774500.0,81768.0
Sunday,0,94122.0,Taraval,22,56023.0,23699.0,23633.0,22162.0,774500.0,81768.0
Sunday,0,94123.0,Central,1,23088.0,22622.0,15083.0,13717.0,1000001.0,112650.0
Sunday,0,94123.0,Northern,45,23088.0,22622.0,15083.0,13717.0,1000001.0,112650.0
Sunday,0,94123.0,Richmond,1,23088.0,22622.0,15083.0,13717.0,1000001.0,112650.0
Sunday,0,94124.0,Bayview,38,33996.0,6901.0,10812.0,9717.0,470400.0,50146.0
Sunday,0,94124.0,Southern,1,33996.0,6901.0,10812.0,9717.0,470400.0,50146.0
Sunday,0,94127.0,Ingleside,5,19289.0,10895.0,7801.0,7511.0,916900.0,131351.0
Sunday,0,94127.0,Taraval,14,19289.0,10895.0,7801.0,7511.0,916900.0,131351.0
Sunday,0,94130.0,Southern,5,2880.0,3196.0,786.0,656.0,,37500.0
Sunday,0,94131.0,Ingleside,7,26881.0,12926.0,13427.0,12618.0,859700.0,96889.0
Sunday,0,94131.0,Mission,9,26881.0,12926.0,13427.0,12618.0,859700.0,96889.0
Sunday,0,94131.0,Park,5,26881.0,12926.0,13427.0,12618.0,859700.0,96889.0
Sunday,0,94132.0,Ingleside,1,28129.0,9045.0,10769.0,9993.0,733100.0,69223.0
Sunday,0,94132.0,Taraval,9,28129.0,9045.0,10769.0,9993.0,733100.0,69223.0
Sunday,0,94134.0,Bayview,10,40798.0,17001.0,11867.0,11244.0,547800.0,56716.0
Sunday,0,94134.0,Ingleside,19,40798.0,17001.0,11867.0,11244.0,547800.0,56716.0
Sunday,0,94158.0,Bayview,9,4792.0,7288.0,2482.0,2271.0,643900.0,82195.0
Sunday,0,94158.0,Mission,5,4792.0,7288.0,2482.0,2271.0,643900.0,82195.0
Sunday,0,94158.0,Out of SF,8,4792.0,7288.0,2482.0,2271.0,643900.0,82195.0
Sunday,0,94158.0,Southern,9,4792.0,7288.0,2482.0,2271.0,643900.0,82195.0
Sunday,1,94102.0,Ingleside,1,31176.0,46472.0,18758.0,16844.0,574100.0,22517.0
Sunday,1,94102.0,Mission,19,31176.0,46472.0,18758.0,16844.0,574100.0,22517.0
Sunday,1,94102.0,Northern,30,31176.0,46472.0,18758.0,16844.0,574100.0,22517.0
Sunday,1,94102.0,Southern,5,31176.0,46472.0,18758.0,16844.0,574100.0,22517.0
Sunday,1,94102.0,Tenderloin,7,31176.0,46472.0,18758.0,16844.0,574100.0,22517.0
Sunday,1,94103.0,Ingleside,1,27170.0,20036.0,14778.0,13098.0,628000.0,43364.0
Sunday,1,94103.0,Mission,1,27170.0,20036.0,14778.0,13098.0,628000.0,43364.0
Sunday,1,94103.0,Southern,69,27170.0,20036.0,14778.0,13098.0,628000.0,43364.0
Sunday,1,94103.0,Tenderloin,22,27170.0,20036.0,14778.0,13098.0,628000.0,43364.0
Sunday,1,94104.0,Central,30,406.0,5232.0,368.0,207.0,1000001.0,48750.0
Sunday,1,94104.0,Southern,2,406.0,5232.0,368.0,207.0,1000001.0,48750.0
Sunday,1,94105.0,Central,4,5846.0,15826.0,4601.0,3586.0,740900.0,163949.0
Sunday,1,94105.0,Southern,45,5846.0,15826.0,4601.0,3586.0,740900.0,163949.0
Sunday,1,94107.0,Bayview,3,26599.0,14845.0,15141.0,13736.0,719700.0,114439.0
Sunday,1,94108.0,Central,54,13768.0,50983.0,8843.0,7628.0,856900.0,35427.0
Sunday,1,94108.0,Tenderloin,7,13768.0,50983.0,8843.0,7628.0,856900.0,35427.0
Sunday,1,94109.0,Central,18,55984.0,47129.0,37182.0,33342.0,723200.0,60722.0
Sunday,1,94109.0,Northern,67,55984.0,47129.0,37182.0,33342.0,723200.0,60722.0
Sunday,1,94109.0,Tenderloin,3,55984.0,47129.0,37182.0,33342.0,723200.0,60722.0
Sunday,1,94110.0,Bayview,2,69333.0,29816.0,28913.0,27128.0,768200.0,82111.0
Sunday,1,94110.0,Ingleside,12,69333.0,29816.0,28913.0,27128.0,768200.0,82111.0
Sunday,1,94110.0,Mission,87,69333.0,29816.0,28913.0,27128.0,768200.0,82111.0
Sunday,1,94110.0,Southern,2,69333.0,29816.0,28913.0,27128.0,768200.0,82111.0
Sunday,1,94111.0,Central,12,3713.0,10791.0,2811.0,2365.0,882000.0,89722.0
Sunday,1,94112.0,Ingleside,24,79407.0,23606.0,23081.0,21975.0,602400.0,71625.0
Sunday,1,94112.0,Out of SF,1,79407.0,23606.0,23081.0,21975.0,602400.0,71625.0
Sunday,1,94112.0,Taraval,1,79407.0,23606.0,23081.0,21975.0,602400.0,71625.0
Sunday,1,94114.0,Mission,36,31124.0,21837.0,17634.0,16281.0,1000001.0,114689.0
Sunday,1,94114.0,Park,4,31124.0,21837.0,17634.0,16281.0,1000001.0,114689.0
Sunday,1,94115.0,Northern,9,33021.0,29596.0,18884.0,17289.0,965800.0,76952.0
Sunday,1,94115.0,Richmond,2,33021.0,29596.0,18884.0,17289.0,965800.0,76952.0
Sunday,1,94116.0,Taraval,3,43698.0,16901.0,16283.0,15445.0,734400.0,83407.0
Sunday,1,94117.0,Mission,7,39169.0,23211.0,19255.0,17939.0,911500.0,94479.0
Sunday,1,94117.0,Northern,6,39169.0,23211.0,19255.0,17939.0,911500.0,94479.0
Sunday,1,94117.0,Park,10,39169.0,23211.0,19255.0,17939.0,911500.0,94479.0
Sunday,1,94118.0,Park,3,38319.0,19663.0,18633.0,17171.0,1000001.0,82857.0
Sunday,1,94118.0,Richmond,11,38319.0,19663.0,18633.0,17171.0,1000001.0,82857.0
Sunday,1,94122.0,Park,2,56023.0,23699.0,23633.0,22162.0,774500.0,81768.0
Sunday,1,94122.0,Richmond,1,56023.0,23699.0,23633.0,22162.0,774500.0,81768.0
Sunday,1,94122.0,Taraval,6,56023.0,23699.0,23633.0,22162.0,774500.0,81768.0
Sunday,1,94123.0,Northern,31,23088.0,22622.0,15083.0,13717.0,1000001.0,112650.0
Sunday,1,94124.0,Bayview,20,33996.0,6901.0,10812.0,9717.0,470400.0,50146.0
Sunday,1,94127.0,Ingleside,2,19289.0,10895.0,7801.0,7511.0,916900.0,131351.0
Sunday,1,94127.0,Taraval,14,19289.0,10895.0,7801.0,7511.0,916900.0,131351.0
Sunday,1,94129.0,Central,3,3183.0,1381.0,1132.0,1086.0,,143320.0
Sunday,1,94131.0,Ingleside,6,26881.0,12926.0,13427.0,12618.0,859700.0,96889.0
Sunday,1,94131.0,Mission,2,26881.0,12926.0,13427.0,12618.0,859700.0,96889.0
Sunday,1,94131.0,Park,2,26881.0,12926.0,13427.0,12618.0,859700.0,96889.0
Sunday,1,94132.0,Taraval,8,28129.0,9045.0,10769.0,9993.0,733100.0,69223.0
Sunday,1,94134.0,Bayview,6,40798.0,17001.0,11867.0,11244.0,547800.0,56716.0
Sunday,1,94134.0,Ingleside,8,40798.0,17001.0,11867.0,11244.0,547800.0,56716.0
Sunday,1,94158.0,Bayview,5,4792.0,7288.0,2482.0,2271.0,643900.0,82195.0
Sunday,1,94158.0,Mission,3,4792.0,7288.0,2482.0,2271.0,643900.0,82195.0
Sunday,1,94158.0,Out of SF,1,4792.0,7288.0,2482.0,2271.0,643900.0,82195.0
Sunday,1,94158.0,Southern,5,4792.0,7288.0,2482.0,2271.0,643900.0,82195.0
Sunday,2,94102.0,Mission,31,31176.0,46472.0,18758.0,16844.0,574100.0,22517.0
Sunday,2,94102.0,Northern,21,31176.0,46472.0,18758.0,16844.0,574100.0,22517.0
Sunday,2,94102.0,Southern,4,31176.0,46472.0,18758.0,16844.0,574100.0,22517.0
Sunday,2,94102.0,Tenderloin,12,31176.0,46472.0,18758.0,16844.0,574100.0,22517.0
Sunday,2,94103.0,Mission,1,27170.0,20036.0,14778.0,13098.0,628000.0,43364.0
Sunday,2,94103.0,Southern,57,27170.0,20036.0,14778.0,13098.0,628000.0,43364.0
Sunday,2,94103.0,Tenderloin,29,27170.0,20036.0,14778.0,13098.0,628000.0,43364.0
Sunday,2,94104.0,Central,20,406.0,5232.0,368.0,207.0,1000001.0,48750.0
Sunday,2,94105.0,Southern,44,5846.0,15826.0,4601.0,3586.0,740900.0,163949.0
Sunday,2,94107.0,Bayview,3,26599.0,14845.0,15141.0,13736.0,719700.0,114439.0
Sunday,2,94107.0,Mission,1,26599.0,14845.0,15141.0,13736.0,719700.0,114439.0
Sunday,2,94108.0,Central,38,13768.0,50983.0,8843.0,7628.0,856900.0,35427.0
Sunday,2,94108.0,Tenderloin,5,13768.0,50983.0,8843.0,7628.0,856900.0,35427.0
Sunday,2,94109.0,Central,14,55984.0,47129.0,37182.0,33342.0,723200.0,60722.0
Sunday,2,94109.0,Northern,51,55984.0,47129.0,37182.0,33342.0,723200.0,60722.0
Sunday,2,94109.0,Tenderloin,2,55984.0,47129.0,37182.0,33342.0,723200.0,60722.0
Sunday,2,94110.0,Bayview,9,69333.0,29816.0,28913.0,27128.0,768200.0,82111.0
Sunday,2,94110.0,Ingleside,8,69333.0,29816.0,28913.0,27128.0,768200.0,82111.0
Sunday,2,94110.0,Mission,71,69333.0,29816.0,28913.0,27128.0,768200.0,82111.0
Sunday,2,94111.0,Central,21,3713.0,10791.0,2811.0,2365.0,882000.0,89722.0
Sunday,2,94112.0,Ingleside,13,79407.0,23606.0,23081.0,21975.0,602400.0,71625.0
Sunday,2,94114.0,Mission,9,31124.0,21837.0,17634.0,16281.0,1000001.0,114689.0
Sunday,2,94114.0,Park,11,31124.0,21837.0,17634.0,16281.0,1000001.0,114689.0
Sunday,2,94115.0,Northern,4,33021.0,29596.0,18884.0,17289.0,965800.0,76952.0
Sunday,2,94115.0,Richmond,9,33021.0,29596.0,18884.0,17289.0,965800.0,76952.0
Sunday,2,94116.0,Taraval,15,43698.0,16901.0,16283.0,15445.0,734400.0,83407.0
Sunday,2,94117.0,Mission,3,39169.0,23211.0,19255.0,17939.0,911500.0,94479.0
Sunday,2,94117.0,Northern,7,39169.0,23211.0,19255.0,17939.0,911500.0,94479.0
Sunday,2,94117.0,Park,6,39169.0,23211.0,19255.0,17939.0,911500.0,94479.0
Sunday,2,94118.0,Richmond,6,38319.0,19663.0,18633.0,17171.0,1000001.0,82857.0
Sunday,2,94118.0,Tenderloin,1,38319.0,19663.0,18633.0,17171.0,1000001.0,82857.0
Sunday,2,94122.0,Richmond,3,56023.0,23699.0,23633.0,22162.0,774500.0,81768.0
Sunday,2,94122.0,Taraval,15,56023.0,23699.0,23633.0,22162.0,774500.0,81768.0
Sunday,2,94123.0,Northern,19,23088.0,22622.0,15083.0,13717.0,1000001.0,112650.0
Sunday,2,94124.0,Bayview,24,33996.0,6901.0,10812.0,9717.0,470400.0,50146.0
Sunday,2,94127.0,Ingleside,1,19289.0,10895.0,7801.0,7511.0,916900.0,131351.0
Sunday,2,94127.0,Taraval,1,19289.0,10895.0,7801.0,7511.0,916900.0,131351.0
Sunday,2,94131.0,Ingleside,1,26881.0,12926.0,13427.0,12618.0,859700.0,96889.0
Sunday,2,94131.0,Mission,1,26881.0,12926.0,13427.0,12618.0,859700.0,96889.0
Sunday,2,94131.0,Park,1,26881.0,12926.0,13427.0,12618.0,859700.0,96889.0
Sunday,2,94131.0,Southern,1,26881.0,12926.0,13427.0,12618.0,859700.0,96889.0
Sunday,2,94132.0,Taraval,17,28129.0,9045.0,10769.0,9993.0,733100.0,69223.0
Sunday,2,94134.0,Bayview,9,40798.0,17001.0,11867.0,11244.0,547800.0,56716.0
Sunday,2,94134.0,Central,3,40798.0,17001.0,11867.0,11244.0,547800.0,56716.0
Sunday,2,94134.0,Ingleside,4,40798.0,17001.0,11867.0,11244.0,547800.0,56716.0
Sunday,2,94158.0,Bayview,5,4792.0,7288.0,2482.0,2271.0,643900.0,82195.0
Sunday,2,94158.0,Mission,6,4792.0,7288.0,2482.0,2271.0,643900.0,82195.0
Sunday,2,94158.0,Out of SF,3,4792.0,7288.0,2482.0,2271.0,643900.0,82195.0
Sunday,2,94158.0,Southern,3,4792.0,7288.0,2482.0,2271.0,643900.0,82195.0
Sunday,3,94102.0,Mission,7,31176.0,46472.0,18758.0,16844.0,574100.0,22517.0
Sunday,3,94102.0,Northern,22,31176.0,46472.0,18758.0,16844.0,574100.0,22517.0
Sunday,3,94102.0,Park,1,31176.0,46472.0,18758.0,16844.0,574100.0,22517.0
Sunday,3,94102.0,Tenderloin,5,31176.0,46472.0,18758.0,16844.0,574100.0,22517.0
Sunday,3,94103.0,Central,1,27170.0,20036.0,14778.0,13098.0,628000.0,43364.0
Sunday,3,94103.0,Mission,1,27170.0,20036.0,14778.0,13098.0,628000.0,43364.0
Sunday,3,94103.0,Out of SF,2,27170.0,20036.0,14778.0,13098.0,628000.0,43364.0
Sunday,3,94103.0,Southern,31,27170.0,20036.0,14778.0,13098.0,628000.0,43364.0
Sunday,3,94103.0,Tenderloin,22,27170.0,20036.0,14778.0,13098.0,628000.0,43364.0
Sunday,3,94104.0,Central,19,406.0,5232.0,368.0,207.0,1000001.0,48750.0
Sunday,3,94104.0,Tenderloin,1,406.0,5232.0,368.0,207.0,1000001.0,48750.0
Sunday,3,94105.0,Central,2,5846.0,15826.0,4601.0,3586.0,740900.0,163949.0
Sunday,3,94105.0,Southern,17,5846.0,15826.0,4601.0,3586.0,740900.0,163949.0
Sunday,3,94107.0,Bayview,1,26599.0,14845.0,15141.0,13736.0,719700.0,114439.0
Sunday,3,94108.0,Central,22,13768.0,50983.0,8843.0,7628.0,856900.0,35427.0
Sunday,3,94108.0,Northern,1,13768.0,50983.0,8843.0,7628.0,856900.0,35427.0
Sunday,3,94108.0,Tenderloin,2,13768.0,50983.0,8843.0,7628.0,856900.0,35427.0
Sunday,3,94109.0,Central,3,55984.0,47129.0,37182.0,33342.0,723200.0,60722.0
Sunday,3,94109.0,Northern,14,55984.0,47129.0,37182.0,33342.0,723200.0,60722.0
Sunday,3,94109.0,Tenderloin,3,55984.0,47129.0,37182.0,33342.0,723200.0,60722.0
Sunday,3,94110.0,Bayview,9,69333.0,29816.0,28913.0,27128.0,768200.0,82111.0
Sunday,3,94110.0,Ingleside,8,69333.0,29816.0,28913.0,27128.0,768200.0,82111.0
Sunday,3,94110.0,Mission,27,69333.0,29816.0,28913.0,27128.0,768200.0,82111.0
Sunday,3,94111.0,Central,7,3713.0,10791.0,2811.0,2365.0,882000.0,89722.0
Sunday,3,94112.0,Ingleside,6,79407.0,23606.0,23081.0,21975.0,602400.0,71625.0
Sunday,3,94112.0,Mission,1,79407.0,23606.0,23081.0,21975.0,602400.0,71625.0
Sunday,3,94112.0,Taraval,5,79407.0,23606.0,23081.0,21975.0,602400.0,71625.0
Sunday,3,94114.0,Mission,7,31124.0,21837.0,17634.0,16281.0,1000001.0,114689.0
Sunday,3,94115.0,Northern,8,33021.0,29596.0,18884.0,17289.0,965800.0,76952.0
Sunday,3,94115.0,Richmond,2,33021.0,29596.0,18884.0,17289.0,965800.0,76952.0
Sunday,3,94116.0,Taraval,8,43698.0,16901.0,16283.0,15445.0,734400.0,83407.0
Sunday,3,94117.0,Mission,8,39169.0,23211.0,19255.0,17939.0,911500.0,94479.0
Sunday,3,94117.0,Northern,6,39169.0,23211.0,19255.0,17939.0,911500.0,94479.0
Sunday,3,94117.0,Park,10,39169.0,23211.0,19255.0,17939.0,911500.0,94479.0
Sunday,3,94118.0,Park,2,38319.0,19663.0,18633.0,17171.0,1000001.0,82857.0
Sunday,3,94118.0,Richmond,3,38319.0,19663.0,18633.0,17171.0,1000001.0,82857.0
Sunday,3,94122.0,Richmond,5,56023.0,23699.0,23633.0,22162.0,774500.0,81768.0
Sunday,3,94122.0,Taraval,7,56023.0,23699.0,23633.0,22162.0,774500.0,81768.0
Sunday,3,94123.0,Northern,5,23088.0,22622.0,15083.0,13717.0,1000001.0,112650.0
Sunday,3,94124.0,Bayview,13,33996.0,6901.0,10812.0,9717.0,470400.0,50146.0
Sunday,3,94127.0,Taraval,3,19289.0,10895.0,7801.0,7511.0,916900.0,131351.0
Sunday,3,94131.0,Ingleside,1,26881.0,12926.0,13427.0,12618.0,859700.0,96889.0
Sunday,3,94131.0,Mission,1,26881.0,12926.0,13427.0,12618.0,859700.0,96889.0
Sunday,3,94131.0,Park,5,26881.0,12926.0,13427.0,12618.0,859700.0,96889.0
Sunday,3,94132.0,Taraval,6,28129.0,9045.0,10769.0,9993.0,733100.0,69223.0
Sunday,3,94134.0,Bayview,4,40798.0,17001.0,11867.0,11244.0,547800.0,56716.0
Sunday,3,94134.0,Ingleside,9,40798.0,17001.0,11867.0,11244.0,547800.0,56716.0
Sunday,3,94158.0,Bayview,1,4792.0,7288.0,2482.0,2271.0,643900.0,82195.0
Sunday,3,94158.0,Mission,3,4792.0,7288.0,2482.0,2271.0,643900.0,82195.0
Sunday,3,94158.0,Out of SF,2,4792.0,7288.0,2482.0,2271.0,643900.0,82195.0
Sunday,3,94158.0,Southern,5,4792.0,7288.0,2482.0,2271.0,643900.0,82195.0
Sunday,4,94102.0,Mission,6,31176.0,46472.0,18758.0,16844.0,574100.0,22517.0
Sunday,4,94102.0,Northern,7,31176.0,46472.0,18758.0,16844.0,574100.0,22517.0
Sunday,4,94102.0,Southern,3,31176.0,46472.0,18758.0,16844.0,574100.0,22517.0
Sunday,4,94102.0,Tenderloin,3,31176.0,46472.0,18758.0,16844.0,574100.0,22517.0
Sunday,4,94103.0,Out of SF,1,27170.0,20036.0,14778.0,13098.0,628000.0,43364.0
Sunday,4,94103.0,Southern,15,27170.0,20036.0,14778.0,13098.0,628000.0,43364.0
Sunday,4,94103.0,Tenderloin,8,27170.0,20036.0,14778.0,13098.0,628000.0,43364.0
Sunday,4,94104.0,Central,8,406.0,5232.0,368.0,207.0,1000001.0,48750.0
Sunday,4,94104.0,Southern,2,406.0,5232.0,368.0,207.0,1000001.0,48750.0
Sunday,4,94105.0,Southern,7,5846.0,15826.0,4601.0,3586.0,740900.0,163949.0
Sunday,4,94107.0,Bayview,2,26599.0,14845.0,15141.0,13736.0,719700.0,114439.0
Sunday,4,94107.0,Southern,2,26599.0,14845.0,15141.0,13736.0,719700.0,114439.0
Sunday,4,94108.0,Central,18,13768.0,50983.0,8843.0,7628.0,856900.0,35427.0
Sunday,4,94108.0,Tenderloin,2,13768.0,50983.0,8843.0,7628.0,856900.0,35427.0
Sunday,4,94109.0,Central,4,55984.0,47129.0,37182.0,33342.0,723200.0,60722.0
Sunday,4,94109.0,Northern,13,55984.0,47129.0,37182.0,33342.0,723200.0,60722.0
Sunday,4,94109.0,Tenderloin,2,55984.0,47129.0,37182.0,33342.0,723200.0,60722.0
Sunday,4,94110.0,Ingleside,5,69333.0,29816.0,28913.0,27128.0,768200.0,82111.0
Sunday,4,94110.0,Mission,19,69333.0,29816.0,28913.0,27128.0,768200.0,82111.0
Sunday,4,94110.0,Out of SF,1,69333.0,29816.0,28913.0,27128.0,768200.0,82111.0
Sunday,4,94111.0,Central,4,3713.0,10791.0,2811.0,2365.0,882000.0,89722.0
Sunday,4,94112.0,Ingleside,5,79407.0,23606.0,23081.0,21975.0,602400.0,71625.0
Sunday,4,94112.0,Out of SF,2,79407.0,23606.0,23081.0,21975.0,602400.0,71625.0
Sunday,4,94112.0,Taraval,3,79407.0,23606.0,23081.0,21975.0,602400.0,71625.0
Sunday,4,94114.0,Mission,15,31124.0,21837.0,17634.0,16281.0,1000001.0,114689.0
Sunday,4,94114.0,Park,1,31124.0,21837.0,17634.0,16281.0,1000001.0,114689.0
Sunday,4,94115.0,Northern,7,33021.0,29596.0,18884.0,17289.0,965800.0,76952.0
Sunday,4,94115.0,Richmond,1,33021.0,29596.0,18884.0,17289.0,965800.0,76952.0
Sunday,4,94116.0,Taraval,5,43698.0,16901.0,16283.0,15445.0,734400.0,83407.0
Sunday,4,94117.0,Mission,6,39169.0,23211.0,19255.0,17939.0,911500.0,94479.0
Sunday,4,94117.0,Northern,1,39169.0,23211.0,19255.0,17939.0,911500.0,94479.0
Sunday,4,94117.0,Park,7,39169.0,23211.0,19255.0,17939.0,911500.0,94479.0
Sunday,4,94118.0,Park,1,38319.0,19663.0,18633.0,17171.0,1000001.0,82857.0
Sunday,4,94118.0,Richmond,8,38319.0,19663.0,18633.0,17171.0,1000001.0,82857.0
Sunday,4,94122.0,Taraval,10,56023.0,23699.0,23633.0,22162.0,774500.0,81768.0
Sunday,4,94123.0,Northern,3,23088.0,22622.0,15083.0,13717.0,1000001.0,112650.0
Sunday,4,94124.0,Bayview,12,33996.0,6901.0,10812.0,9717.0,470400.0,50146.0
Sunday,4,94127.0,Ingleside,2,19289.0,10895.0,7801.0,7511.0,916900.0,131351.0
Sunday,4,94127.0,Taraval,10,19289.0,10895.0,7801.0,7511.0,916900.0,131351.0
Sunday,4,94130.0,Southern,1,2880.0,3196.0,786.0,656.0,,37500.0
Sunday,4,94131.0,Mission,1,26881.0,12926.0,13427.0,12618.0,859700.0,96889.0
Sunday,4,94131.0,Park,3,26881.0,12926.0,13427.0,12618.0,859700.0,96889.0
Sunday,4,94134.0,Bayview,5,40798.0,17001.0,11867.0,11244.0,547800.0,56716.0
Sunday,4,94134.0,Ingleside,3,40798.0,17001.0,11867.0,11244.0,547800.0,56716.0
Sunday,4,94158.0,Bayview,9,4792.0,7288.0,2482.0,2271.0,643900.0,82195.0
Sunday,4,94158.0,Mission,1,4792.0,7288.0,2482.0,2271.0,643900.0,82195.0
Sunday,5,94102.0,Mission,8,31176.0,46472.0,18758.0,16844.0,574100.0,22517.0
Sunday,5,94102.0,Northern,24,31176.0,46472.0,18758.0,16844.0,574100.0,22517.0
Sunday,5,94102.0,Southern,6,31176.0,46472.0,18758.0,16844.0,574100.0,22517.0
Sunday,5,94102.0,Tenderloin,1,31176.0,46472.0,18758.0,16844.0,574100.0,22517.0
Sunday,5,94103.0,Central,1,27170.0,20036.0,14778.0,13098.0,628000.0,43364.0
Sunday,5,94103.0,Mission,1,27170.0,20036.0,14778.0,13098.0,628000.0,43364.0
Sunday,5,94103.0,Out of SF,2,27170.0,20036.0,14778.0,13098.0,628000.0,43364.0
Sunday,5,94103.0,Southern,12,27170.0,20036.0,14778.0,13098.0,628000.0,43364.0
Sunday,5,94103.0,Tenderloin,9,27170.0,20036.0,14778.0,13098.0,628000.0,43364.0
Sunday,5,94104.0,Central,8,406.0,5232.0,368.0,207.0,1000001.0,48750.0
Sunday,5,94105.0,Central,6,5846.0,15826.0,4601.0,3586.0,740900.0,163949.0
Sunday,5,94105.0,Southern,17,5846.0,15826.0,4601.0,3586.0,740900.0,163949.0
Sunday,5,94107.0,Bayview,2,26599.0,14845.0,15141.0,13736.0,719700.0,114439.0
Sunday,5,94107.0,Richmond,1,26599.0,14845.0,15141.0,13736.0,719700.0,114439.0
Sunday,5,94107.0,Southern,4,26599.0,14845.0,15141.0,13736.0,719700.0,114439.0
Sunday,5,94108.0,Central,11,13768.0,50983.0,8843.0,7628.0,856900.0,35427.0
Sunday,5,94108.0,Tenderloin,4,13768.0,50983.0,8843.0,7628.0,856900.0,35427.0
Sunday,5,94109.0,Central,6,55984.0,47129.0,37182.0,33342.0,723200.0,60722.0
Sunday,5,94109.0,Northern,8,55984.0,47129.0,37182.0,33342.0,723200.0,60722.0
Sunday,5,94110.0,Bayview,4,69333.0,29816.0,28913.0,27128.0,768200.0,82111.0
Sunday,5,94110.0,Ingleside,2,69333.0,29816.0,28913.0,27128.0,768200.0,82111.0
Sunday,5,94110.0,Mission,14,69333.0,29816.0,28913.0,27128.0,768200.0,82111.0
Sunday,5,94110.0,Out of SF,3,69333.0,29816.0,28913.0,27128.0,768200.0,82111.0
Sunday,5,94111.0,Central,2,3713.0,10791.0,2811.0,2365.0,882000.0,89722.0
Sunday,5,94112.0,Ingleside,7,79407.0,23606.0,23081.0,21975.0,602400.0,71625.0
Sunday,5,94112.0,Taraval,1,79407.0,23606.0,23081.0,21975.0,602400.0,71625.0
Sunday,5,94114.0,Mission,1,31124.0,21837.0,17634.0,16281.0,1000001.0,114689.0
Sunday,5,94114.0,Park,5,31124.0,21837.0,17634.0,16281.0,1000001.0,114689.0
Sunday,5,94115.0,Northern,2,33021.0,29596.0,18884.0,17289.0,965800.0,76952.0
Sunday,5,94115.0,Park,1,33021.0,29596.0,18884.0,17289.0,965800.0,76952.0
Sunday,5,94115.0,Richmond,3,33021.0,29596.0,18884.0,17289.0,965800.0,76952.0
Sunday,5,94116.0,Taraval,5,43698.0,16901.0,16283.0,15445.0,734400.0,83407.0
Sunday,5,94117.0,Northern,3,39169.0,23211.0,19255.0,17939.0,911500.0,94479.0
Sunday,5,94117.0,Park,4,39169.0,23211.0,19255.0,17939.0,911500.0,94479.0
Sunday,5,94118.0,Richmond,4,38319.0,19663.0,18633.0,17171.0,1000001.0,82857.0
Sunday,5,94122.0,Taraval,5,56023.0,23699.0,23633.0,22162.0,774500.0,81768.0
Sunday,5,94123.0,Central,3,23088.0,22622.0,15083.0,13717.0,1000001.0,112650.0
Sunday,5,94123.0,Mission,1,23088.0,22622.0,15083.0,13717.0,1000001.0,112650.0
Sunday,5,94123.0,Northern,4,23088.0,22622.0,15083.0,13717.0,1000001.0,112650.0
Sunday,5,94124.0,Bayview,11,33996.0,6901.0,10812.0,9717.0,470400.0,50146.0
Sunday,5,94124.0,Southern,1,33996.0,6901.0,10812.0,9717.0,470400.0,50146.0
Sunday,5,94127.0,Ingleside,2,19289.0,10895.0,7801.0,7511.0,916900.0,131351.0
Sunday,5,94130.0,Southern,1,2880.0,3196.0,786.0,656.0,,37500.0
Sunday,5,94132.0,Taraval,3,28129.0,9045.0,10769.0,9993.0,733100.0,69223.0
Sunday,5,94134.0,Bayview,4,40798.0,17001.0,11867.0,11244.0,547800.0,56716.0
Sunday,5,94134.0,Ingleside,2,40798.0,17001.0,11867.0,11244.0,547800.0,56716.0
Sunday,5,94158.0,Bayview,5,4792.0,7288.0,2482.0,2271.0,643900.0,82195.0
Sunday,5,94158.0,Southern,5,4792.0,7288.0,2482.0,2271.0,643900.0,82195.0
Sunday,6,94102.0,Mission,8,31176.0,46472.0,18758.0,16844.0,574100.0,22517.0
Sunday,6,94102.0,Northern,17,31176.0,46472.0,18758.0,16844.0,574100.0,22517.0
Sunday,6,94102.0,Park,1,31176.0,46472.0,18758.0,16844.0,574100.0,22517.0
Sunday,6,94102.0,Southern,4,31176.0,46472.0,18758.0,16844.0,574100.0,22517.0
Sunday,6,94102.0,Tenderloin,7,31176.0,46472.0,18758.0,16844.0,574100.0,22517.0
Sunday,6,94103.0,Ingleside,1,27170.0,20036.0,14778.0,13098.0,628000.0,43364.0
Sunday,6,94103.0,Mission,3,27170.0,20036.0,14778.0,13098.0,628000.0,43364.0
Sunday,6,94103.0,Southern,23,27170.0,20036.0,14778.0,13098.0,628000.0,43364.0
Sunday,6,94103.0,Tenderloin,19,27170.0,20036.0,14778.0,13098.0,628000.0,43364.0
Sunday,6,94104.0,Central,16,406.0,5232.0,368.0,207.0,1000001.0,48750.0
Sunday,6,94104.0,Out of SF,1,406.0,5232.0,368.0,207.0,1000001.0,48750.0
Sunday,6,94105.0,Central,1,5846.0,15826.0,4601.0,3586.0,740900.0,163949.0
Sunday,6,94105.0,Southern,9,5846.0,15826.0,4601.0,3586.0,740900.0,163949.0
Sunday,6,94107.0,Bayview,6,26599.0,14845.0,15141.0,13736.0,719700.0,114439.0
Sunday,6,94107.0,Mission,1,26599.0,14845.0,15141.0,13736.0,719700.0,114439.0
Sunday,6,94108.0,Central,24,13768.0,50983.0,8843.0,7628.0,856900.0,35427.0
Sunday,6,94108.0,Southern,1,13768.0,50983.0,8843.0,7628.0,856900.0,35427.0
Sunday,6,94108.0,Tenderloin,1,13768.0,50983.0,8843.0,7628.0,856900.0,35427.0
Sunday,6,94109.0,Central,3,55984.0,47129.0,37182.0,33342.0,723200.0,60722.0
Sunday,6,94109.0,Northern,22,55984.0,47129.0,37182.0,33342.0,723200.0,60722.0
Sunday,6,94109.0,Tenderloin,8,55984.0,47129.0,37182.0,33342.0,723200.0,60722.0
Sunday,6,94110.0,Bayview,1,69333.0,29816.0,28913.0,27128.0,768200.0,82111.0
Sunday,6,94110.0,Ingleside,5,69333.0,29816.0,28913.0,27128.0,768200.0,82111.0
Sunday,6,94110.0,Mission,21,69333.0,29816.0,28913.0,27128.0,768200.0,82111.0
Sunday,6,94110.0,Out of SF,2,69333.0,29816.0,28913.0,27128.0,768200.0,82111.0
Sunday,6,94110.0,Taraval,3,69333.0,29816.0,28913.0,27128.0,768200.0,82111.0
Sunday,6,94111.0,Central,10,3713.0,10791.0,2811.0,2365.0,882000.0,89722.0
Sunday,6,94112.0,Ingleside,12,79407.0,23606.0,23081.0,21975.0,602400.0,71625.0
Sunday,6,94112.0,Taraval,4,79407.0,23606.0,23081.0,21975.0,602400.0,71625.0
Sunday,6,94114.0,Mission,9,31124.0,21837.0,17634.0,16281.0,1000001.0,114689.0
Sunday,6,94114.0,Park,2,31124.0,21837.0,17634.0,16281.0,1000001.0,114689.0
Sunday,6,94115.0,Northern,4,33021.0,29596.0,18884.0,17289.0,965800.0,76952.0
Sunday,6,94115.0,Park,1,33021.0,29596.0,18884.0,17289.0,965800.0,76952.0
Sunday,6,94116.0,Taraval,1,43698.0,16901.0,16283.0,15445.0,734400.0,83407.0
Sunday,6,94117.0,Mission,5,39169.0,23211.0,19255.0,17939.0,911500.0,94479.0
Sunday,6,94117.0,Northern,1,39169.0,23211.0,19255.0,17939.0,911500.0,94479.0
Sunday,6,94117.0,Park,8,39169.0,23211.0,19255.0,17939.0,911500.0,94479.0
Sunday,6,94118.0,Park,2,38319.0,19663.0,18633.0,17171.0,1000001.0,82857.0
Sunday,6,94122.0,Richmond,4,56023.0,23699.0,23633.0,22162.0,774500.0,81768.0
Sunday,6,94122.0,Taraval,4,56023.0,23699.0,23633.0,22162.0,774500.0,81768.0
Sunday,6,94123.0,Northern,9,23088.0,22622.0,15083.0,13717.0,1000001.0,112650.0
Sunday,6,94124.0,Bayview,4,33996.0,6901.0,10812.0,9717.0,470400.0,50146.0
Sunday,6,94127.0,Ingleside,2,19289.0,10895.0,7801.0,7511.0,916900.0,131351.0
Sunday,6,94127.0,Taraval,1,19289.0,10895.0,7801.0,7511.0,916900.0,131351.0
Sunday,6,94129.0,Central,1,3183.0,1381.0,1132.0,1086.0,,143320.0
Sunday,6,94130.0,Southern,2,2880.0,3196.0,786.0,656.0,,37500.0
Sunday,6,94131.0,Ingleside,3,26881.0,12926.0,13427.0,12618.0,859700.0,96889.0
Sunday,6,94131.0,Mission,1,26881.0,12926.0,13427.0,12618.0,859700.0,96889.0
Sunday,6,94134.0,Bayview,4,40798.0,17001.0,11867.0,11244.0,547800.0,56716.0
Sunday,6,94134.0,Ingleside,6,40798.0,17001.0,11867.0,11244.0,547800.0,56716.0
Sunday,6,94158.0,Bayview,4,4792.0,7288.0,2482.0,2271.0,643900.0,82195.0
Sunday,6,94158.0,Mission,2,4792.0,7288.0,2482.0,2271.0,643900.0,82195.0
Sunday,6,94158.0,Southern,4,4792.0,7288.0,2482.0,2271.0,643900.0,82195.0
Sunday,7,94102.0,Mission,16,31176.0,46472.0,18758.0,16844.0,574100.0,22517.0
Sunday,7,94102.0,Northern,19,31176.0,46472.0,18758.0,16844.0,574100.0,22517.0
Sunday,7,94102.0,Southern,9,31176.0,46472.0,18758.0,16844.0,574100.0,22517.0
Sunday,7,94102.0,Tenderloin,14,31176.0,46472.0,18758.0,16844.0,574100.0,22517.0
Sunday,7,94103.0,Central,1,27170.0,20036.0,14778.0,13098.0,628000.0,43364.0
Sunday,7,94103.0,Mission,1,27170.0,20036.0,14778.0,13098.0,628000.0,43364.0
Sunday,7,94103.0,Out of SF,1,27170.0,20036.0,14778.0,13098.0,628000.0,43364.0
Sunday,7,94103.0,Southern,19,27170.0,20036.0,14778.0,13098.0,628000.0,43364.0
Sunday,7,94103.0,Tenderloin,39,27170.0,20036.0,14778.0,13098.0,628000.0,43364.0
Sunday,7,94104.0,Central,12,406.0,5232.0,368.0,207.0,1000001.0,48750.0
Sunday,7,94104.0,Southern,1,406.0,5232.0,368.0,207.0,1000001.0,48750.0
Sunday,7,94104.0,Tenderloin,1,406.0,5232.0,368.0,207.0,1000001.0,48750.0
Sunday,7,94105.0,Central,3,5846.0,15826.0,4601.0,3586.0,740900.0,163949.0
Sunday,7,94105.0,Ingleside,1,5846.0,15826.0,4601.0,3586.0,740900.0,163949.0
Sunday,7,94105.0,Southern,7,5846.0,15826.0,4601.0,3586.0,740900.0,163949.0
Sunday,7,94107.0,Bayview,2,26599.0,14845.0,15141.0,13736.0,719700.0,114439.0
Sunday,7,94107.0,Southern,1,26599.0,14845.0,15141.0,13736.0,719700.0,114439.0
Sunday,7,94108.0,Central,15,13768.0,50983.0,8843.0,7628.0,856900.0,35427.0
Sunday,7,94108.0,Tenderloin,2,13768.0,50983.0,8843.0,7628.0,856900.0,35427.0
Sunday,7,94109.0,Central,3,55984.0,47129.0,37182.0,33342.0,723200.0,60722.0
Sunday,7,94109.0,Northern,19,55984.0,47129.0,37182.0,33342.0,723200.0,60722.0
Sunday,7,94109.0,Tenderloin,7,55984.0,47129.0,37182.0,33342.0,723200.0,60722.0
Sunday,7,94110.0,Bayview,5,69333.0,29816.0,28913.0,27128.0,768200.0,82111.0
Sunday,7,94110.0,Ingleside,3,69333.0,29816.0,28913.0,27128.0,768200.0,82111.0
Sunday,7,94110.0,Mission,28,69333.0,29816.0,28913.0,27128.0,768200.0,82111.0
Sunday,7,94110.0,Out of SF,1,69333.0,29816.0,28913.0,27128.0,768200.0,82111.0
Sunday,7,94110.0,Southern,1,69333.0,29816.0,28913.0,27128.0,768200.0,82111.0
Sunday,7,94110.0,Taraval,1,69333.0,29816.0,28913.0,27128.0,768200.0,82111.0
Sunday,7,94111.0,Central,8,3713.0,10791.0,2811.0,2365.0,882000.0,89722.0
Sunday,7,94112.0,Ingleside,8,79407.0,23606.0,23081.0,21975.0,602400.0,71625.0
Sunday,7,94112.0,Taraval,4,79407.0,23606.0,23081.0,21975.0,602400.0,71625.0
Sunday,7,94114.0,Mission,10,31124.0,21837.0,17634.0,16281.0,1000001.0,114689.0
Sunday,7,94114.0,Park,2,31124.0,21837.0,17634.0,16281.0,1000001.0,114689.0
Sunday,7,94115.0,Northern,2,33021.0,29596.0,18884.0,17289.0,965800.0,76952.0
Sunday,7,94116.0,Taraval,10,43698.0,16901.0,16283.0,15445.0,734400.0,83407.0
Sunday,7,94117.0,Mission,3,39169.0,23211.0,19255.0,17939.0,911500.0,94479.0
Sunday,7,94117.0,Northern,5,39169.0,23211.0,19255.0,17939.0,911500.0,94479.0
Sunday,7,94117.0,Park,17,39169.0,23211.0,19255.0,17939.0,911500.0,94479.0
Sunday,7,94118.0,Park,2,38319.0,19663.0,18633.0,17171.0,1000001.0,82857.0
Sunday,7,94118.0,Richmond,8,38319.0,19663.0,18633.0,17171.0,1000001.0,82857.0
Sunday,7,94122.0,Park,1,56023.0,23699.0,23633.0,22162.0,774500.0,81768.0
Sunday,7,94122.0,Richmond,4,56023.0,23699.0,23633.0,22162.0,774500.0,81768.0
Sunday,7,94122.0,Taraval,3,56023.0,23699.0,23633.0,22162.0,774500.0,81768.0
Sunday,7,94123.0,Northern,8,23088.0,22622.0,15083.0,13717.0,1000001.0,112650.0
Sunday,7,94124.0,Bayview,11,33996.0,6901.0,10812.0,9717.0,470400.0,50146.0
Sunday,7,94127.0,Ingleside,2,19289.0,10895.0,7801.0,7511.0,916900.0,131351.0
Sunday,7,94127.0,Taraval,12,19289.0,10895.0,7801.0,7511.0,916900.0,131351.0
Sunday,7,94130.0,Southern,1,2880.0,3196.0,786.0,656.0,,37500.0
Sunday,7,94131.0,Ingleside,1,26881.0,12926.0,13427.0,12618.0,859700.0,96889.0
Sunday,7,94131.0,Park,1,26881.0,12926.0,13427.0,12618.0,859700.0,96889.0
Sunday,7,94132.0,Taraval,1,28129.0,9045.0,10769.0,9993.0,733100.0,69223.0
Sunday,7,94134.0,Bayview,8,40798.0,17001.0,11867.0,11244.0,547800.0,56716.0
Sunday,7,94134.0,Ingleside,1,40798.0,17001.0,11867.0,11244.0,547800.0,56716.0
Sunday,7,94158.0,Bayview,1,4792.0,7288.0,2482.0,2271.0,643900.0,82195.0
Sunday,7,94158.0,Mission,1,4792.0,7288.0,2482.0,2271.0,643900.0,82195.0
Sunday,7,94158.0,Southern,9,4792.0,7288.0,2482.0,2271.0,643900.0,82195.0
Sunday,8,94102.0,Mission,20,31176.0,46472.0,18758.0,16844.0,574100.0,22517.0
Sunday,8,94102.0,Northern,27,31176.0,46472.0,18758.0,16844.0,574100.0,22517.0
Sunday,8,94102.0,Southern,10,31176.0,46472.0,18758.0,16844.0,574100.0,22517.0
Sunday,8,94102.0,Tenderloin,31,31176.0,46472.0,18758.0,16844.0,574100.0,22517.0
Sunday,8,94103.0,Mission,2,27170.0,20036.0,14778.0,13098.0,628000.0,43364.0
Sunday,8,94103.0,Out of SF,8,27170.0,20036.0,14778.0,13098.0,628000.0,43364.0
Sunday,8,94103.0,Southern,33,27170.0,20036.0,14778.0,13098.0,628000.0,43364.0
Sunday,8,94103.0,Tenderloin,53,27170.0,20036.0,14778.0,13098.0,628000.0,43364.0
Sunday,8,94104.0,Central,23,406.0,5232.0,368.0,207.0,1000001.0,48750.0
Sunday,8,94104.0,Southern,2,406.0,5232.0,368.0,207.0,1000001.0,48750.0
Sunday,8,94105.0,Mission,2,5846.0,15826.0,4601.0,3586.0,740900.0,163949.0
Sunday,8,94105.0,Southern,10,5846.0,15826.0,4601.0,3586.0,740900.0,163949.0
Sunday,8,94107.0,Bayview,3,26599.0,14845.0,15141.0,13736.0,719700.0,114439.0
Sunday,8,94107.0,Southern,1,26599.0,14845.0,15141.0,13736.0,719700.0,114439.0
Sunday,8,94108.0,Central,15,13768.0,50983.0,8843.0,7628.0,856900.0,35427.0
Sunday,8,94108.0,Out of SF,4,13768.0,50983.0,8843.0,7628.0,856900.0,35427.0
Sunday,8,94108.0,Tenderloin,3,13768.0,50983.0,8843.0,7628.0,856900.0,35427.0
Sunday,8,94109.0,Central,15,55984.0,47129.0,37182.0,33342.0,723200.0,60722.0
Sunday,8,94109.0,Ingleside,1,55984.0,47129.0,37182.0,33342.0,723200.0,60722.0
Sunday,8,94109.0,Northern,32,55984.0,47129.0,37182.0,33342.0,723200.0,60722.0
Sunday,8,94109.0,Tenderloin,7,55984.0,47129.0,37182.0,33342.0,723200.0,60722.0
Sunday,8,94110.0,Bayview,8,69333.0,29816.0,28913.0,27128.0,768200.0,82111.0
Sunday,8,94110.0,Ingleside,11,69333.0,29816.0,28913.0,27128.0,768200.0,82111.0
Sunday,8,94110.0,Mission,24,69333.0,29816.0,28913.0,27128.0,768200.0,82111.0
Sunday,8,94111.0,Central,34,3713.0,10791.0,2811.0,2365.0,882000.0,89722.0
Sunday,8,94112.0,Ingleside,13,79407.0,23606.0,23081.0,21975.0,602400.0,71625.0
Sunday,8,94112.0,Taraval,2,79407.0,23606.0,23081.0,21975.0,602400.0,71625.0
Sunday,8,94114.0,Mission,10,31124.0,21837.0,17634.0,16281.0,1000001.0,114689.0
Sunday,8,94114.0,Park,4,31124.0,21837.0,17634.0,16281.0,1000001.0,114689.0
Sunday,8,94115.0,Northern,8,33021.0,29596.0,18884.0,17289.0,965800.0,76952.0
Sunday,8,94115.0,Richmond,3,33021.0,29596.0,18884.0,17289.0,965800.0,76952.0
Sunday,8,94116.0,Taraval,14,43698.0,16901.0,16283.0,15445.0,734400.0,83407.0
Sunday,8,94117.0,Bayview,1,39169.0,23211.0,19255.0,17939.0,911500.0,94479.0
Sunday,8,94117.0,Mission,7,39169.0,23211.0,19255.0,17939.0,911500.0,94479.0
Sunday,8,94117.0,Northern,10,39169.0,23211.0,19255.0,17939.0,911500.0,94479.0
Sunday,8,94117.0,Park,28,39169.0,23211.0,19255.0,17939.0,911500.0,94479.0
Sunday,8,94118.0,Out of SF,2,38319.0,19663.0,18633.0,17171.0,1000001.0,82857.0
Sunday,8,94118.0,Park,3,38319.0,19663.0,18633.0,17171.0,1000001.0,82857.0
Sunday,8,94118.0,Richmond,14,38319.0,19663.0,18633.0,17171.0,1000001.0,82857.0
Sunday,8,94118.0,Tenderloin,1,38319.0,19663.0,18633.0,17171.0,1000001.0,82857.0
Sunday,8,94122.0,Park,1,56023.0,23699.0,23633.0,22162.0,774500.0,81768.0
Sunday,8,94122.0,Richmond,13,56023.0,23699.0,23633.0,22162.0,774500.0,81768.0
Sunday,8,94122.0,Taraval,6,56023.0,23699.0,23633.0,22162.0,774500.0,81768.0
Sunday,8,94123.0,Northern,18,23088.0,22622.0,15083.0,13717.0,1000001.0,112650.0
Sunday,8,94124.0,Bayview,27,33996.0,6901.0,10812.0,9717.0,470400.0,50146.0
Sunday,8,94127.0,Ingleside,1,19289.0,10895.0,7801.0,7511.0,916900.0,131351.0
Sunday,8,94127.0,Taraval,3,19289.0,10895.0,7801.0,7511.0,916900.0,131351.0
Sunday,8,94130.0,Southern,1,2880.0,3196.0,786.0,656.0,,37500.0
Sunday,8,94131.0,Ingleside,3,26881.0,12926.0,13427.0,12618.0,859700.0,96889.0
Sunday,8,94131.0,Mission,1,26881.0,12926.0,13427.0,12618.0,859700.0,96889.0
Sunday,8,94131.0,Park,3,26881.0,12926.0,13427.0,12618.0,859700.0,96889.0
Sunday,8,94132.0,Taraval,4,28129.0,9045.0,10769.0,9993.0,733100.0,69223.0
Sunday,8,94134.0,Bayview,8,40798.0,17001.0,11867.0,11244.0,547800.0,56716.0
Sunday,8,94134.0,Ingleside,3,40798.0,17001.0,11867.0,11244.0,547800.0,56716.0
Sunday,8,94158.0,Bayview,7,4792.0,7288.0,2482.0,2271.0,643900.0,82195.0
Sunday,8,94158.0,Out of SF,4,4792.0,7288.0,2482.0,2271.0,643900.0,82195.0
Sunday,8,94158.0,Southern,8,4792.0,7288.0,2482.0,2271.0,643900.0,82195.0
Sunday,9,94102.0,Mission,26,31176.0,46472.0,18758.0,16844.0,574100.0,22517.0
Sunday,9,94102.0,Northern,17,31176.0,46472.0,18758.0,16844.0,574100.0,22517.0
Sunday,9,94102.0,Park,6,31176.0,46472.0,18758.0,16844.0,574100.0,22517.0
Sunday,9,94102.0,Southern,11,31176.0,46472.0,18758.0,16844.0,574100.0,22517.0
Sunday,9,94102.0,Tenderloin,22,31176.0,46472.0,18758.0,16844.0,574100.0,22517.0
Sunday,9,94103.0,Bayview,1,27170.0,20036.0,14778.0,13098.0,628000.0,43364.0
Sunday,9,94103.0,Mission,1,27170.0,20036.0,14778.0,13098.0,628000.0,43364.0
Sunday,9,94103.0,Southern,50,27170.0,20036.0,14778.0,13098.0,628000.0,43364.0
Sunday,9,94103.0,Tenderloin,48,27170.0,20036.0,14778.0,13098.0,628000.0,43364.0
Sunday,9,94104.0,Central,15,406.0,5232.0,368.0,207.0,1000001.0,48750.0
Sunday,9,94104.0,Southern,4,406.0,5232.0,368.0,207.0,1000001.0,48750.0
Sunday,9,94104.0,Tenderloin,1,406.0,5232.0,368.0,207.0,1000001.0,48750.0
Sunday,9,94105.0,Central,3,5846.0,15826.0,4601.0,3586.0,740900.0,163949.0
Sunday,9,94105.0,Southern,15,5846.0,15826.0,4601.0,3586.0,740900.0,163949.0
Sunday,9,94107.0,Bayview,1,26599.0,14845.0,15141.0,13736.0,719700.0,114439.0
Sunday,9,94108.0,Central,28,13768.0,50983.0,8843.0,7628.0,856900.0,35427.0
Sunday,9,94108.0,Southern,1,13768.0,50983.0,8843.0,7628.0,856900.0,35427.0
Sunday,9,94108.0,Tenderloin,7,13768.0,50983.0,8843.0,7628.0,856900.0,35427.0
Sunday,9,94109.0,Central,10,55984.0,47129.0,37182.0,33342.0,723200.0,60722.0
Sunday,9,94109.0,Northern,29,55984.0,47129.0,37182.0,33342.0,723200.0,60722.0
Sunday,9,94109.0,Tenderloin,3,55984.0,47129.0,37182.0,33342.0,723200.0,60722.0
Sunday,9,94110.0,Bayview,6,69333.0,29816.0,28913.0,27128.0,768200.0,82111.0
Sunday,9,94110.0,Ingleside,11,69333.0,29816.0,28913.0,27128.0,768200.0,82111.0
Sunday,9,94110.0,Mission,38,69333.0,29816.0,28913.0,27128.0,768200.0,82111.0
Sunday,9,94110.0,Northern,1,69333.0,29816.0,28913.0,27128.0,768200.0,82111.0
Sunday,9,94110.0,Out of SF,1,69333.0,29816.0,28913.0,27128.0,768200.0,82111.0
Sunday,9,94111.0,Central,47,3713.0,10791.0,2811.0,2365.0,882000.0,89722.0
Sunday,9,94112.0,Ingleside,19,79407.0,23606.0,23081.0,21975.0,602400.0,71625.0
Sunday,9,94112.0,Taraval,1,79407.0,23606.0,23081.0,21975.0,602400.0,71625.0
Sunday,9,94114.0,Mission,18,31124.0,21837.0,17634.0,16281.0,1000001.0,114689.0
Sunday,9,94114.0,Park,4,31124.0,21837.0,17634.0,16281.0,1000001.0,114689.0
Sunday,9,94115.0,Northern,16,33021.0,29596.0,18884.0,17289.0,965800.0,76952.0
Sunday,9,94115.0,Park,4,33021.0,29596.0,18884.0,17289.0,965800.0,76952.0
Sunday,9,94115.0,Richmond,1,33021.0,29596.0,18884.0,17289.0,965800.0,76952.0
Sunday,9,94116.0,Taraval,13,43698.0,16901.0,16283.0,15445.0,734400.0,83407.0
Sunday,9,94117.0,Mission,8,39169.0,23211.0,19255.0,17939.0,911500.0,94479.0
Sunday,9,94117.0,Northern,13,39169.0,23211.0,19255.0,17939.0,911500.0,94479.0
Sunday,9,94117.0,Park,24,39169.0,23211.0,19255.0,17939.0,911500.0,94479.0
Sunday,9,94118.0,Mission,1,38319.0,19663.0,18633.0,17171.0,1000001.0,82857.0
Sunday,9,94118.0,Richmond,21,38319.0,19663.0,18633.0,17171.0,1000001.0,82857.0
Sunday,9,94122.0,Richmond,12,56023.0,23699.0,23633.0,22162.0,774500.0,81768.0
Sunday,9,94122.0,Southern,1,56023.0,23699.0,23633.0,22162.0,774500.0,81768.0
Sunday,9,94122.0,Taraval,8,56023.0,23699.0,23633.0,22162.0,774500.0,81768.0
Sunday,9,94123.0,Northern,31,23088.0,22622.0,15083.0,13717.0,1000001.0,112650.0
Sunday,9,94124.0,Bayview,22,33996.0,6901.0,10812.0,9717.0,470400.0,50146.0
Sunday,9,94127.0,Ingleside,3,19289.0,10895.0,7801.0,7511.0,916900.0,131351.0
Sunday,9,94127.0,Taraval,7,19289.0,10895.0,7801.0,7511.0,916900.0,131351.0
Sunday,9,94129.0,Central,3,3183.0,1381.0,1132.0,1086.0,,143320.0
Sunday,9,94130.0,Southern,1,2880.0,3196.0,786.0,656.0,,37500.0
Sunday,9,94131.0,Ingleside,4,26881.0,12926.0,13427.0,12618.0,859700.0,96889.0
Sunday,9,94131.0,Park,5,26881.0,12926.0,13427.0,12618.0,859700.0,96889.0
Sunday,9,94132.0,Taraval,7,28129.0,9045.0,10769.0,9993.0,733100.0,69223.0
Sunday,9,94134.0,Bayview,14,40798.0,17001.0,11867.0,11244.0,547800.0,56716.0
Sunday,9,94134.0,Ingleside,9,40798.0,17001.0,11867.0,11244.0,547800.0,56716.0
Sunday,9,94158.0,Bayview,5,4792.0,7288.0,2482.0,2271.0,643900.0,82195.0
Sunday,9,94158.0,Mission,1,4792.0,7288.0,2482.0,2271.0,643900.0,82195.0
Sunday,9,94158.0,Southern,4,4792.0,7288.0,2482.0,2271.0,643900.0,82195.0
Sunday,10,94102.0,Central,1,31176.0,46472.0,18758.0,16844.0,574100.0,22517.0
Sunday,10,94102.0,Mission,7,31176.0,46472.0,18758.0,16844.0,574100.0,22517.0
Sunday,10,94102.0,Northern,29,31176.0,46472.0,18758.0,16844.0,574100.0,22517.0
Sunday,10,94102.0,Southern,8,31176.0,46472.0,18758.0,16844.0,574100.0,22517.0
Sunday,10,94102.0,Tenderloin,20,31176.0,46472.0,18758.0,16844.0,574100.0,22517.0
Sunday,10,94103.0,Mission,4,27170.0,20036.0,14778.0,13098.0,628000.0,43364.0
Sunday,10,94103.0,Northern,3,27170.0,20036.0,14778.0,13098.0,628000.0,43364.0
Sunday,10,94103.0,Out of SF,2,27170.0,20036.0,14778.0,13098.0,628000.0,43364.0
Sunday,10,94103.0,Southern,54,27170.0,20036.0,14778.0,13098.0,628000.0,43364.0
Sunday,10,94103.0,Tenderloin,48,27170.0,20036.0,14778.0,13098.0,628000.0,43364.0
Sunday,10,94104.0,Central,23,406.0,5232.0,368.0,207.0,1000001.0,48750.0
Sunday,10,94104.0,Southern,1,406.0,5232.0,368.0,207.0,1000001.0,48750.0
Sunday,10,94104.0,Tenderloin,2,406.0,5232.0,368.0,207.0,1000001.0,48750.0
Sunday,10,94105.0,Central,8,5846.0,15826.0,4601.0,3586.0,740900.0,163949.0
Sunday,10,94105.0,Southern,14,5846.0,15826.0,4601.0,3586.0,740900.0,163949.0
Sunday,10,94107.0,Bayview,4,26599.0,14845.0,15141.0,13736.0,719700.0,114439.0
Sunday,10,94107.0,Southern,1,26599.0,14845.0,15141.0,13736.0,719700.0,114439.0
Sunday,10,94108.0,Central,41,13768.0,50983.0,8843.0,7628.0,856900.0,35427.0
Sunday,10,94108.0,Out of SF,8,13768.0,50983.0,8843.0,7628.0,856900.0,35427.0
Sunday,10,94108.0,Tenderloin,4,13768.0,50983.0,8843.0,7628.0,856900.0,35427.0
Sunday,10,94109.0,Central,16,55984.0,47129.0,37182.0,33342.0,723200.0,60722.0
Sunday,10,94109.0,Northern,21,55984.0,47129.0,37182.0,33342.0,723200.0,60722.0
Sunday,10,94109.0,Tenderloin,2,55984.0,47129.0,37182.0,33342.0,723200.0,60722.0
Sunday,10,94110.0,Bayview,8,69333.0,29816.0,28913.0,27128.0,768200.0,82111.0
Sunday,10,94110.0,Ingleside,14,69333.0,29816.0,28913.0,27128.0,768200.0,82111.0
Sunday,10,94110.0,Mission,39,69333.0,29816.0,28913.0,27128.0,768200.0,82111.0
Sunday,10,94111.0,Central,39,3713.0,10791.0,2811.0,2365.0,882000.0,89722.0
Sunday,10,94112.0,Ingleside,9,79407.0,23606.0,23081.0,21975.0,602400.0,71625.0
Sunday,10,94112.0,Mission,1,79407.0,23606.0,23081.0,21975.0,602400.0,71625.0
Sunday,10,94112.0,Taraval,1,79407.0,23606.0,23081.0,21975.0,602400.0,71625.0
Sunday,10,94114.0,Mission,22,31124.0,21837.0,17634.0,16281.0,1000001.0,114689.0
Sunday,10,94114.0,Park,3,31124.0,21837.0,17634.0,16281.0,1000001.0,114689.0
Sunday,10,94115.0,Northern,25,33021.0,29596.0,18884.0,17289.0,965800.0,76952.0
Sunday,10,94115.0,Park,1,33021.0,29596.0,18884.0,17289.0,965800.0,76952.0
Sunday,10,94115.0,Richmond,3,33021.0,29596.0,18884.0,17289.0,965800.0,76952.0
Sunday,10,94116.0,Richmond,1,43698.0,16901.0,16283.0,15445.0,734400.0,83407.0
Sunday,10,94116.0,Taraval,14,43698.0,16901.0,16283.0,15445.0,734400.0,83407.0
Sunday,10,94117.0,Mission,10,39169.0,23211.0,19255.0,17939.0,911500.0,94479.0
Sunday,10,94117.0,Northern,16,39169.0,23211.0,19255.0,17939.0,911500.0,94479.0
Sunday,10,94117.0,Park,17,39169.0,23211.0,19255.0,17939.0,911500.0,94479.0
Sunday,10,94118.0,Park,9,38319.0,19663.0,18633.0,17171.0,1000001.0,82857.0
Sunday,10,94118.0,Richmond,28,38319.0,19663.0,18633.0,17171.0,1000001.0,82857.0
Sunday,10,94122.0,Park,1,56023.0,23699.0,23633.0,22162.0,774500.0,81768.0
Sunday,10,94122.0,Richmond,18,56023.0,23699.0,23633.0,22162.0,774500.0,81768.0
Sunday,10,94122.0,Southern,1,56023.0,23699.0,23633.0,22162.0,774500.0,81768.0
Sunday,10,94122.0,Taraval,12,56023.0,23699.0,23633.0,22162.0,774500.0,81768.0
Sunday,10,94123.0,Northern,40,23088.0,22622.0,15083.0,13717.0,1000001.0,112650.0
Sunday,10,94124.0,Bayview,35,33996.0,6901.0,10812.0,9717.0,470400.0,50146.0
Sunday,10,94127.0,Ingleside,2,19289.0,10895.0,7801.0,7511.0,916900.0,131351.0
Sunday,10,94127.0,Taraval,7,19289.0,10895.0,7801.0,7511.0,916900.0,131351.0
Sunday,10,94130.0,Southern,7,2880.0,3196.0,786.0,656.0,,37500.0
Sunday,10,94131.0,Ingleside,4,26881.0,12926.0,13427.0,12618.0,859700.0,96889.0
Sunday,10,94131.0,Park,8,26881.0,12926.0,13427.0,12618.0,859700.0,96889.0
Sunday,10,94131.0,Southern,2,26881.0,12926.0,13427.0,12618.0,859700.0,96889.0
Sunday,10,94132.0,Taraval,11,28129.0,9045.0,10769.0,9993.0,733100.0,69223.0
Sunday,10,94134.0,Bayview,14,40798.0,17001.0,11867.0,11244.0,547800.0,56716.0
Sunday,10,94134.0,Ingleside,3,40798.0,17001.0,11867.0,11244.0,547800.0,56716.0
Sunday,10,94134.0,Out of SF,1,40798.0,17001.0,11867.0,11244.0,547800.0,56716.0
Sunday,10,94134.0,Southern,1,40798.0,17001.0,11867.0,11244.0,547800.0,56716.0
Sunday,10,94158.0,Bayview,9,4792.0,7288.0,2482.0,2271.0,643900.0,82195.0
Sunday,10,94158.0,Mission,3,4792.0,7288.0,2482.0,2271.0,643900.0,82195.0
Sunday,10,94158.0,Out of SF,1,4792.0,7288.0,2482.0,2271.0,643900.0,82195.0
Sunday,10,94158.0,Southern,16,4792.0,7288.0,2482.0,2271.0,643900.0,82195.0
Sunday,11,94102.0,Central,1,31176.0,46472.0,18758.0,16844.0,574100.0,22517.0
Sunday,11,94102.0,Mission,27,31176.0,46472.0,18758.0,16844.0,574100.0,22517.0
Sunday,11,94102.0,Northern,46,31176.0,46472.0,18758.0,16844.0,574100.0,22517.0
Sunday,11,94102.0,Southern,13,31176.0,46472.0,18758.0,16844.0,574100.0,22517.0
Sunday,11,94102.0,Tenderloin,23,31176.0,46472.0,18758.0,16844.0,574100.0,22517.0
Sunday,11,94103.0,Mission,7,27170.0,20036.0,14778.0,13098.0,628000.0,43364.0
Sunday,11,94103.0,Northern,1,27170.0,20036.0,14778.0,13098.0,628000.0,43364.0
Sunday,11,94103.0,Out of SF,1,27170.0,20036.0,14778.0,13098.0,628000.0,43364.0
Sunday,11,94103.0,Southern,43,27170.0,20036.0,14778.0,13098.0,628000.0,43364.0
Sunday,11,94103.0,Taraval,1,27170.0,20036.0,14778.0,13098.0,628000.0,43364.0
Sunday,11,94103.0,Tenderloin,55,27170.0,20036.0,14778.0,13098.0,628000.0,43364.0
Sunday,11,94104.0,Central,37,406.0,5232.0,368.0,207.0,1000001.0,48750.0
Sunday,11,94104.0,Southern,1,406.0,5232.0,368.0,207.0,1000001.0,48750.0
Sunday,11,94104.0,Tenderloin,1,406.0,5232.0,368.0,207.0,1000001.0,48750.0
Sunday,11,94105.0,Central,12,5846.0,15826.0,4601.0,3586.0,740900.0,163949.0
Sunday,11,94105.0,Southern,22,5846.0,15826.0,4601.0,3586.0,740900.0,163949.0
Sunday,11,94107.0,Bayview,7,26599.0,14845.0,15141.0,13736.0,719700.0,114439.0
Sunday,11,94107.0,Southern,3,26599.0,14845.0,15141.0,13736.0,719700.0,114439.0
Sunday,11,94108.0,Central,47,13768.0,50983.0,8843.0,7628.0,856900.0,35427.0
Sunday,11,94108.0,Out of SF,2,13768.0,50983.0,8843.0,7628.0,856900.0,35427.0
Sunday,11,94108.0,Tenderloin,11,13768.0,50983.0,8843.0,7628.0,856900.0,35427.0
Sunday,11,94109.0,Central,29,55984.0,47129.0,37182.0,33342.0,723200.0,60722.0
Sunday,11,94109.0,Northern,31,55984.0,47129.0,37182.0,33342.0,723200.0,60722.0
Sunday,11,94109.0,Tenderloin,5,55984.0,47129.0,37182.0,33342.0,723200.0,60722.0
Sunday,11,94110.0,Bayview,12,69333.0,29816.0,28913.0,27128.0,768200.0,82111.0
Sunday,11,94110.0,Ingleside,7,69333.0,29816.0,28913.0,27128.0,768200.0,82111.0
Sunday,11,94110.0,Mission,45,69333.0,29816.0,28913.0,27128.0,768200.0,82111.0
Sunday,11,94110.0,Out of SF,1,69333.0,29816.0,28913.0,27128.0,768200.0,82111.0
Sunday,11,94111.0,Central,47,3713.0,10791.0,2811.0,2365.0,882000.0,89722.0
Sunday,11,94112.0,Ingleside,11,79407.0,23606.0,23081.0,21975.0,602400.0,71625.0
Sunday,11,94112.0,Taraval,2,79407.0,23606.0,23081.0,21975.0,602400.0,71625.0
Sunday,11,94114.0,Mission,13,31124.0,21837.0,17634.0,16281.0,1000001.0,114689.0
Sunday,11,94114.0,Park,2,31124.0,21837.0,17634.0,16281.0,1000001.0,114689.0
Sunday,11,94115.0,Northern,20,33021.0,29596.0,18884.0,17289.0,965800.0,76952.0
Sunday,11,94115.0,Park,1,33021.0,29596.0,18884.0,17289.0,965800.0,76952.0
Sunday,11,94115.0,Richmond,7,33021.0,29596.0,18884.0,17289.0,965800.0,76952.0
Sunday,11,94116.0,Taraval,19,43698.0,16901.0,16283.0,15445.0,734400.0,83407.0
Sunday,11,94117.0,Mission,4,39169.0,23211.0,19255.0,17939.0,911500.0,94479.0
Sunday,11,94117.0,Northern,19,39169.0,23211.0,19255.0,17939.0,911500.0,94479.0
Sunday,11,94117.0,Park,34,39169.0,23211.0,19255.0,17939.0,911500.0,94479.0
Sunday,11,94118.0,Out of SF,2,38319.0,19663.0,18633.0,17171.0,1000001.0,82857.0
Sunday,11,94118.0,Park,8,38319.0,19663.0,18633.0,17171.0,1000001.0,82857.0
Sunday,11,94118.0,Richmond,25,38319.0,19663.0,18633.0,17171.0,1000001.0,82857.0
Sunday,11,94122.0,Park,4,56023.0,23699.0,23633.0,22162.0,774500.0,81768.0
Sunday,11,94122.0,Richmond,27,56023.0,23699.0,23633.0,22162.0,774500.0,81768.0
Sunday,11,94122.0,Taraval,10,56023.0,23699.0,23633.0,22162.0,774500.0,81768.0
Sunday,11,94123.0,Central,1,23088.0,22622.0,15083.0,13717.0,1000001.0,112650.0
Sunday,11,94123.0,Northern,49,23088.0,22622.0,15083.0,13717.0,1000001.0,112650.0
Sunday,11,94123.0,Out of SF,1,23088.0,22622.0,15083.0,13717.0,1000001.0,112650.0
Sunday,11,94124.0,Bayview,26,33996.0,6901.0,10812.0,9717.0,470400.0,50146.0
Sunday,11,94124.0,Mission,1,33996.0,6901.0,10812.0,9717.0,470400.0,50146.0
Sunday,11,94124.0,Out of SF,1,33996.0,6901.0,10812.0,9717.0,470400.0,50146.0
Sunday,11,94124.0,Southern,1,33996.0,6901.0,10812.0,9717.0,470400.0,50146.0
Sunday,11,94127.0,Ingleside,7,19289.0,10895.0,7801.0,7511.0,916900.0,131351.0
Sunday,11,94127.0,Out of SF,2,19289.0,10895.0,7801.0,7511.0,916900.0,131351.0
Sunday,11,94127.0,Taraval,3,19289.0,10895.0,7801.0,7511.0,916900.0,131351.0
Sunday,11,94130.0,Southern,1,2880.0,3196.0,786.0,656.0,,37500.0
Sunday,11,94131.0,Ingleside,5,26881.0,12926.0,13427.0,12618.0,859700.0,96889.0
Sunday,11,94131.0,Mission,3,26881.0,12926.0,13427.0,12618.0,859700.0,96889.0
Sunday,11,94131.0,Park,1,26881.0,12926.0,13427.0,12618.0,859700.0,96889.0
Sunday,11,94132.0,Taraval,14,28129.0,9045.0,10769.0,9993.0,733100.0,69223.0
Sunday,11,94134.0,Bayview,16,40798.0,17001.0,11867.0,11244.0,547800.0,56716.0
Sunday,11,94134.0,Ingleside,15,40798.0,17001.0,11867.0,11244.0,547800.0,56716.0
Sunday,11,94158.0,Bayview,5,4792.0,7288.0,2482.0,2271.0,643900.0,82195.0
Sunday,11,94158.0,Northern,1,4792.0,7288.0,2482.0,2271.0,643900.0,82195.0
Sunday,11,94158.0,Out of SF,2,4792.0,7288.0,2482.0,2271.0,643900.0,82195.0
Sunday,11,94158.0,Southern,14,4792.0,7288.0,2482.0,2271.0,643900.0,82195.0
Sunday,12,94102.0,Mission,36,31176.0,46472.0,18758.0,16844.0,574100.0,22517.0
Sunday,12,94102.0,Northern,48,31176.0,46472.0,18758.0,16844.0,574100.0,22517.0
Sunday,12,94102.0,Out of SF,1,31176.0,46472.0,18758.0,16844.0,574100.0,22517.0
Sunday,12,94102.0,Southern,3,31176.0,46472.0,18758.0,16844.0,574100.0,22517.0
Sunday,12,94102.0,Tenderloin,39,31176.0,46472.0,18758.0,16844.0,574100.0,22517.0
Sunday,12,94103.0,Central,2,27170.0,20036.0,14778.0,13098.0,628000.0,43364.0
Sunday,12,94103.0,Mission,4,27170.0,20036.0,14778.0,13098.0,628000.0,43364.0
Sunday,12,94103.0,Out of SF,4,27170.0,20036.0,14778.0,13098.0,628000.0,43364.0
Sunday,12,94103.0,Southern,38,27170.0,20036.0,14778.0,13098.0,628000.0,43364.0
Sunday,12,94103.0,Tenderloin,75,27170.0,20036.0,14778.0,13098.0,628000.0,43364.0
Sunday,12,94104.0,Central,37,406.0,5232.0,368.0,207.0,1000001.0,48750.0
Sunday,12,94104.0,Southern,5,406.0,5232.0,368.0,207.0,1000001.0,48750.0
Sunday,12,94104.0,Tenderloin,2,406.0,5232.0,368.0,207.0,1000001.0,48750.0
Sunday,12,94105.0,Central,18,5846.0,15826.0,4601.0,3586.0,740900.0,163949.0
Sunday,12,94105.0,Out of SF,1,5846.0,15826.0,4601.0,3586.0,740900.0,163949.0
Sunday,12,94105.0,Southern,35,5846.0,15826.0,4601.0,3586.0,740900.0,163949.0
Sunday,12,94107.0,Bayview,7,26599.0,14845.0,15141.0,13736.0,719700.0,114439.0
Sunday,12,94107.0,Southern,4,26599.0,14845.0,15141.0,13736.0,719700.0,114439.0
Sunday,12,94108.0,Central,71,13768.0,50983.0,8843.0,7628.0,856900.0,35427.0
Sunday,12,94108.0,Out of SF,6,13768.0,50983.0,8843.0,7628.0,856900.0,35427.0
Sunday,12,94108.0,Tenderloin,3,13768.0,50983.0,8843.0,7628.0,856900.0,35427.0
Sunday,12,94109.0,Central,16,55984.0,47129.0,37182.0,33342.0,723200.0,60722.0
Sunday,12,94109.0,Northern,35,55984.0,47129.0,37182.0,33342.0,723200.0,60722.0
Sunday,12,94109.0,Tenderloin,3,55984.0,47129.0,37182.0,33342.0,723200.0,60722.0
Sunday,12,94110.0,Bayview,13,69333.0,29816.0,28913.0,27128.0,768200.0,82111.0
Sunday,12,94110.0,Ingleside,25,69333.0,29816.0,28913.0,27128.0,768200.0,82111.0
Sunday,12,94110.0,Mission,60,69333.0,29816.0,28913.0,27128.0,768200.0,82111.0
Sunday,12,94110.0,Out of SF,1,69333.0,29816.0,28913.0,27128.0,768200.0,82111.0
Sunday,12,94111.0,Central,44,3713.0,10791.0,2811.0,2365.0,882000.0,89722.0
Sunday,12,94112.0,Ingleside,35,79407.0,23606.0,23081.0,21975.0,602400.0,71625.0
Sunday,12,94112.0,Out of SF,2,79407.0,23606.0,23081.0,21975.0,602400.0,71625.0
Sunday,12,94112.0,Taraval,8,79407.0,23606.0,23081.0,21975.0,602400.0,71625.0
Sunday,12,94114.0,Mission,25,31124.0,21837.0,17634.0,16281.0,1000001.0,114689.0
Sunday,12,94114.0,Park,3,31124.0,21837.0,17634.0,16281.0,1000001.0,114689.0
Sunday,12,94115.0,Central,1,33021.0,29596.0,18884.0,17289.0,965800.0,76952.0
Sunday,12,94115.0,Northern,26,33021.0,29596.0,18884.0,17289.0,965800.0,76952.0
Sunday,12,94115.0,Park,1,33021.0,29596.0,18884.0,17289.0,965800.0,76952.0
Sunday,12,94115.0,Richmond,7,33021.0,29596.0,18884.0,17289.0,965800.0,76952.0
Sunday,12,94116.0,Out of SF,2,43698.0,16901.0,16283.0,15445.0,734400.0,83407.0
Sunday,12,94116.0,Taraval,29,43698.0,16901.0,16283.0,15445.0,734400.0,83407.0
Sunday,12,94117.0,Mission,7,39169.0,23211.0,19255.0,17939.0,911500.0,94479.0
Sunday,12,94117.0,Northern,17,39169.0,23211.0,19255.0,17939.0,911500.0,94479.0
Sunday,12,94117.0,Park,38,39169.0,23211.0,19255.0,17939.0,911500.0,94479.0
Sunday,12,94117.0,Richmond,1,39169.0,23211.0,19255.0,17939.0,911500.0,94479.0
Sunday,12,94118.0,Park,8,38319.0,19663.0,18633.0,17171.0,1000001.0,82857.0
Sunday,12,94118.0,Richmond,25,38319.0,19663.0,18633.0,17171.0,1000001.0,82857.0
Sunday,12,94122.0,Park,4,56023.0,23699.0,23633.0,22162.0,774500.0,81768.0
Sunday,12,94122.0,Richmond,33,56023.0,23699.0,23633.0,22162.0,774500.0,81768.0
Sunday,12,94122.0,Taraval,16,56023.0,23699.0,23633.0,22162.0,774500.0,81768.0
Sunday,12,94123.0,Central,1,23088.0,22622.0,15083.0,13717.0,1000001.0,112650.0
Sunday,12,94123.0,Northern,24,23088.0,22622.0,15083.0,13717.0,1000001.0,112650.0
Sunday,12,94124.0,Bayview,47,33996.0,6901.0,10812.0,9717.0,470400.0,50146.0
Sunday,12,94124.0,Central,1,33996.0,6901.0,10812.0,9717.0,470400.0,50146.0
Sunday,12,94124.0,Out of SF,2,33996.0,6901.0,10812.0,9717.0,470400.0,50146.0
Sunday,12,94127.0,Ingleside,6,19289.0,10895.0,7801.0,7511.0,916900.0,131351.0
Sunday,12,94127.0,Taraval,6,19289.0,10895.0,7801.0,7511.0,916900.0,131351.0
Sunday,12,94130.0,Southern,5,2880.0,3196.0,786.0,656.0,,37500.0
Sunday,12,94131.0,Ingleside,6,26881.0,12926.0,13427.0,12618.0,859700.0,96889.0
Sunday,12,94131.0,Mission,3,26881.0,12926.0,13427.0,12618.0,859700.0,96889.0
Sunday,12,94131.0,Park,9,26881.0,12926.0,13427.0,12618.0,859700.0,96889.0
Sunday,12,94131.0,Taraval,1,26881.0,12926.0,13427.0,12618.0,859700.0,96889.0
Sunday,12,94132.0,Park,1,28129.0,9045.0,10769.0,9993.0,733100.0,69223.0
Sunday,12,94132.0,Taraval,26,28129.0,9045.0,10769.0,9993.0,733100.0,69223.0
Sunday,12,94134.0,Bayview,25,40798.0,17001.0,11867.0,11244.0,547800.0,56716.0
Sunday,12,94134.0,Ingleside,6,40798.0,17001.0,11867.0,11244.0,547800.0,56716.0
Sunday,12,94158.0,Bayview,16,4792.0,7288.0,2482.0,2271.0,643900.0,82195.0
Sunday,12,94158.0,Mission,3,4792.0,7288.0,2482.0,2271.0,643900.0,82195.0
Sunday,12,94158.0,Out of SF,1,4792.0,7288.0,2482.0,2271.0,643900.0,82195.0
Sunday,12,94158.0,Southern,11,4792.0,7288.0,2482.0,2271.0,643900.0,82195.0
Sunday,13,94102.0,Mission,30,31176.0,46472.0,18758.0,16844.0,574100.0,22517.0
Sunday,13,94102.0,Northern,44,31176.0,46472.0,18758.0,16844.0,574100.0,22517.0
Sunday,13,94102.0,Southern,18,31176.0,46472.0,18758.0,16844.0,574100.0,22517.0
Sunday,13,94102.0,Tenderloin,30,31176.0,46472.0,18758.0,16844.0,574100.0,22517.0
Sunday,13,94103.0,Mission,2,27170.0,20036.0,14778.0,13098.0,628000.0,43364.0
Sunday,13,94103.0,Out of SF,3,27170.0,20036.0,14778.0,13098.0,628000.0,43364.0
Sunday,13,94103.0,Southern,44,27170.0,20036.0,14778.0,13098.0,628000.0,43364.0
Sunday,13,94103.0,Tenderloin,96,27170.0,20036.0,14778.0,13098.0,628000.0,43364.0
Sunday,13,94104.0,Central,24,406.0,5232.0,368.0,207.0,1000001.0,48750.0
Sunday,13,94104.0,Southern,6,406.0,5232.0,368.0,207.0,1000001.0,48750.0
Sunday,13,94104.0,Tenderloin,1,406.0,5232.0,368.0,207.0,1000001.0,48750.0
Sunday,13,94105.0,Central,6,5846.0,15826.0,4601.0,3586.0,740900.0,163949.0
Sunday,13,94105.0,Southern,17,5846.0,15826.0,4601.0,3586.0,740900.0,163949.0
Sunday,13,94107.0,Bayview,3,26599.0,14845.0,15141.0,13736.0,719700.0,114439.0
Sunday,13,94108.0,Central,36,13768.0,50983.0,8843.0,7628.0,856900.0,35427.0
Sunday,13,94108.0,Out of SF,2,13768.0,50983.0,8843.0,7628.0,856900.0,35427.0
Sunday,13,94108.0,Tenderloin,6,13768.0,50983.0,8843.0,7628.0,856900.0,35427.0
Sunday,13,94109.0,Central,12,55984.0,47129.0,37182.0,33342.0,723200.0,60722.0
Sunday,13,94109.0,Northern,42,55984.0,47129.0,37182.0,33342.0,723200.0,60722.0
Sunday,13,94109.0,Tenderloin,5,55984.0,47129.0,37182.0,33342.0,723200.0,60722.0
Sunday,13,94110.0,Bayview,10,69333.0,29816.0,28913.0,27128.0,768200.0,82111.0
Sunday,13,94110.0,Central,1,69333.0,29816.0,28913.0,27128.0,768200.0,82111.0
Sunday,13,94110.0,Ingleside,24,69333.0,29816.0,28913.0,27128.0,768200.0,82111.0
Sunday,13,94110.0,Mission,54,69333.0,29816.0,28913.0,27128.0,768200.0,82111.0
Sunday,13,94111.0,Central,42,3713.0,10791.0,2811.0,2365.0,882000.0,89722.0
Sunday,13,94112.0,Ingleside,25,79407.0,23606.0,23081.0,21975.0,602400.0,71625.0
Sunday,13,94112.0,Out of SF,2,79407.0,23606.0,23081.0,21975.0,602400.0,71625.0
Sunday,13,94112.0,Taraval,3,79407.0,23606.0,23081.0,21975.0,602400.0,71625.0
Sunday,13,94114.0,Mission,23,31124.0,21837.0,17634.0,16281.0,1000001.0,114689.0
Sunday,13,94114.0,Park,3,31124.0,21837.0,17634.0,16281.0,1000001.0,114689.0
Sunday,13,94115.0,Northern,29,33021.0,29596.0,18884.0,17289.0,965800.0,76952.0
Sunday,13,94115.0,Park,3,33021.0,29596.0,18884.0,17289.0,965800.0,76952.0
Sunday,13,94115.0,Richmond,1,33021.0,29596.0,18884.0,17289.0,965800.0,76952.0
Sunday,13,94116.0,Taraval,19,43698.0,16901.0,16283.0,15445.0,734400.0,83407.0
Sunday,13,94117.0,Mission,6,39169.0,23211.0,19255.0,17939.0,911500.0,94479.0
Sunday,13,94117.0,Northern,15,39169.0,23211.0,19255.0,17939.0,911500.0,94479.0
Sunday,13,94117.0,Park,17,39169.0,23211.0,19255.0,17939.0,911500.0,94479.0
Sunday,13,94117.0,Southern,1,39169.0,23211.0,19255.0,17939.0,911500.0,94479.0
Sunday,13,94118.0,Northern,1,38319.0,19663.0,18633.0,17171.0,1000001.0,82857.0
Sunday,13,94118.0,Park,7,38319.0,19663.0,18633.0,17171.0,1000001.0,82857.0
Sunday,13,94118.0,Richmond,32,38319.0,19663.0,18633.0,17171.0,1000001.0,82857.0
Sunday,13,94122.0,Park,2,56023.0,23699.0,23633.0,22162.0,774500.0,81768.0
Sunday,13,94122.0,Richmond,32,56023.0,23699.0,23633.0,22162.0,774500.0,81768.0
Sunday,13,94122.0,Taraval,22,56023.0,23699.0,23633.0,22162.0,774500.0,81768.0
Sunday,13,94123.0,Central,2,23088.0,22622.0,15083.0,13717.0,1000001.0,112650.0
Sunday,13,94123.0,Ingleside,1,23088.0,22622.0,15083.0,13717.0,1000001.0,112650.0
Sunday,13,94123.0,Northern,39,23088.0,22622.0,15083.0,13717.0,1000001.0,112650.0
Sunday,13,94124.0,Bayview,38,33996.0,6901.0,10812.0,9717.0,470400.0,50146.0
Sunday,13,94127.0,Ingleside,3,19289.0,10895.0,7801.0,7511.0,916900.0,131351.0
Sunday,13,94127.0,Park,1,19289.0,10895.0,7801.0,7511.0,916900.0,131351.0
Sunday,13,94127.0,Taraval,10,19289.0,10895.0,7801.0,7511.0,916900.0,131351.0
Sunday,13,94129.0,Northern,1,3183.0,1381.0,1132.0,1086.0,,143320.0
Sunday,13,94131.0,Ingleside,1,26881.0,12926.0,13427.0,12618.0,859700.0,96889.0
Sunday,13,94131.0,Mission,2,26881.0,12926.0,13427.0,12618.0,859700.0,96889.0
Sunday,13,94131.0,Park,12,26881.0,12926.0,13427.0,12618.0,859700.0,96889.0
Sunday,13,94131.0,Taraval,1,26881.0,12926.0,13427.0,12618.0,859700.0,96889.0
Sunday,13,94132.0,Taraval,15,28129.0,9045.0,10769.0,9993.0,733100.0,69223.0
Sunday,13,94134.0,Bayview,13,40798.0,17001.0,11867.0,11244.0,547800.0,56716.0
Sunday,13,94134.0,Ingleside,13,40798.0,17001.0,11867.0,11244.0,547800.0,56716.0
Sunday,13,94134.0,Southern,1,40798.0,17001.0,11867.0,11244.0,547800.0,56716.0
Sunday,13,94158.0,Bayview,4,4792.0,7288.0,2482.0,2271.0,643900.0,82195.0
Sunday,13,94158.0,Southern,5,4792.0,7288.0,2482.0,2271.0,643900.0,82195.0
Sunday,14,94102.0,Mission,27,31176.0,46472.0,18758.0,16844.0,574100.0,22517.0
Sunday,14,94102.0,Northern,49,31176.0,46472.0,18758.0,16844.0,574100.0,22517.0
Sunday,14,94102.0,Southern,13,31176.0,46472.0,18758.0,16844.0,574100.0,22517.0
Sunday,14,94102.0,Tenderloin,30,31176.0,46472.0,18758.0,16844.0,574100.0,22517.0
Sunday,14,94103.0,Mission,7,27170.0,20036.0,14778.0,13098.0,628000.0,43364.0
Sunday,14,94103.0,Out of SF,2,27170.0,20036.0,14778.0,13098.0,628000.0,43364.0
Sunday,14,94103.0,Southern,56,27170.0,20036.0,14778.0,13098.0,628000.0,43364.0
Sunday,14,94103.0,Tenderloin,96,27170.0,20036.0,14778.0,13098.0,628000.0,43364.0
Sunday,14,94104.0,Central,20,406.0,5232.0,368.0,207.0,1000001.0,48750.0
Sunday,14,94104.0,Southern,3,406.0,5232.0,368.0,207.0,1000001.0,48750.0
Sunday,14,94104.0,Tenderloin,5,406.0,5232.0,368.0,207.0,1000001.0,48750.0
Sunday,14,94105.0,Central,6,5846.0,15826.0,4601.0,3586.0,740900.0,163949.0
Sunday,14,94105.0,Southern,18,5846.0,15826.0,4601.0,3586.0,740900.0,163949.0
Sunday,14,94107.0,Bayview,3,26599.0,14845.0,15141.0,13736.0,719700.0,114439.0
Sunday,14,94108.0,Central,48,13768.0,50983.0,8843.0,7628.0,856900.0,35427.0
Sunday,14,94108.0,Out of SF,1,13768.0,50983.0,8843.0,7628.0,856900.0,35427.0
Sunday,14,94108.0,Tenderloin,8,13768.0,50983.0,8843.0,7628.0,856900.0,35427.0
Sunday,14,94109.0,Central,17,55984.0,47129.0,37182.0,33342.0,723200.0,60722.0
Sunday,14,94109.0,Northern,22,55984.0,47129.0,37182.0,33342.0,723200.0,60722.0
Sunday,14,94109.0,Tenderloin,5,55984.0,47129.0,37182.0,33342.0,723200.0,60722.0
Sunday,14,94110.0,Bayview,8,69333.0,29816.0,28913.0,27128.0,768200.0,82111.0
Sunday,14,94110.0,Central,3,69333.0,29816.0,28913.0,27128.0,768200.0,82111.0
Sunday,14,94110.0,Ingleside,16,69333.0,29816.0,28913.0,27128.0,768200.0,82111.0
Sunday,14,94110.0,Mission,54,69333.0,29816.0,28913.0,27128.0,768200.0,82111.0
Sunday,14,94111.0,Central,55,3713.0,10791.0,2811.0,2365.0,882000.0,89722.0
Sunday,14,94112.0,Ingleside,36,79407.0,23606.0,23081.0,21975.0,602400.0,71625.0
Sunday,14,94112.0,Taraval,1,79407.0,23606.0,23081.0,21975.0,602400.0,71625.0
Sunday,14,94114.0,Ingleside,1,31124.0,21837.0,17634.0,16281.0,1000001.0,114689.0
Sunday,14,94114.0,Mission,15,31124.0,21837.0,17634.0,16281.0,1000001.0,114689.0
Sunday,14,94114.0,Park,2,31124.0,21837.0,17634.0,16281.0,1000001.0,114689.0
Sunday,14,94115.0,Northern,26,33021.0,29596.0,18884.0,17289.0,965800.0,76952.0
Sunday,14,94115.0,Richmond,6,33021.0,29596.0,18884.0,17289.0,965800.0,76952.0
Sunday,14,94116.0,Ingleside,1,43698.0,16901.0,16283.0,15445.0,734400.0,83407.0
Sunday,14,94116.0,Taraval,20,43698.0,16901.0,16283.0,15445.0,734400.0,83407.0
Sunday,14,94117.0,Mission,7,39169.0,23211.0,19255.0,17939.0,911500.0,94479.0
Sunday,14,94117.0,Northern,22,39169.0,23211.0,19255.0,17939.0,911500.0,94479.0
Sunday,14,94117.0,Park,26,39169.0,23211.0,19255.0,17939.0,911500.0,94479.0
Sunday,14,94118.0,Park,7,38319.0,19663.0,18633.0,17171.0,1000001.0,82857.0
Sunday,14,94118.0,Richmond,33,38319.0,19663.0,18633.0,17171.0,1000001.0,82857.0
Sunday,14,94122.0,Mission,2,56023.0,23699.0,23633.0,22162.0,774500.0,81768.0
Sunday,14,94122.0,Park,1,56023.0,23699.0,23633.0,22162.0,774500.0,81768.0
Sunday,14,94122.0,Richmond,20,56023.0,23699.0,23633.0,22162.0,774500.0,81768.0
Sunday,14,94122.0,Taraval,14,56023.0,23699.0,23633.0,22162.0,774500.0,81768.0
Sunday,14,94123.0,Northern,22,23088.0,22622.0,15083.0,13717.0,1000001.0,112650.0
Sunday,14,94124.0,Bayview,41,33996.0,6901.0,10812.0,9717.0,470400.0,50146.0
Sunday,14,94124.0,Central,2,33996.0,6901.0,10812.0,9717.0,470400.0,50146.0
Sunday,14,94127.0,Taraval,4,19289.0,10895.0,7801.0,7511.0,916900.0,131351.0
Sunday,14,94130.0,Southern,5,2880.0,3196.0,786.0,656.0,,37500.0
Sunday,14,94131.0,Ingleside,16,26881.0,12926.0,13427.0,12618.0,859700.0,96889.0
Sunday,14,94131.0,Mission,2,26881.0,12926.0,13427.0,12618.0,859700.0,96889.0
Sunday,14,94131.0,Out of SF,1,26881.0,12926.0,13427.0,12618.0,859700.0,96889.0
Sunday,14,94131.0,Park,3,26881.0,12926.0,13427.0,12618.0,859700.0,96889.0
Sunday,14,94131.0,Taraval,3,26881.0,12926.0,13427.0,12618.0,859700.0,96889.0
Sunday,14,94132.0,Taraval,20,28129.0,9045.0,10769.0,9993.0,733100.0,69223.0
Sunday,14,94134.0,Bayview,9,40798.0,17001.0,11867.0,11244.0,547800.0,56716.0
Sunday,14,94134.0,Ingleside,13,40798.0,17001.0,11867.0,11244.0,547800.0,56716.0
Sunday,14,94158.0,Bayview,8,4792.0,7288.0,2482.0,2271.0,643900.0,82195.0
Sunday,14,94158.0,Mission,2,4792.0,7288.0,2482.0,2271.0,643900.0,82195.0
Sunday,14,94158.0,Southern,18,4792.0,7288.0,2482.0,2271.0,643900.0,82195.0
Sunday,15,94102.0,Mission,12,31176.0,46472.0,18758.0,16844.0,574100.0,22517.0
Sunday,15,94102.0,Northern,36,31176.0,46472.0,18758.0,16844.0,574100.0,22517.0
Sunday,15,94102.0,Southern,14,31176.0,46472.0,18758.0,16844.0,574100.0,22517.0
Sunday,15,94102.0,Tenderloin,23,31176.0,46472.0,18758.0,16844.0,574100.0,22517.0
Sunday,15,94103.0,Central,2,27170.0,20036.0,14778.0,13098.0,628000.0,43364.0
Sunday,15,94103.0,Mission,9,27170.0,20036.0,14778.0,13098.0,628000.0,43364.0
Sunday,15,94103.0,Southern,36,27170.0,20036.0,14778.0,13098.0,628000.0,43364.0
Sunday,15,94103.0,Tenderloin,67,27170.0,20036.0,14778.0,13098.0,628000.0,43364.0
Sunday,15,94104.0,Central,36,406.0,5232.0,368.0,207.0,1000001.0,48750.0
Sunday,15,94104.0,Southern,7,406.0,5232.0,368.0,207.0,1000001.0,48750.0
Sunday,15,94104.0,Tenderloin,7,406.0,5232.0,368.0,207.0,1000001.0,48750.0
Sunday,15,94105.0,Central,8,5846.0,15826.0,4601.0,3586.0,740900.0,163949.0
Sunday,15,94105.0,Southern,20,5846.0,15826.0,4601.0,3586.0,740900.0,163949.0
Sunday,15,94107.0,Bayview,3,26599.0,14845.0,15141.0,13736.0,719700.0,114439.0
Sunday,15,94107.0,Southern,2,26599.0,14845.0,15141.0,13736.0,719700.0,114439.0
Sunday,15,94108.0,Central,81,13768.0,50983.0,8843.0,7628.0,856900.0,35427.0
Sunday,15,94108.0,Out of SF,4,13768.0,50983.0,8843.0,7628.0,856900.0,35427.0
Sunday,15,94108.0,Tenderloin,10,13768.0,50983.0,8843.0,7628.0,856900.0,35427.0
Sunday,15,94109.0,Central,13,55984.0,47129.0,37182.0,33342.0,723200.0,60722.0
Sunday,15,94109.0,Northern,30,55984.0,47129.0,37182.0,33342.0,723200.0,60722.0
Sunday,15,94109.0,Tenderloin,3,55984.0,47129.0,37182.0,33342.0,723200.0,60722.0
Sunday,15,94110.0,Bayview,9,69333.0,29816.0,28913.0,27128.0,768200.0,82111.0
Sunday,15,94110.0,Ingleside,18,69333.0,29816.0,28913.0,27128.0,768200.0,82111.0
Sunday,15,94110.0,Mission,61,69333.0,29816.0,28913.0,27128.0,768200.0,82111.0
Sunday,15,94111.0,Central,46,3713.0,10791.0,2811.0,2365.0,882000.0,89722.0
Sunday,15,94112.0,Ingleside,32,79407.0,23606.0,23081.0,21975.0,602400.0,71625.0
Sunday,15,94112.0,Out of SF,2,79407.0,23606.0,23081.0,21975.0,602400.0,71625.0
Sunday,15,94112.0,Taraval,2,79407.0,23606.0,23081.0,21975.0,602400.0,71625.0
Sunday,15,94114.0,Mission,31,31124.0,21837.0,17634.0,16281.0,1000001.0,114689.0
Sunday,15,94114.0,Park,3,31124.0,21837.0,17634.0,16281.0,1000001.0,114689.0
Sunday,15,94115.0,Northern,16,33021.0,29596.0,18884.0,17289.0,965800.0,76952.0
Sunday,15,94115.0,Park,1,33021.0,29596.0,18884.0,17289.0,965800.0,76952.0
Sunday,15,94115.0,Richmond,9,33021.0,29596.0,18884.0,17289.0,965800.0,76952.0
Sunday,15,94116.0,Taraval,15,43698.0,16901.0,16283.0,15445.0,734400.0,83407.0
Sunday,15,94117.0,Mission,13,39169.0,23211.0,19255.0,17939.0,911500.0,94479.0
Sunday,15,94117.0,Northern,16,39169.0,23211.0,19255.0,17939.0,911500.0,94479.0
Sunday,15,94117.0,Park,30,39169.0,23211.0,19255.0,17939.0,911500.0,94479.0
Sunday,15,94117.0,Richmond,1,39169.0,23211.0,19255.0,17939.0,911500.0,94479.0
Sunday,15,94118.0,Park,4,38319.0,19663.0,18633.0,17171.0,1000001.0,82857.0
Sunday,15,94118.0,Richmond,29,38319.0,19663.0,18633.0,17171.0,1000001.0,82857.0
Sunday,15,94118.0,Southern,1,38319.0,19663.0,18633.0,17171.0,1000001.0,82857.0
Sunday,15,94122.0,Bayview,1,56023.0,23699.0,23633.0,22162.0,774500.0,81768.0
Sunday,15,94122.0,Ingleside,1,56023.0,23699.0,23633.0,22162.0,774500.0,81768.0
Sunday,15,94122.0,Park,2,56023.0,23699.0,23633.0,22162.0,774500.0,81768.0
Sunday,15,94122.0,Richmond,35,56023.0,23699.0,23633.0,22162.0,774500.0,81768.0
Sunday,15,94122.0,Taraval,16,56023.0,23699.0,23633.0,22162.0,774500.0,81768.0
Sunday,15,94123.0,Central,1,23088.0,22622.0,15083.0,13717.0,1000001.0,112650.0
Sunday,15,94123.0,Northern,39,23088.0,22622.0,15083.0,13717.0,1000001.0,112650.0
Sunday,15,94124.0,Bayview,23,33996.0,6901.0,10812.0,9717.0,470400.0,50146.0
Sunday,15,94124.0,Central,3,33996.0,6901.0,10812.0,9717.0,470400.0,50146.0
Sunday,15,94127.0,Ingleside,3,19289.0,10895.0,7801.0,7511.0,916900.0,131351.0
Sunday,15,94127.0,Taraval,5,19289.0,10895.0,7801.0,7511.0,916900.0,131351.0
Sunday,15,94129.0,Richmond,1,3183.0,1381.0,1132.0,1086.0,,143320.0
Sunday,15,94130.0,Out of SF,2,2880.0,3196.0,786.0,656.0,,37500.0
Sunday,15,94130.0,Southern,2,2880.0,3196.0,786.0,656.0,,37500.0
Sunday,15,94131.0,Ingleside,2,26881.0,12926.0,13427.0,12618.0,859700.0,96889.0
Sunday,15,94131.0,Mission,3,26881.0,12926.0,13427.0,12618.0,859700.0,96889.0
Sunday,15,94131.0,Park,10,26881.0,12926.0,13427.0,12618.0,859700.0,96889.0
Sunday,15,94132.0,Taraval,22,28129.0,9045.0,10769.0,9993.0,733100.0,69223.0
Sunday,15,94134.0,Bayview,20,40798.0,17001.0,11867.0,11244.0,547800.0,56716.0
Sunday,15,94134.0,Ingleside,7,40798.0,17001.0,11867.0,11244.0,547800.0,56716.0
Sunday,15,94158.0,Bayview,2,4792.0,7288.0,2482.0,2271.0,643900.0,82195.0
Sunday,15,94158.0,Central,1,4792.0,7288.0,2482.0,2271.0,643900.0,82195.0
Sunday,15,94158.0,Mission,3,4792.0,7288.0,2482.0,2271.0,643900.0,82195.0
Sunday,15,94158.0,Out of SF,5,4792.0,7288.0,2482.0,2271.0,643900.0,82195.0
Sunday,15,94158.0,Southern,11,4792.0,7288.0,2482.0,2271.0,643900.0,82195.0
Sunday,16,94102.0,Mission,36,31176.0,46472.0,18758.0,16844.0,574100.0,22517.0
Sunday,16,94102.0,Northern,53,31176.0,46472.0,18758.0,16844.0,574100.0,22517.0
Sunday,16,94102.0,Out of SF,1,31176.0,46472.0,18758.0,16844.0,574100.0,22517.0
Sunday,16,94102.0,Southern,9,31176.0,46472.0,18758.0,16844.0,574100.0,22517.0
Sunday,16,94102.0,Tenderloin,22,31176.0,46472.0,18758.0,16844.0,574100.0,22517.0
Sunday,16,94103.0,Central,1,27170.0,20036.0,14778.0,13098.0,628000.0,43364.0
Sunday,16,94103.0,Mission,4,27170.0,20036.0,14778.0,13098.0,628000.0,43364.0
Sunday,16,94103.0,Southern,65,27170.0,20036.0,14778.0,13098.0,628000.0,43364.0
Sunday,16,94103.0,Tenderloin,78,27170.0,20036.0,14778.0,13098.0,628000.0,43364.0
Sunday,16,94104.0,Central,29,406.0,5232.0,368.0,207.0,1000001.0,48750.0
Sunday,16,94104.0,Southern,5,406.0,5232.0,368.0,207.0,1000001.0,48750.0
Sunday,16,94104.0,Tenderloin,4,406.0,5232.0,368.0,207.0,1000001.0,48750.0
Sunday,16,94105.0,Central,5,5846.0,15826.0,4601.0,3586.0,740900.0,163949.0
Sunday,16,94105.0,Southern,23,5846.0,15826.0,4601.0,3586.0,740900.0,163949.0
Sunday,16,94107.0,Bayview,4,26599.0,14845.0,15141.0,13736.0,719700.0,114439.0
Sunday,16,94107.0,Southern,1,26599.0,14845.0,15141.0,13736.0,719700.0,114439.0
Sunday,16,94108.0,Central,66,13768.0,50983.0,8843.0,7628.0,856900.0,35427.0
Sunday,16,94108.0,Out of SF,2,13768.0,50983.0,8843.0,7628.0,856900.0,35427.0
Sunday,16,94108.0,Tenderloin,2,13768.0,50983.0,8843.0,7628.0,856900.0,35427.0
Sunday,16,94109.0,Central,14,55984.0,47129.0,37182.0,33342.0,723200.0,60722.0
Sunday,16,94109.0,Northern,28,55984.0,47129.0,37182.0,33342.0,723200.0,60722.0
Sunday,16,94109.0,Tenderloin,4,55984.0,47129.0,37182.0,33342.0,723200.0,60722.0
Sunday,16,94110.0,Bayview,17,69333.0,29816.0,28913.0,27128.0,768200.0,82111.0
Sunday,16,94110.0,Central,1,69333.0,29816.0,28913.0,27128.0,768200.0,82111.0
Sunday,16,94110.0,Ingleside,13,69333.0,29816.0,28913.0,27128.0,768200.0,82111.0
Sunday,16,94110.0,Mission,55,69333.0,29816.0,28913.0,27128.0,768200.0,82111.0
Sunday,16,94111.0,Central,38,3713.0,10791.0,2811.0,2365.0,882000.0,89722.0
Sunday,16,94112.0,Ingleside,47,79407.0,23606.0,23081.0,21975.0,602400.0,71625.0
Sunday,16,94114.0,Mission,30,31124.0,21837.0,17634.0,16281.0,1000001.0,114689.0
Sunday,16,94114.0,Park,12,31124.0,21837.0,17634.0,16281.0,1000001.0,114689.0
Sunday,16,94115.0,Northern,36,33021.0,29596.0,18884.0,17289.0,965800.0,76952.0
Sunday,16,94115.0,Richmond,8,33021.0,29596.0,18884.0,17289.0,965800.0,76952.0
Sunday,16,94116.0,Taraval,15,43698.0,16901.0,16283.0,15445.0,734400.0,83407.0
Sunday,16,94117.0,Mission,6,39169.0,23211.0,19255.0,17939.0,911500.0,94479.0
Sunday,16,94117.0,Northern,4,39169.0,23211.0,19255.0,17939.0,911500.0,94479.0
Sunday,16,94117.0,Park,26,39169.0,23211.0,19255.0,17939.0,911500.0,94479.0
Sunday,16,94118.0,Park,4,38319.0,19663.0,18633.0,17171.0,1000001.0,82857.0
Sunday,16,94118.0,Richmond,27,38319.0,19663.0,18633.0,17171.0,1000001.0,82857.0
Sunday,16,94122.0,Bayview,6,56023.0,23699.0,23633.0,22162.0,774500.0,81768.0
Sunday,16,94122.0,Park,2,56023.0,23699.0,23633.0,22162.0,774500.0,81768.0
Sunday,16,94122.0,Richmond,23,56023.0,23699.0,23633.0,22162.0,774500.0,81768.0
Sunday,16,94122.0,Taraval,21,56023.0,23699.0,23633.0,22162.0,774500.0,81768.0
Sunday,16,94123.0,Northern,30,23088.0,22622.0,15083.0,13717.0,1000001.0,112650.0
Sunday,16,94123.0,Richmond,1,23088.0,22622.0,15083.0,13717.0,1000001.0,112650.0
Sunday,16,94124.0,Bayview,36,33996.0,6901.0,10812.0,9717.0,470400.0,50146.0
Sunday,16,94127.0,Ingleside,9,19289.0,10895.0,7801.0,7511.0,916900.0,131351.0
Sunday,16,94127.0,Taraval,8,19289.0,10895.0,7801.0,7511.0,916900.0,131351.0
Sunday,16,94130.0,Southern,3,2880.0,3196.0,786.0,656.0,,37500.0
Sunday,16,94131.0,Ingleside,9,26881.0,12926.0,13427.0,12618.0,859700.0,96889.0
Sunday,16,94131.0,Mission,1,26881.0,12926.0,13427.0,12618.0,859700.0,96889.0
Sunday,16,94131.0,Out of SF,1,26881.0,12926.0,13427.0,12618.0,859700.0,96889.0
Sunday,16,94131.0,Park,4,26881.0,12926.0,13427.0,12618.0,859700.0,96889.0
Sunday,16,94131.0,Southern,1,26881.0,12926.0,13427.0,12618.0,859700.0,96889.0
Sunday,16,94132.0,Taraval,12,28129.0,9045.0,10769.0,9993.0,733100.0,69223.0
Sunday,16,94134.0,Bayview,24,40798.0,17001.0,11867.0,11244.0,547800.0,56716.0
Sunday,16,94134.0,Ingleside,8,40798.0,17001.0,11867.0,11244.0,547800.0,56716.0
Sunday,16,94158.0,Bayview,3,4792.0,7288.0,2482.0,2271.0,643900.0,82195.0
Sunday,16,94158.0,Out of SF,1,4792.0,7288.0,2482.0,2271.0,643900.0,82195.0
Sunday,16,94158.0,Southern,5,4792.0,7288.0,2482.0,2271.0,643900.0,82195.0
Sunday,17,94102.0,Central,1,31176.0,46472.0,18758.0,16844.0,574100.0,22517.0
Sunday,17,94102.0,Mission,27,31176.0,46472.0,18758.0,16844.0,574100.0,22517.0
Sunday,17,94102.0,Northern,53,31176.0,46472.0,18758.0,16844.0,574100.0,22517.0
Sunday,17,94102.0,Southern,9,31176.0,46472.0,18758.0,16844.0,574100.0,22517.0
Sunday,17,94102.0,Taraval,1,31176.0,46472.0,18758.0,16844.0,574100.0,22517.0
Sunday,17,94102.0,Tenderloin,24,31176.0,46472.0,18758.0,16844.0,574100.0,22517.0
Sunday,17,94103.0,Bayview,1,27170.0,20036.0,14778.0,13098.0,628000.0,43364.0
Sunday,17,94103.0,Mission,22,27170.0,20036.0,14778.0,13098.0,628000.0,43364.0
Sunday,17,94103.0,Out of SF,1,27170.0,20036.0,14778.0,13098.0,628000.0,43364.0
Sunday,17,94103.0,Southern,51,27170.0,20036.0,14778.0,13098.0,628000.0,43364.0
Sunday,17,94103.0,Tenderloin,68,27170.0,20036.0,14778.0,13098.0,628000.0,43364.0
Sunday,17,94104.0,Central,37,406.0,5232.0,368.0,207.0,1000001.0,48750.0
Sunday,17,94104.0,Southern,5,406.0,5232.0,368.0,207.0,1000001.0,48750.0
Sunday,17,94104.0,Tenderloin,3,406.0,5232.0,368.0,207.0,1000001.0,48750.0
Sunday,17,94105.0,Bayview,1,5846.0,15826.0,4601.0,3586.0,740900.0,163949.0
Sunday,17,94105.0,Central,7,5846.0,15826.0,4601.0,3586.0,740900.0,163949.0
Sunday,17,94105.0,Mission,1,5846.0,15826.0,4601.0,3586.0,740900.0,163949.0
Sunday,17,94105.0,Southern,24,5846.0,15826.0,4601.0,3586.0,740900.0,163949.0
Sunday,17,94107.0,Bayview,7,26599.0,14845.0,15141.0,13736.0,719700.0,114439.0
Sunday,17,94107.0,Southern,2,26599.0,14845.0,15141.0,13736.0,719700.0,114439.0
Sunday,17,94108.0,Central,58,13768.0,50983.0,8843.0,7628.0,856900.0,35427.0
Sunday,17,94108.0,Out of SF,2,13768.0,50983.0,8843.0,7628.0,856900.0,35427.0
Sunday,17,94108.0,Tenderloin,9,13768.0,50983.0,8843.0,7628.0,856900.0,35427.0
Sunday,17,94109.0,Central,5,55984.0,47129.0,37182.0,33342.0,723200.0,60722.0
Sunday,17,94109.0,Northern,40,55984.0,47129.0,37182.0,33342.0,723200.0,60722.0
Sunday,17,94109.0,Tenderloin,8,55984.0,47129.0,37182.0,33342.0,723200.0,60722.0
Sunday,17,94110.0,Bayview,9,69333.0,29816.0,28913.0,27128.0,768200.0,82111.0
Sunday,17,94110.0,Ingleside,26,69333.0,29816.0,28913.0,27128.0,768200.0,82111.0
Sunday,17,94110.0,Mission,71,69333.0,29816.0,28913.0,27128.0,768200.0,82111.0
Sunday,17,94111.0,Central,59,3713.0,10791.0,2811.0,2365.0,882000.0,89722.0
Sunday,17,94111.0,Northern,1,3713.0,10791.0,2811.0,2365.0,882000.0,89722.0
Sunday,17,94112.0,Ingleside,38,79407.0,23606.0,23081.0,21975.0,602400.0,71625.0
Sunday,17,94112.0,Taraval,1,79407.0,23606.0,23081.0,21975.0,602400.0,71625.0
Sunday,17,94114.0,Mission,23,31124.0,21837.0,17634.0,16281.0,1000001.0,114689.0
Sunday,17,94114.0,Park,10,31124.0,21837.0,17634.0,16281.0,1000001.0,114689.0
Sunday,17,94115.0,Central,2,33021.0,29596.0,18884.0,17289.0,965800.0,76952.0
Sunday,17,94115.0,Northern,28,33021.0,29596.0,18884.0,17289.0,965800.0,76952.0
Sunday,17,94115.0,Richmond,5,33021.0,29596.0,18884.0,17289.0,965800.0,76952.0
Sunday,17,94116.0,Out of SF,1,43698.0,16901.0,16283.0,15445.0,734400.0,83407.0
Sunday,17,94116.0,Taraval,28,43698.0,16901.0,16283.0,15445.0,734400.0,83407.0
Sunday,17,94117.0,Mission,7,39169.0,23211.0,19255.0,17939.0,911500.0,94479.0
Sunday,17,94117.0,Northern,8,39169.0,23211.0,19255.0,17939.0,911500.0,94479.0
Sunday,17,94117.0,Park,37,39169.0,23211.0,19255.0,17939.0,911500.0,94479.0
Sunday,17,94117.0,Tenderloin,1,39169.0,23211.0,19255.0,17939.0,911500.0,94479.0
Sunday,17,94118.0,Park,5,38319.0,19663.0,18633.0,17171.0,1000001.0,82857.0
Sunday,17,94118.0,Richmond,47,38319.0,19663.0,18633.0,17171.0,1000001.0,82857.0
Sunday,17,94122.0,Out of SF,1,56023.0,23699.0,23633.0,22162.0,774500.0,81768.0
Sunday,17,94122.0,Park,4,56023.0,23699.0,23633.0,22162.0,774500.0,81768.0
Sunday,17,94122.0,Richmond,27,56023.0,23699.0,23633.0,22162.0,774500.0,81768.0
Sunday,17,94122.0,Taraval,17,56023.0,23699.0,23633.0,22162.0,774500.0,81768.0
Sunday,17,94123.0,Central,1,23088.0,22622.0,15083.0,13717.0,1000001.0,112650.0
Sunday,17,94123.0,Northern,34,23088.0,22622.0,15083.0,13717.0,1000001.0,112650.0
Sunday,17,94123.0,Out of SF,1,23088.0,22622.0,15083.0,13717.0,1000001.0,112650.0
Sunday,17,94124.0,Bayview,47,33996.0,6901.0,10812.0,9717.0,470400.0,50146.0
Sunday,17,94124.0,Out of SF,6,33996.0,6901.0,10812.0,9717.0,470400.0,50146.0
Sunday,17,94127.0,Ingleside,2,19289.0,10895.0,7801.0,7511.0,916900.0,131351.0
Sunday,17,94127.0,Mission,1,19289.0,10895.0,7801.0,7511.0,916900.0,131351.0
Sunday,17,94127.0,Taraval,4,19289.0,10895.0,7801.0,7511.0,916900.0,131351.0
Sunday,17,94130.0,Southern,5,2880.0,3196.0,786.0,656.0,,37500.0
Sunday,17,94131.0,Ingleside,14,26881.0,12926.0,13427.0,12618.0,859700.0,96889.0
Sunday,17,94131.0,Mission,4,26881.0,12926.0,13427.0,12618.0,859700.0,96889.0
Sunday,17,94131.0,Park,6,26881.0,12926.0,13427.0,12618.0,859700.0,96889.0
Sunday,17,94132.0,Ingleside,1,28129.0,9045.0,10769.0,9993.0,733100.0,69223.0
Sunday,17,94132.0,Taraval,20,28129.0,9045.0,10769.0,9993.0,733100.0,69223.0
Sunday,17,94134.0,Bayview,10,40798.0,17001.0,11867.0,11244.0,547800.0,56716.0
Sunday,17,94134.0,Ingleside,24,40798.0,17001.0,11867.0,11244.0,547800.0,56716.0
Sunday,17,94158.0,Bayview,4,4792.0,7288.0,2482.0,2271.0,643900.0,82195.0
Sunday,17,94158.0,Mission,3,4792.0,7288.0,2482.0,2271.0,643900.0,82195.0
Sunday,17,94158.0,Out of SF,1,4792.0,7288.0,2482.0,2271.0,643900.0,82195.0
Sunday,17,94158.0,Southern,10,4792.0,7288.0,2482.0,2271.0,643900.0,82195.0
Sunday,18,94102.0,Mission,24,31176.0,46472.0,18758.0,16844.0,574100.0,22517.0
Sunday,18,94102.0,Northern,66,31176.0,46472.0,18758.0,16844.0,574100.0,22517.0
Sunday,18,94102.0,Park,2,31176.0,46472.0,18758.0,16844.0,574100.0,22517.0
Sunday,18,94102.0,Southern,8,31176.0,46472.0,18758.0,16844.0,574100.0,22517.0
Sunday,18,94102.0,Tenderloin,13,31176.0,46472.0,18758.0,16844.0,574100.0,22517.0
Sunday,18,94103.0,Mission,6,27170.0,20036.0,14778.0,13098.0,628000.0,43364.0
Sunday,18,94103.0,Out of SF,4,27170.0,20036.0,14778.0,13098.0,628000.0,43364.0
Sunday,18,94103.0,Southern,60,27170.0,20036.0,14778.0,13098.0,628000.0,43364.0
Sunday,18,94103.0,Tenderloin,70,27170.0,20036.0,14778.0,13098.0,628000.0,43364.0
Sunday,18,94104.0,Central,33,406.0,5232.0,368.0,207.0,1000001.0,48750.0
Sunday,18,94104.0,Southern,7,406.0,5232.0,368.0,207.0,1000001.0,48750.0
Sunday,18,94104.0,Tenderloin,1,406.0,5232.0,368.0,207.0,1000001.0,48750.0
Sunday,18,94105.0,Central,7,5846.0,15826.0,4601.0,3586.0,740900.0,163949.0
Sunday,18,94105.0,Southern,19,5846.0,15826.0,4601.0,3586.0,740900.0,163949.0
Sunday,18,94107.0,Bayview,6,26599.0,14845.0,15141.0,13736.0,719700.0,114439.0
Sunday,18,94107.0,Southern,2,26599.0,14845.0,15141.0,13736.0,719700.0,114439.0
Sunday,18,94108.0,Central,66,13768.0,50983.0,8843.0,7628.0,856900.0,35427.0
Sunday,18,94108.0,Out of SF,3,13768.0,50983.0,8843.0,7628.0,856900.0,35427.0
Sunday,18,94108.0,Tenderloin,11,13768.0,50983.0,8843.0,7628.0,856900.0,35427.0
Sunday,18,94109.0,Central,16,55984.0,47129.0,37182.0,33342.0,723200.0,60722.0
Sunday,18,94109.0,Mission,1,55984.0,47129.0,37182.0,33342.0,723200.0,60722.0
Sunday,18,94109.0,Northern,32,55984.0,47129.0,37182.0,33342.0,723200.0,60722.0
Sunday,18,94109.0,Tenderloin,4,55984.0,47129.0,37182.0,33342.0,723200.0,60722.0
Sunday,18,94110.0,Bayview,4,69333.0,29816.0,28913.0,27128.0,768200.0,82111.0
Sunday,18,94110.0,Ingleside,12,69333.0,29816.0,28913.0,27128.0,768200.0,82111.0
Sunday,18,94110.0,Mission,79,69333.0,29816.0,28913.0,27128.0,768200.0,82111.0
Sunday,18,94111.0,Central,60,3713.0,10791.0,2811.0,2365.0,882000.0,89722.0
Sunday,18,94111.0,Northern,1,3713.0,10791.0,2811.0,2365.0,882000.0,89722.0
Sunday,18,94111.0,Tenderloin,1,3713.0,10791.0,2811.0,2365.0,882000.0,89722.0
Sunday,18,94112.0,Ingleside,34,79407.0,23606.0,23081.0,21975.0,602400.0,71625.0
Sunday,18,94112.0,Taraval,1,79407.0,23606.0,23081.0,21975.0,602400.0,71625.0
Sunday,18,94114.0,Mission,20,31124.0,21837.0,17634.0,16281.0,1000001.0,114689.0
Sunday,18,94114.0,Park,3,31124.0,21837.0,17634.0,16281.0,1000001.0,114689.0
Sunday,18,94115.0,Northern,26,33021.0,29596.0,18884.0,17289.0,965800.0,76952.0
Sunday,18,94115.0,Park,1,33021.0,29596.0,18884.0,17289.0,965800.0,76952.0
Sunday,18,94115.0,Richmond,9,33021.0,29596.0,18884.0,17289.0,965800.0,76952.0
Sunday,18,94116.0,Taraval,15,43698.0,16901.0,16283.0,15445.0,734400.0,83407.0
Sunday,18,94117.0,Mission,4,39169.0,23211.0,19255.0,17939.0,911500.0,94479.0
Sunday,18,94117.0,Northern,10,39169.0,23211.0,19255.0,17939.0,911500.0,94479.0
Sunday,18,94117.0,Park,24,39169.0,23211.0,19255.0,17939.0,911500.0,94479.0
Sunday,18,94118.0,Out of SF,2,38319.0,19663.0,18633.0,17171.0,1000001.0,82857.0
Sunday,18,94118.0,Park,1,38319.0,19663.0,18633.0,17171.0,1000001.0,82857.0
Sunday,18,94118.0,Richmond,28,38319.0,19663.0,18633.0,17171.0,1000001.0,82857.0
Sunday,18,94122.0,Park,2,56023.0,23699.0,23633.0,22162.0,774500.0,81768.0
Sunday,18,94122.0,Richmond,19,56023.0,23699.0,23633.0,22162.0,774500.0,81768.0
Sunday,18,94122.0,Taraval,24,56023.0,23699.0,23633.0,22162.0,774500.0,81768.0
Sunday,18,94123.0,Bayview,1,23088.0,22622.0,15083.0,13717.0,1000001.0,112650.0
Sunday,18,94123.0,Central,3,23088.0,22622.0,15083.0,13717.0,1000001.0,112650.0
Sunday,18,94123.0,Northern,36,23088.0,22622.0,15083.0,13717.0,1000001.0,112650.0
Sunday,18,94124.0,Bayview,37,33996.0,6901.0,10812.0,9717.0,470400.0,50146.0
Sunday,18,94124.0,Taraval,2,33996.0,6901.0,10812.0,9717.0,470400.0,50146.0
Sunday,18,94127.0,Ingleside,2,19289.0,10895.0,7801.0,7511.0,916900.0,131351.0
Sunday,18,94127.0,Taraval,13,19289.0,10895.0,7801.0,7511.0,916900.0,131351.0
Sunday,18,94130.0,Southern,2,2880.0,3196.0,786.0,656.0,,37500.0
Sunday,18,94131.0,Ingleside,7,26881.0,12926.0,13427.0,12618.0,859700.0,96889.0
Sunday,18,94131.0,Mission,3,26881.0,12926.0,13427.0,12618.0,859700.0,96889.0
Sunday,18,94131.0,Park,8,26881.0,12926.0,13427.0,12618.0,859700.0,96889.0
Sunday,18,94132.0,Taraval,15,28129.0,9045.0,10769.0,9993.0,733100.0,69223.0
Sunday,18,94134.0,Bayview,18,40798.0,17001.0,11867.0,11244.0,547800.0,56716.0
Sunday,18,94134.0,Ingleside,13,40798.0,17001.0,11867.0,11244.0,547800.0,56716.0
Sunday,18,94158.0,Bayview,9,4792.0,7288.0,2482.0,2271.0,643900.0,82195.0
Sunday,18,94158.0,Mission,2,4792.0,7288.0,2482.0,2271.0,643900.0,82195.0
Sunday,18,94158.0,Southern,7,4792.0,7288.0,2482.0,2271.0,643900.0,82195.0
Sunday,18,94158.0,Tenderloin,1,4792.0,7288.0,2482.0,2271.0,643900.0,82195.0
Sunday,19,94102.0,Mission,30,31176.0,46472.0,18758.0,16844.0,574100.0,22517.0
Sunday,19,94102.0,Northern,63,31176.0,46472.0,18758.0,16844.0,574100.0,22517.0
Sunday,19,94102.0,Southern,12,31176.0,46472.0,18758.0,16844.0,574100.0,22517.0
Sunday,19,94102.0,Tenderloin,16,31176.0,46472.0,18758.0,16844.0,574100.0,22517.0
Sunday,19,94103.0,Mission,7,27170.0,20036.0,14778.0,13098.0,628000.0,43364.0
Sunday,19,94103.0,Southern,51,27170.0,20036.0,14778.0,13098.0,628000.0,43364.0
Sunday,19,94103.0,Tenderloin,46,27170.0,20036.0,14778.0,13098.0,628000.0,43364.0
Sunday,19,94104.0,Central,43,406.0,5232.0,368.0,207.0,1000001.0,48750.0
Sunday,19,94104.0,Northern,1,406.0,5232.0,368.0,207.0,1000001.0,48750.0
Sunday,19,94104.0,Southern,5,406.0,5232.0,368.0,207.0,1000001.0,48750.0
Sunday,19,94104.0,Tenderloin,3,406.0,5232.0,368.0,207.0,1000001.0,48750.0
Sunday,19,94105.0,Central,4,5846.0,15826.0,4601.0,3586.0,740900.0,163949.0
Sunday,19,94105.0,Mission,1,5846.0,15826.0,4601.0,3586.0,740900.0,163949.0
Sunday,19,94105.0,Southern,25,5846.0,15826.0,4601.0,3586.0,740900.0,163949.0
Sunday,19,94107.0,Bayview,5,26599.0,14845.0,15141.0,13736.0,719700.0,114439.0
Sunday,19,94107.0,Southern,1,26599.0,14845.0,15141.0,13736.0,719700.0,114439.0
Sunday,19,94108.0,Central,57,13768.0,50983.0,8843.0,7628.0,856900.0,35427.0
Sunday,19,94108.0,Tenderloin,4,13768.0,50983.0,8843.0,7628.0,856900.0,35427.0
Sunday,19,94109.0,Central,20,55984.0,47129.0,37182.0,33342.0,723200.0,60722.0
Sunday,19,94109.0,Northern,35,55984.0,47129.0,37182.0,33342.0,723200.0,60722.0
Sunday,19,94109.0,Tenderloin,5,55984.0,47129.0,37182.0,33342.0,723200.0,60722.0
Sunday,19,94110.0,Bayview,4,69333.0,29816.0,28913.0,27128.0,768200.0,82111.0
Sunday,19,94110.0,Ingleside,13,69333.0,29816.0,28913.0,27128.0,768200.0,82111.0
Sunday,19,94110.0,Mission,77,69333.0,29816.0,28913.0,27128.0,768200.0,82111.0
Sunday,19,94111.0,Central,43,3713.0,10791.0,2811.0,2365.0,882000.0,89722.0
Sunday,19,94112.0,Ingleside,49,79407.0,23606.0,23081.0,21975.0,602400.0,71625.0
Sunday,19,94112.0,Taraval,1,79407.0,23606.0,23081.0,21975.0,602400.0,71625.0
Sunday,19,94114.0,Mission,25,31124.0,21837.0,17634.0,16281.0,1000001.0,114689.0
Sunday,19,94114.0,Park,3,31124.0,21837.0,17634.0,16281.0,1000001.0,114689.0
Sunday,19,94115.0,Northern,21,33021.0,29596.0,18884.0,17289.0,965800.0,76952.0
Sunday,19,94115.0,Park,2,33021.0,29596.0,18884.0,17289.0,965800.0,76952.0
Sunday,19,94115.0,Richmond,10,33021.0,29596.0,18884.0,17289.0,965800.0,76952.0
Sunday,19,94116.0,Taraval,11,43698.0,16901.0,16283.0,15445.0,734400.0,83407.0
Sunday,19,94117.0,Mission,8,39169.0,23211.0,19255.0,17939.0,911500.0,94479.0
Sunday,19,94117.0,Northern,15,39169.0,23211.0,19255.0,17939.0,911500.0,94479.0
Sunday,19,94117.0,Park,22,39169.0,23211.0,19255.0,17939.0,911500.0,94479.0
Sunday,19,94118.0,Park,9,38319.0,19663.0,18633.0,17171.0,1000001.0,82857.0
Sunday,19,94118.0,Richmond,43,38319.0,19663.0,18633.0,17171.0,1000001.0,82857.0
Sunday,19,94122.0,Central,1,56023.0,23699.0,23633.0,22162.0,774500.0,81768.0
Sunday,19,94122.0,Park,2,56023.0,23699.0,23633.0,22162.0,774500.0,81768.0
Sunday,19,94122.0,Richmond,27,56023.0,23699.0,23633.0,22162.0,774500.0,81768.0
Sunday,19,94122.0,Taraval,29,56023.0,23699.0,23633.0,22162.0,774500.0,81768.0
Sunday,19,94123.0,Northern,24,23088.0,22622.0,15083.0,13717.0,1000001.0,112650.0
Sunday,19,94124.0,Bayview,29,33996.0,6901.0,10812.0,9717.0,470400.0,50146.0
Sunday,19,94127.0,Ingleside,4,19289.0,10895.0,7801.0,7511.0,916900.0,131351.0
Sunday,19,94127.0,Taraval,3,19289.0,10895.0,7801.0,7511.0,916900.0,131351.0
Sunday,19,94130.0,Southern,6,2880.0,3196.0,786.0,656.0,,37500.0
Sunday,19,94131.0,Ingleside,6,26881.0,12926.0,13427.0,12618.0,859700.0,96889.0
Sunday,19,94131.0,Mission,2,26881.0,12926.0,13427.0,12618.0,859700.0,96889.0
Sunday,19,94131.0,Park,5,26881.0,12926.0,13427.0,12618.0,859700.0,96889.0
Sunday,19,94132.0,Taraval,12,28129.0,9045.0,10769.0,9993.0,733100.0,69223.0
Sunday,19,94134.0,Bayview,15,40798.0,17001.0,11867.0,11244.0,547800.0,56716.0
Sunday,19,94134.0,Ingleside,14,40798.0,17001.0,11867.0,11244.0,547800.0,56716.0
Sunday,19,94158.0,Bayview,5,4792.0,7288.0,2482.0,2271.0,643900.0,82195.0
Sunday,19,94158.0,Mission,1,4792.0,7288.0,2482.0,2271.0,643900.0,82195.0
Sunday,19,94158.0,Out of SF,1,4792.0,7288.0,2482.0,2271.0,643900.0,82195.0
Sunday,19,94158.0,Southern,5,4792.0,7288.0,2482.0,2271.0,643900.0,82195.0
Sunday,20,94102.0,Central,1,31176.0,46472.0,18758.0,16844.0,574100.0,22517.0
Sunday,20,94102.0,Mission,19,31176.0,46472.0,18758.0,16844.0,574100.0,22517.0
Sunday,20,94102.0,Northern,49,31176.0,46472.0,18758.0,16844.0,574100.0,22517.0
Sunday,20,94102.0,Out of SF,2,31176.0,46472.0,18758.0,16844.0,574100.0,22517.0
Sunday,20,94102.0,Park,1,31176.0,46472.0,18758.0,16844.0,574100.0,22517.0
Sunday,20,94102.0,Southern,10,31176.0,46472.0,18758.0,16844.0,574100.0,22517.0
Sunday,20,94102.0,Tenderloin,17,31176.0,46472.0,18758.0,16844.0,574100.0,22517.0
Sunday,20,94103.0,Central,2,27170.0,20036.0,14778.0,13098.0,628000.0,43364.0
Sunday,20,94103.0,Mission,7,27170.0,20036.0,14778.0,13098.0,628000.0,43364.0
Sunday,20,94103.0,Out of SF,3,27170.0,20036.0,14778.0,13098.0,628000.0,43364.0
Sunday,20,94103.0,Southern,50,27170.0,20036.0,14778.0,13098.0,628000.0,43364.0
Sunday,20,94103.0,Tenderloin,53,27170.0,20036.0,14778.0,13098.0,628000.0,43364.0
Sunday,20,94104.0,Central,34,406.0,5232.0,368.0,207.0,1000001.0,48750.0
Sunday,20,94104.0,Northern,1,406.0,5232.0,368.0,207.0,1000001.0,48750.0
Sunday,20,94104.0,Southern,5,406.0,5232.0,368.0,207.0,1000001.0,48750.0
Sunday,20,94105.0,Central,4,5846.0,15826.0,4601.0,3586.0,740900.0,163949.0
Sunday,20,94105.0,Southern,18,5846.0,15826.0,4601.0,3586.0,740900.0,163949.0
Sunday,20,94105.0,Taraval,1,5846.0,15826.0,4601.0,3586.0,740900.0,163949.0
Sunday,20,94107.0,Bayview,3,26599.0,14845.0,15141.0,13736.0,719700.0,114439.0
Sunday,20,94107.0,Southern,2,26599.0,14845.0,15141.0,13736.0,719700.0,114439.0
Sunday,20,94108.0,Central,58,13768.0,50983.0,8843.0,7628.0,856900.0,35427.0
Sunday,20,94108.0,Southern,1,13768.0,50983.0,8843.0,7628.0,856900.0,35427.0
Sunday,20,94108.0,Tenderloin,2,13768.0,50983.0,8843.0,7628.0,856900.0,35427.0
Sunday,20,94109.0,Central,13,55984.0,47129.0,37182.0,33342.0,723200.0,60722.0
Sunday,20,94109.0,Northern,36,55984.0,47129.0,37182.0,33342.0,723200.0,60722.0
Sunday,20,94109.0,Tenderloin,4,55984.0,47129.0,37182.0,33342.0,723200.0,60722.0
Sunday,20,94110.0,Bayview,7,69333.0,29816.0,28913.0,27128.0,768200.0,82111.0
Sunday,20,94110.0,Ingleside,13,69333.0,29816.0,28913.0,27128.0,768200.0,82111.0
Sunday,20,94110.0,Mission,59,69333.0,29816.0,28913.0,27128.0,768200.0,82111.0
Sunday,20,94110.0,Northern,1,69333.0,29816.0,28913.0,27128.0,768200.0,82111.0
Sunday,20,94110.0,Out of SF,1,69333.0,29816.0,28913.0,27128.0,768200.0,82111.0
Sunday,20,94110.0,Southern,2,69333.0,29816.0,28913.0,27128.0,768200.0,82111.0
Sunday,20,94111.0,Central,42,3713.0,10791.0,2811.0,2365.0,882000.0,89722.0
Sunday,20,94112.0,Ingleside,40,79407.0,23606.0,23081.0,21975.0,602400.0,71625.0
Sunday,20,94112.0,Taraval,2,79407.0,23606.0,23081.0,21975.0,602400.0,71625.0
Sunday,20,94114.0,Mission,19,31124.0,21837.0,17634.0,16281.0,1000001.0,114689.0
Sunday,20,94114.0,Park,8,31124.0,21837.0,17634.0,16281.0,1000001.0,114689.0
Sunday,20,94115.0,Central,1,33021.0,29596.0,18884.0,17289.0,965800.0,76952.0
Sunday,20,94115.0,Northern,37,33021.0,29596.0,18884.0,17289.0,965800.0,76952.0
Sunday,20,94115.0,Richmond,8,33021.0,29596.0,18884.0,17289.0,965800.0,76952.0
Sunday,20,94116.0,Taraval,12,43698.0,16901.0,16283.0,15445.0,734400.0,83407.0
Sunday,20,94117.0,Mission,1,39169.0,23211.0,19255.0,17939.0,911500.0,94479.0
Sunday,20,94117.0,Northern,14,39169.0,23211.0,19255.0,17939.0,911500.0,94479.0
Sunday,20,94117.0,Park,20,39169.0,23211.0,19255.0,17939.0,911500.0,94479.0
Sunday,20,94117.0,Southern,1,39169.0,23211.0,19255.0,17939.0,911500.0,94479.0
Sunday,20,94118.0,Out of SF,1,38319.0,19663.0,18633.0,17171.0,1000001.0,82857.0
Sunday,20,94118.0,Park,1,38319.0,19663.0,18633.0,17171.0,1000001.0,82857.0
Sunday,20,94118.0,Richmond,48,38319.0,19663.0,18633.0,17171.0,1000001.0,82857.0
Sunday,20,94122.0,Central,2,56023.0,23699.0,23633.0,22162.0,774500.0,81768.0
Sunday,20,94122.0,Richmond,20,56023.0,23699.0,23633.0,22162.0,774500.0,81768.0
Sunday,20,94122.0,Taraval,25,56023.0,23699.0,23633.0,22162.0,774500.0,81768.0
Sunday,20,94123.0,Northern,13,23088.0,22622.0,15083.0,13717.0,1000001.0,112650.0
Sunday,20,94124.0,Bayview,38,33996.0,6901.0,10812.0,9717.0,470400.0,50146.0
Sunday,20,94124.0,Out of SF,4,33996.0,6901.0,10812.0,9717.0,470400.0,50146.0
Sunday,20,94127.0,Ingleside,1,19289.0,10895.0,7801.0,7511.0,916900.0,131351.0
Sunday,20,94127.0,Taraval,10,19289.0,10895.0,7801.0,7511.0,916900.0,131351.0
Sunday,20,94129.0,Central,1,3183.0,1381.0,1132.0,1086.0,,143320.0
Sunday,20,94130.0,Southern,1,2880.0,3196.0,786.0,656.0,,37500.0
Sunday,20,94131.0,Ingleside,3,26881.0,12926.0,13427.0,12618.0,859700.0,96889.0
Sunday,20,94131.0,Mission,4,26881.0,12926.0,13427.0,12618.0,859700.0,96889.0
Sunday,20,94131.0,Park,10,26881.0,12926.0,13427.0,12618.0,859700.0,96889.0
Sunday,20,94132.0,Taraval,11,28129.0,9045.0,10769.0,9993.0,733100.0,69223.0
Sunday,20,94134.0,Bayview,20,40798.0,17001.0,11867.0,11244.0,547800.0,56716.0
Sunday,20,94134.0,Ingleside,18,40798.0,17001.0,11867.0,11244.0,547800.0,56716.0
Sunday,20,94134.0,Out of SF,2,40798.0,17001.0,11867.0,11244.0,547800.0,56716.0
Sunday,20,94158.0,Bayview,7,4792.0,7288.0,2482.0,2271.0,643900.0,82195.0
Sunday,20,94158.0,Mission,1,4792.0,7288.0,2482.0,2271.0,643900.0,82195.0
Sunday,20,94158.0,Out of SF,4,4792.0,7288.0,2482.0,2271.0,643900.0,82195.0
Sunday,20,94158.0,Southern,9,4792.0,7288.0,2482.0,2271.0,643900.0,82195.0
Sunday,21,94102.0,Mission,31,31176.0,46472.0,18758.0,16844.0,574100.0,22517.0
Sunday,21,94102.0,Northern,46,31176.0,46472.0,18758.0,16844.0,574100.0,22517.0
Sunday,21,94102.0,Southern,5,31176.0,46472.0,18758.0,16844.0,574100.0,22517.0
Sunday,21,94102.0,Tenderloin,20,31176.0,46472.0,18758.0,16844.0,574100.0,22517.0
Sunday,21,94103.0,Mission,5,27170.0,20036.0,14778.0,13098.0,628000.0,43364.0
Sunday,21,94103.0,Out of SF,2,27170.0,20036.0,14778.0,13098.0,628000.0,43364.0
Sunday,21,94103.0,Southern,52,27170.0,20036.0,14778.0,13098.0,628000.0,43364.0
Sunday,21,94103.0,Tenderloin,49,27170.0,20036.0,14778.0,13098.0,628000.0,43364.0
Sunday,21,94104.0,Central,36,406.0,5232.0,368.0,207.0,1000001.0,48750.0
Sunday,21,94104.0,Southern,5,406.0,5232.0,368.0,207.0,1000001.0,48750.0
Sunday,21,94105.0,Central,9,5846.0,15826.0,4601.0,3586.0,740900.0,163949.0
Sunday,21,94105.0,Northern,3,5846.0,15826.0,4601.0,3586.0,740900.0,163949.0
Sunday,21,94105.0,Southern,16,5846.0,15826.0,4601.0,3586.0,740900.0,163949.0
Sunday,21,94107.0,Bayview,1,26599.0,14845.0,15141.0,13736.0,719700.0,114439.0
Sunday,21,94108.0,Central,34,13768.0,50983.0,8843.0,7628.0,856900.0,35427.0
Sunday,21,94108.0,Tenderloin,10,13768.0,50983.0,8843.0,7628.0,856900.0,35427.0
Sunday,21,94109.0,Central,18,55984.0,47129.0,37182.0,33342.0,723200.0,60722.0
Sunday,21,94109.0,Northern,43,55984.0,47129.0,37182.0,33342.0,723200.0,60722.0
Sunday,21,94109.0,Tenderloin,4,55984.0,47129.0,37182.0,33342.0,723200.0,60722.0
Sunday,21,94110.0,Bayview,6,69333.0,29816.0,28913.0,27128.0,768200.0,82111.0
Sunday,21,94110.0,Ingleside,23,69333.0,29816.0,28913.0,27128.0,768200.0,82111.0
Sunday,21,94110.0,Mission,62,69333.0,29816.0,28913.0,27128.0,768200.0,82111.0
Sunday,21,94110.0,Southern,1,69333.0,29816.0,28913.0,27128.0,768200.0,82111.0
Sunday,21,94111.0,Central,39,3713.0,10791.0,2811.0,2365.0,882000.0,89722.0
Sunday,21,94112.0,Ingleside,25,79407.0,23606.0,23081.0,21975.0,602400.0,71625.0
Sunday,21,94112.0,Taraval,2,79407.0,23606.0,23081.0,21975.0,602400.0,71625.0
Sunday,21,94114.0,Mission,28,31124.0,21837.0,17634.0,16281.0,1000001.0,114689.0
Sunday,21,94114.0,Park,3,31124.0,21837.0,17634.0,16281.0,1000001.0,114689.0
Sunday,21,94115.0,Northern,26,33021.0,29596.0,18884.0,17289.0,965800.0,76952.0
Sunday,21,94115.0,Richmond,2,33021.0,29596.0,18884.0,17289.0,965800.0,76952.0
Sunday,21,94116.0,Taraval,17,43698.0,16901.0,16283.0,15445.0,734400.0,83407.0
Sunday,21,94117.0,Mission,7,39169.0,23211.0,19255.0,17939.0,911500.0,94479.0
Sunday,21,94117.0,Northern,9,39169.0,23211.0,19255.0,17939.0,911500.0,94479.0
Sunday,21,94117.0,Park,20,39169.0,23211.0,19255.0,17939.0,911500.0,94479.0
Sunday,21,94118.0,Park,2,38319.0,19663.0,18633.0,17171.0,1000001.0,82857.0
Sunday,21,94118.0,Richmond,26,38319.0,19663.0,18633.0,17171.0,1000001.0,82857.0
Sunday,21,94122.0,Park,1,56023.0,23699.0,23633.0,22162.0,774500.0,81768.0
Sunday,21,94122.0,Richmond,5,56023.0,23699.0,23633.0,22162.0,774500.0,81768.0
Sunday,21,94122.0,Taraval,22,56023.0,23699.0,23633.0,22162.0,774500.0,81768.0
Sunday,21,94123.0,Northern,13,23088.0,22622.0,15083.0,13717.0,1000001.0,112650.0
Sunday,21,94124.0,Bayview,36,33996.0,6901.0,10812.0,9717.0,470400.0,50146.0
Sunday,21,94127.0,Taraval,7,19289.0,10895.0,7801.0,7511.0,916900.0,131351.0
Sunday,21,94130.0,Southern,3,2880.0,3196.0,786.0,656.0,,37500.0
Sunday,21,94131.0,Ingleside,3,26881.0,12926.0,13427.0,12618.0,859700.0,96889.0
Sunday,21,94131.0,Mission,10,26881.0,12926.0,13427.0,12618.0,859700.0,96889.0
Sunday,21,94131.0,Park,5,26881.0,12926.0,13427.0,12618.0,859700.0,96889.0
Sunday,21,94132.0,Taraval,17,28129.0,9045.0,10769.0,9993.0,733100.0,69223.0
Sunday,21,94134.0,Bayview,9,40798.0,17001.0,11867.0,11244.0,547800.0,56716.0
Sunday,21,94134.0,Ingleside,9,40798.0,17001.0,11867.0,11244.0,547800.0,56716.0
Sunday,21,94158.0,Bayview,3,4792.0,7288.0,2482.0,2271.0,643900.0,82195.0
Sunday,21,94158.0,Mission,2,4792.0,7288.0,2482.0,2271.0,643900.0,82195.0
Sunday,21,94158.0,Southern,20,4792.0,7288.0,2482.0,2271.0,643900.0,82195.0
Sunday,22,94102.0,Mission,16,31176.0,46472.0,18758.0,16844.0,574100.0,22517.0
Sunday,22,94102.0,Northern,47,31176.0,46472.0,18758.0,16844.0,574100.0,22517.0
Sunday,22,94102.0,Southern,5,31176.0,46472.0,18758.0,16844.0,574100.0,22517.0
Sunday,22,94102.0,Tenderloin,10,31176.0,46472.0,18758.0,16844.0,574100.0,22517.0
Sunday,22,94103.0,Bayview,1,27170.0,20036.0,14778.0,13098.0,628000.0,43364.0
Sunday,22,94103.0,Mission,1,27170.0,20036.0,14778.0,13098.0,628000.0,43364.0
Sunday,22,94103.0,Out of SF,1,27170.0,20036.0,14778.0,13098.0,628000.0,43364.0
Sunday,22,94103.0,Southern,46,27170.0,20036.0,14778.0,13098.0,628000.0,43364.0
Sunday,22,94103.0,Tenderloin,35,27170.0,20036.0,14778.0,13098.0,628000.0,43364.0
Sunday,22,94104.0,Central,17,406.0,5232.0,368.0,207.0,1000001.0,48750.0
Sunday,22,94104.0,Southern,1,406.0,5232.0,368.0,207.0,1000001.0,48750.0
Sunday,22,94104.0,Tenderloin,1,406.0,5232.0,368.0,207.0,1000001.0,48750.0
Sunday,22,94105.0,Central,1,5846.0,15826.0,4601.0,3586.0,740900.0,163949.0
Sunday,22,94105.0,Southern,14,5846.0,15826.0,4601.0,3586.0,740900.0,163949.0
Sunday,22,94107.0,Bayview,1,26599.0,14845.0,15141.0,13736.0,719700.0,114439.0
Sunday,22,94108.0,Central,29,13768.0,50983.0,8843.0,7628.0,856900.0,35427.0
Sunday,22,94108.0,Out of SF,2,13768.0,50983.0,8843.0,7628.0,856900.0,35427.0
Sunday,22,94108.0,Tenderloin,2,13768.0,50983.0,8843.0,7628.0,856900.0,35427.0
Sunday,22,94109.0,Central,27,55984.0,47129.0,37182.0,33342.0,723200.0,60722.0
Sunday,22,94109.0,Northern,27,55984.0,47129.0,37182.0,33342.0,723200.0,60722.0
Sunday,22,94109.0,Tenderloin,5,55984.0,47129.0,37182.0,33342.0,723200.0,60722.0
Sunday,22,94110.0,Bayview,6,69333.0,29816.0,28913.0,27128.0,768200.0,82111.0
Sunday,22,94110.0,Ingleside,5,69333.0,29816.0,28913.0,27128.0,768200.0,82111.0
Sunday,22,94110.0,Mission,81,69333.0,29816.0,28913.0,27128.0,768200.0,82111.0
Sunday,22,94111.0,Central,28,3713.0,10791.0,2811.0,2365.0,882000.0,89722.0
Sunday,22,94112.0,Ingleside,33,79407.0,23606.0,23081.0,21975.0,602400.0,71625.0
Sunday,22,94112.0,Taraval,6,79407.0,23606.0,23081.0,21975.0,602400.0,71625.0
Sunday,22,94114.0,Mission,21,31124.0,21837.0,17634.0,16281.0,1000001.0,114689.0
Sunday,22,94114.0,Park,4,31124.0,21837.0,17634.0,16281.0,1000001.0,114689.0
Sunday,22,94115.0,Northern,19,33021.0,29596.0,18884.0,17289.0,965800.0,76952.0
Sunday,22,94115.0,Park,1,33021.0,29596.0,18884.0,17289.0,965800.0,76952.0
Sunday,22,94115.0,Richmond,2,33021.0,29596.0,18884.0,17289.0,965800.0,76952.0
Sunday,22,94116.0,Taraval,16,43698.0,16901.0,16283.0,15445.0,734400.0,83407.0
Sunday,22,94117.0,Mission,14,39169.0,23211.0,19255.0,17939.0,911500.0,94479.0
Sunday,22,94117.0,Northern,12,39169.0,23211.0,19255.0,17939.0,911500.0,94479.0
Sunday,22,94117.0,Park,20,39169.0,23211.0,19255.0,17939.0,911500.0,94479.0
Sunday,22,94118.0,Out of SF,1,38319.0,19663.0,18633.0,17171.0,1000001.0,82857.0
Sunday,22,94118.0,Park,2,38319.0,19663.0,18633.0,17171.0,1000001.0,82857.0
Sunday,22,94118.0,Richmond,24,38319.0,19663.0,18633.0,17171.0,1000001.0,82857.0
Sunday,22,94122.0,Park,7,56023.0,23699.0,23633.0,22162.0,774500.0,81768.0
Sunday,22,94122.0,Richmond,12,56023.0,23699.0,23633.0,22162.0,774500.0,81768.0
Sunday,22,94122.0,Taraval,28,56023.0,23699.0,23633.0,22162.0,774500.0,81768.0
Sunday,22,94123.0,Central,1,23088.0,22622.0,15083.0,13717.0,1000001.0,112650.0
Sunday,22,94123.0,Northern,11,23088.0,22622.0,15083.0,13717.0,1000001.0,112650.0
Sunday,22,94124.0,Bayview,38,33996.0,6901.0,10812.0,9717.0,470400.0,50146.0
Sunday,22,94127.0,Ingleside,8,19289.0,10895.0,7801.0,7511.0,916900.0,131351.0
Sunday,22,94127.0,Southern,1,19289.0,10895.0,7801.0,7511.0,916900.0,131351.0
Sunday,22,94127.0,Taraval,17,19289.0,10895.0,7801.0,7511.0,916900.0,131351.0
Sunday,22,94129.0,Richmond,3,3183.0,1381.0,1132.0,1086.0,,143320.0
Sunday,22,94130.0,Southern,10,2880.0,3196.0,786.0,656.0,,37500.0
Sunday,22,94131.0,Ingleside,2,26881.0,12926.0,13427.0,12618.0,859700.0,96889.0
Sunday,22,94131.0,Mission,8,26881.0,12926.0,13427.0,12618.0,859700.0,96889.0
Sunday,22,94131.0,Park,12,26881.0,12926.0,13427.0,12618.0,859700.0,96889.0
Sunday,22,94132.0,Taraval,12,28129.0,9045.0,10769.0,9993.0,733100.0,69223.0
Sunday,22,94134.0,Bayview,9,40798.0,17001.0,11867.0,11244.0,547800.0,56716.0
Sunday,22,94134.0,Ingleside,9,40798.0,17001.0,11867.0,11244.0,547800.0,56716.0
Sunday,22,94158.0,Bayview,11,4792.0,7288.0,2482.0,2271.0,643900.0,82195.0
Sunday,22,94158.0,Mission,4,4792.0,7288.0,2482.0,2271.0,643900.0,82195.0
Sunday,22,94158.0,Out of SF,3,4792.0,7288.0,2482.0,2271.0,643900.0,82195.0
Sunday,22,94158.0,Southern,7,4792.0,7288.0,2482.0,2271.0,643900.0,82195.0
Sunday,23,94102.0,Mission,11,31176.0,46472.0,18758.0,16844.0,574100.0,22517.0
Sunday,23,94102.0,Northern,20,31176.0,46472.0,18758.0,16844.0,574100.0,22517.0
Sunday,23,94102.0,Southern,14,31176.0,46472.0,18758.0,16844.0,574100.0,22517.0
Sunday,23,94102.0,Tenderloin,13,31176.0,46472.0,18758.0,16844.0,574100.0,22517.0
Sunday,23,94103.0,Central,2,27170.0,20036.0,14778.0,13098.0,628000.0,43364.0
Sunday,23,94103.0,Mission,3,27170.0,20036.0,14778.0,13098.0,628000.0,43364.0
Sunday,23,94103.0,Out of SF,7,27170.0,20036.0,14778.0,13098.0,628000.0,43364.0
Sunday,23,94103.0,Southern,57,27170.0,20036.0,14778.0,13098.0,628000.0,43364.0
Sunday,23,94103.0,Tenderloin,33,27170.0,20036.0,14778.0,13098.0,628000.0,43364.0
Sunday,23,94104.0,Central,19,406.0,5232.0,368.0,207.0,1000001.0,48750.0
Sunday,23,94104.0,Southern,3,406.0,5232.0,368.0,207.0,1000001.0,48750.0
Sunday,23,94104.0,Tenderloin,1,406.0,5232.0,368.0,207.0,1000001.0,48750.0
Sunday,23,94105.0,Central,11,5846.0,15826.0,4601.0,3586.0,740900.0,163949.0
Sunday,23,94105.0,Southern,12,5846.0,15826.0,4601.0,3586.0,740900.0,163949.0
Sunday,23,94108.0,Central,50,13768.0,50983.0,8843.0,7628.0,856900.0,35427.0
Sunday,23,94108.0,Out of SF,2,13768.0,50983.0,8843.0,7628.0,856900.0,35427.0
Sunday,23,94108.0,Tenderloin,5,13768.0,50983.0,8843.0,7628.0,856900.0,35427.0
Sunday,23,94109.0,Central,17,55984.0,47129.0,37182.0,33342.0,723200.0,60722.0
Sunday,23,94109.0,Northern,31,55984.0,47129.0,37182.0,33342.0,723200.0,60722.0
Sunday,23,94109.0,Tenderloin,3,55984.0,47129.0,37182.0,33342.0,723200.0,60722.0
Sunday,23,94110.0,Bayview,7,69333.0,29816.0,28913.0,27128.0,768200.0,82111.0
Sunday,23,94110.0,Ingleside,7,69333.0,29816.0,28913.0,27128.0,768200.0,82111.0
Sunday,23,94110.0,Mission,69,69333.0,29816.0,28913.0,27128.0,768200.0,82111.0
Sunday,23,94110.0,Northern,1,69333.0,29816.0,28913.0,27128.0,768200.0,82111.0
Sunday,23,94111.0,Central,21,3713.0,10791.0,2811.0,2365.0,882000.0,89722.0
Sunday,23,94112.0,Ingleside,34,79407.0,23606.0,23081.0,21975.0,602400.0,71625.0
Sunday,23,94112.0,Out of SF,2,79407.0,23606.0,23081.0,21975.0,602400.0,71625.0
Sunday,23,94114.0,Mission,21,31124.0,21837.0,17634.0,16281.0,1000001.0,114689.0
Sunday,23,94114.0,Park,14,31124.0,21837.0,17634.0,16281.0,1000001.0,114689.0
Sunday,23,94115.0,Northern,10,33021.0,29596.0,18884.0,17289.0,965800.0,76952.0
Sunday,23,94115.0,Park,1,33021.0,29596.0,18884.0,17289.0,965800.0,76952.0
Sunday,23,94115.0,Richmond,1,33021.0,29596.0,18884.0,17289.0,965800.0,76952.0
Sunday,23,94116.0,Taraval,17,43698.0,16901.0,16283.0,15445.0,734400.0,83407.0
Sunday,23,94117.0,Mission,3,39169.0,23211.0,19255.0,17939.0,911500.0,94479.0
Sunday,23,94117.0,Northern,9,39169.0,23211.0,19255.0,17939.0,911500.0,94479.0
Sunday,23,94117.0,Out of SF,1,39169.0,23211.0,19255.0,17939.0,911500.0,94479.0
Sunday,23,94117.0,Park,18,39169.0,23211.0,19255.0,17939.0,911500.0,94479.0
Sunday,23,94117.0,Richmond,1,39169.0,23211.0,19255.0,17939.0,911500.0,94479.0
Sunday,23,94118.0,Park,8,38319.0,19663.0,18633.0,17171.0,1000001.0,82857.0
Sunday,23,94118.0,Richmond,17,38319.0,19663.0,18633.0,17171.0,1000001.0,82857.0
Sunday,23,94122.0,Park,2,56023.0,23699.0,23633.0,22162.0,774500.0,81768.0
Sunday,23,94122.0,Richmond,9,56023.0,23699.0,23633.0,22162.0,774500.0,81768.0
Sunday,23,94122.0,Taraval,18,56023.0,23699.0,23633.0,22162.0,774500.0,81768.0
Sunday,23,94123.0,Central,2,23088.0,22622.0,15083.0,13717.0,1000001.0,112650.0
Sunday,23,94123.0,Northern,12,23088.0,22622.0,15083.0,13717.0,1000001.0,112650.0
Sunday,23,94124.0,Bayview,35,33996.0,6901.0,10812.0,9717.0,470400.0,50146.0
Sunday,23,94127.0,Taraval,5,19289.0,10895.0,7801.0,7511.0,916900.0,131351.0
Sunday,23,94129.0,Richmond,1,3183.0,1381.0,1132.0,1086.0,,143320.0
Sunday,23,94130.0,Southern,1,2880.0,3196.0,786.0,656.0,,37500.0
Sunday,23,94131.0,Ingleside,1,26881.0,12926.0,13427.0,12618.0,859700.0,96889.0
Sunday,23,94131.0,Mission,8,26881.0,12926.0,13427.0,12618.0,859700.0,96889.0
Sunday,23,94131.0,Park,1,26881.0,12926.0,13427.0,12618.0,859700.0,96889.0
Sunday,23,94132.0,Taraval,10,28129.0,9045.0,10769.0,9993.0,733100.0,69223.0
Sunday,23,94134.0,Bayview,8,40798.0,17001.0,11867.0,11244.0,547800.0,56716.0
Sunday,23,94134.0,Ingleside,13,40798.0,17001.0,11867.0,11244.0,547800.0,56716.0
Sunday,23,94134.0,Out of SF,1,40798.0,17001.0,11867.0,11244.0,547800.0,56716.0
Sunday,23,94158.0,Bayview,6,4792.0,7288.0,2482.0,2271.0,643900.0,82195.0
Sunday,23,94158.0,Mission,4,4792.0,7288.0,2482.0,2271.0,643900.0,82195.0
Sunday,23,94158.0,Southern,7,4792.0,7288.0,2482.0,2271.0,643900.0,82195.0
Thursday,0,94102.0,Mission,21,31176.0,46472.0,18758.0,16844.0,574100.0,22517.0
Thursday,0,94102.0,Northern,40,31176.0,46472.0,18758.0,16844.0,574100.0,22517.0
Thursday,0,94102.0,Out of SF,2,31176.0,46472.0,18758.0,16844.0,574100.0,22517.0
Thursday,0,94102.0,Southern,13,31176.0,46472.0,18758.0,16844.0,574100.0,22517.0
Thursday,0,94102.0,Tenderloin,22,31176.0,46472.0,18758.0,16844.0,574100.0,22517.0
Thursday,0,94103.0,Mission,3,27170.0,20036.0,14778.0,13098.0,628000.0,43364.0
Thursday,0,94103.0,Out of SF,14,27170.0,20036.0,14778.0,13098.0,628000.0,43364.0
Thursday,0,94103.0,Southern,45,27170.0,20036.0,14778.0,13098.0,628000.0,43364.0
Thursday,0,94103.0,Tenderloin,40,27170.0,20036.0,14778.0,13098.0,628000.0,43364.0
Thursday,0,94104.0,Central,35,406.0,5232.0,368.0,207.0,1000001.0,48750.0
Thursday,0,94104.0,Southern,1,406.0,5232.0,368.0,207.0,1000001.0,48750.0
Thursday,0,94104.0,Tenderloin,3,406.0,5232.0,368.0,207.0,1000001.0,48750.0
Thursday,0,94105.0,Central,2,5846.0,15826.0,4601.0,3586.0,740900.0,163949.0
Thursday,0,94105.0,Southern,20,5846.0,15826.0,4601.0,3586.0,740900.0,163949.0
Thursday,0,94107.0,Bayview,1,26599.0,14845.0,15141.0,13736.0,719700.0,114439.0
Thursday,0,94107.0,Southern,2,26599.0,14845.0,15141.0,13736.0,719700.0,114439.0
Thursday,0,94108.0,Central,50,13768.0,50983.0,8843.0,7628.0,856900.0,35427.0
Thursday,0,94108.0,Tenderloin,9,13768.0,50983.0,8843.0,7628.0,856900.0,35427.0
Thursday,0,94109.0,Central,23,55984.0,47129.0,37182.0,33342.0,723200.0,60722.0
Thursday,0,94109.0,Northern,30,55984.0,47129.0,37182.0,33342.0,723200.0,60722.0
Thursday,0,94109.0,Tenderloin,5,55984.0,47129.0,37182.0,33342.0,723200.0,60722.0
Thursday,0,94110.0,Bayview,13,69333.0,29816.0,28913.0,27128.0,768200.0,82111.0
Thursday,0,94110.0,Ingleside,15,69333.0,29816.0,28913.0,27128.0,768200.0,82111.0
Thursday,0,94110.0,Mission,80,69333.0,29816.0,28913.0,27128.0,768200.0,82111.0
Thursday,0,94110.0,Out of SF,2,69333.0,29816.0,28913.0,27128.0,768200.0,82111.0
Thursday,0,94111.0,Central,18,3713.0,10791.0,2811.0,2365.0,882000.0,89722.0
Thursday,0,94112.0,Bayview,1,79407.0,23606.0,23081.0,21975.0,602400.0,71625.0
Thursday,0,94112.0,Ingleside,23,79407.0,23606.0,23081.0,21975.0,602400.0,71625.0
Thursday,0,94112.0,Out of SF,1,79407.0,23606.0,23081.0,21975.0,602400.0,71625.0
Thursday,0,94112.0,Taraval,1,79407.0,23606.0,23081.0,21975.0,602400.0,71625.0
Thursday,0,94114.0,Mission,14,31124.0,21837.0,17634.0,16281.0,1000001.0,114689.0
Thursday,0,94114.0,Park,7,31124.0,21837.0,17634.0,16281.0,1000001.0,114689.0
Thursday,0,94115.0,Northern,14,33021.0,29596.0,18884.0,17289.0,965800.0,76952.0
Thursday,0,94115.0,Park,1,33021.0,29596.0,18884.0,17289.0,965800.0,76952.0
Thursday,0,94115.0,Richmond,10,33021.0,29596.0,18884.0,17289.0,965800.0,76952.0
Thursday,0,94116.0,Taraval,15,43698.0,16901.0,16283.0,15445.0,734400.0,83407.0
Thursday,0,94117.0,Mission,6,39169.0,23211.0,19255.0,17939.0,911500.0,94479.0
Thursday,0,94117.0,Northern,13,39169.0,23211.0,19255.0,17939.0,911500.0,94479.0
Thursday,0,94117.0,Out of SF,3,39169.0,23211.0,19255.0,17939.0,911500.0,94479.0
Thursday,0,94117.0,Park,26,39169.0,23211.0,19255.0,17939.0,911500.0,94479.0
Thursday,0,94118.0,Out of SF,3,38319.0,19663.0,18633.0,17171.0,1000001.0,82857.0
Thursday,0,94118.0,Park,10,38319.0,19663.0,18633.0,17171.0,1000001.0,82857.0
Thursday,0,94118.0,Richmond,28,38319.0,19663.0,18633.0,17171.0,1000001.0,82857.0
Thursday,0,94122.0,Richmond,16,56023.0,23699.0,23633.0,22162.0,774500.0,81768.0
Thursday,0,94122.0,Taraval,22,56023.0,23699.0,23633.0,22162.0,774500.0,81768.0
Thursday,0,94123.0,Central,1,23088.0,22622.0,15083.0,13717.0,1000001.0,112650.0
Thursday,0,94123.0,Northern,13,23088.0,22622.0,15083.0,13717.0,1000001.0,112650.0
Thursday,0,94124.0,Bayview,33,33996.0,6901.0,10812.0,9717.0,470400.0,50146.0
Thursday,0,94127.0,Ingleside,7,19289.0,10895.0,7801.0,7511.0,916900.0,131351.0
Thursday,0,94127.0,Taraval,12,19289.0,10895.0,7801.0,7511.0,916900.0,131351.0
Thursday,0,94130.0,Southern,4,2880.0,3196.0,786.0,656.0,,37500.0
Thursday,0,94131.0,Ingleside,1,26881.0,12926.0,13427.0,12618.0,859700.0,96889.0
Thursday,0,94131.0,Mission,5,26881.0,12926.0,13427.0,12618.0,859700.0,96889.0
Thursday,0,94132.0,Taraval,14,28129.0,9045.0,10769.0,9993.0,733100.0,69223.0
Thursday,0,94134.0,Bayview,15,40798.0,17001.0,11867.0,11244.0,547800.0,56716.0
Thursday,0,94134.0,Ingleside,13,40798.0,17001.0,11867.0,11244.0,547800.0,56716.0
Thursday,0,94134.0,Park,1,40798.0,17001.0,11867.0,11244.0,547800.0,56716.0
Thursday,0,94158.0,Bayview,11,4792.0,7288.0,2482.0,2271.0,643900.0,82195.0
Thursday,0,94158.0,Central,1,4792.0,7288.0,2482.0,2271.0,643900.0,82195.0
Thursday,0,94158.0,Mission,1,4792.0,7288.0,2482.0,2271.0,643900.0,82195.0
Thursday,0,94158.0,Out of SF,6,4792.0,7288.0,2482.0,2271.0,643900.0,82195.0
Thursday,0,94158.0,Southern,15,4792.0,7288.0,2482.0,2271.0,643900.0,82195.0
Thursday,1,94102.0,Mission,22,31176.0,46472.0,18758.0,16844.0,574100.0,22517.0
Thursday,1,94102.0,Northern,19,31176.0,46472.0,18758.0,16844.0,574100.0,22517.0
Thursday,1,94102.0,Southern,6,31176.0,46472.0,18758.0,16844.0,574100.0,22517.0
Thursday,1,94102.0,Tenderloin,8,31176.0,46472.0,18758.0,16844.0,574100.0,22517.0
Thursday,1,94103.0,Mission,1,27170.0,20036.0,14778.0,13098.0,628000.0,43364.0
Thursday,1,94103.0,Out of SF,4,27170.0,20036.0,14778.0,13098.0,628000.0,43364.0
Thursday,1,94103.0,Southern,34,27170.0,20036.0,14778.0,13098.0,628000.0,43364.0
Thursday,1,94103.0,Tenderloin,14,27170.0,20036.0,14778.0,13098.0,628000.0,43364.0
Thursday,1,94104.0,Central,16,406.0,5232.0,368.0,207.0,1000001.0,48750.0
Thursday,1,94104.0,Tenderloin,1,406.0,5232.0,368.0,207.0,1000001.0,48750.0
Thursday,1,94105.0,Central,2,5846.0,15826.0,4601.0,3586.0,740900.0,163949.0
Thursday,1,94105.0,Southern,12,5846.0,15826.0,4601.0,3586.0,740900.0,163949.0
Thursday,1,94107.0,Southern,2,26599.0,14845.0,15141.0,13736.0,719700.0,114439.0
Thursday,1,94108.0,Central,29,13768.0,50983.0,8843.0,7628.0,856900.0,35427.0
Thursday,1,94108.0,Northern,1,13768.0,50983.0,8843.0,7628.0,856900.0,35427.0
Thursday,1,94108.0,Tenderloin,2,13768.0,50983.0,8843.0,7628.0,856900.0,35427.0
Thursday,1,94109.0,Central,11,55984.0,47129.0,37182.0,33342.0,723200.0,60722.0
Thursday,1,94109.0,Northern,26,55984.0,47129.0,37182.0,33342.0,723200.0,60722.0
Thursday,1,94109.0,Tenderloin,5,55984.0,47129.0,37182.0,33342.0,723200.0,60722.0
Thursday,1,94110.0,Bayview,7,69333.0,29816.0,28913.0,27128.0,768200.0,82111.0
Thursday,1,94110.0,Ingleside,4,69333.0,29816.0,28913.0,27128.0,768200.0,82111.0
Thursday,1,94110.0,Mission,54,69333.0,29816.0,28913.0,27128.0,768200.0,82111.0
Thursday,1,94111.0,Central,8,3713.0,10791.0,2811.0,2365.0,882000.0,89722.0
Thursday,1,94112.0,Ingleside,12,79407.0,23606.0,23081.0,21975.0,602400.0,71625.0
Thursday,1,94112.0,Taraval,3,79407.0,23606.0,23081.0,21975.0,602400.0,71625.0
Thursday,1,94114.0,Mission,12,31124.0,21837.0,17634.0,16281.0,1000001.0,114689.0
Thursday,1,94114.0,Park,6,31124.0,21837.0,17634.0,16281.0,1000001.0,114689.0
Thursday,1,94115.0,Richmond,1,33021.0,29596.0,18884.0,17289.0,965800.0,76952.0
Thursday,1,94116.0,Taraval,3,43698.0,16901.0,16283.0,15445.0,734400.0,83407.0
Thursday,1,94117.0,Mission,1,39169.0,23211.0,19255.0,17939.0,911500.0,94479.0
Thursday,1,94117.0,Northern,3,39169.0,23211.0,19255.0,17939.0,911500.0,94479.0
Thursday,1,94117.0,Park,14,39169.0,23211.0,19255.0,17939.0,911500.0,94479.0
Thursday,1,94117.0,Richmond,2,39169.0,23211.0,19255.0,17939.0,911500.0,94479.0
Thursday,1,94118.0,Park,1,38319.0,19663.0,18633.0,17171.0,1000001.0,82857.0
Thursday,1,94118.0,Richmond,15,38319.0,19663.0,18633.0,17171.0,1000001.0,82857.0
Thursday,1,94122.0,Richmond,5,56023.0,23699.0,23633.0,22162.0,774500.0,81768.0
Thursday,1,94122.0,Taraval,18,56023.0,23699.0,23633.0,22162.0,774500.0,81768.0
Thursday,1,94123.0,Central,2,23088.0,22622.0,15083.0,13717.0,1000001.0,112650.0
Thursday,1,94123.0,Northern,14,23088.0,22622.0,15083.0,13717.0,1000001.0,112650.0
Thursday,1,94124.0,Bayview,15,33996.0,6901.0,10812.0,9717.0,470400.0,50146.0
Thursday,1,94124.0,Out of SF,1,33996.0,6901.0,10812.0,9717.0,470400.0,50146.0
Thursday,1,94127.0,Taraval,8,19289.0,10895.0,7801.0,7511.0,916900.0,131351.0
Thursday,1,94130.0,Southern,1,2880.0,3196.0,786.0,656.0,,37500.0
Thursday,1,94131.0,Ingleside,1,26881.0,12926.0,13427.0,12618.0,859700.0,96889.0
Thursday,1,94131.0,Mission,2,26881.0,12926.0,13427.0,12618.0,859700.0,96889.0
Thursday,1,94131.0,Park,3,26881.0,12926.0,13427.0,12618.0,859700.0,96889.0
Thursday,1,94132.0,Taraval,5,28129.0,9045.0,10769.0,9993.0,733100.0,69223.0
Thursday,1,94134.0,Bayview,9,40798.0,17001.0,11867.0,11244.0,547800.0,56716.0
Thursday,1,94134.0,Ingleside,11,40798.0,17001.0,11867.0,11244.0,547800.0,56716.0
Thursday,1,94158.0,Bayview,3,4792.0,7288.0,2482.0,2271.0,643900.0,82195.0
Thursday,1,94158.0,Out of SF,1,4792.0,7288.0,2482.0,2271.0,643900.0,82195.0
Thursday,1,94158.0,Southern,4,4792.0,7288.0,2482.0,2271.0,643900.0,82195.0
Thursday,2,94102.0,Mission,4,31176.0,46472.0,18758.0,16844.0,574100.0,22517.0
Thursday,2,94102.0,Northern,27,31176.0,46472.0,18758.0,16844.0,574100.0,22517.0
Thursday,2,94102.0,Southern,3,31176.0,46472.0,18758.0,16844.0,574100.0,22517.0
Thursday,2,94102.0,Tenderloin,6,31176.0,46472.0,18758.0,16844.0,574100.0,22517.0
Thursday,2,94103.0,Ingleside,1,27170.0,20036.0,14778.0,13098.0,628000.0,43364.0
Thursday,2,94103.0,Mission,1,27170.0,20036.0,14778.0,13098.0,628000.0,43364.0
Thursday,2,94103.0,Out of SF,2,27170.0,20036.0,14778.0,13098.0,628000.0,43364.0
Thursday,2,94103.0,Southern,24,27170.0,20036.0,14778.0,13098.0,628000.0,43364.0
Thursday,2,94103.0,Tenderloin,12,27170.0,20036.0,14778.0,13098.0,628000.0,43364.0
Thursday,2,94104.0,Central,19,406.0,5232.0,368.0,207.0,1000001.0,48750.0
Thursday,2,94105.0,Central,2,5846.0,15826.0,4601.0,3586.0,740900.0,163949.0
Thursday,2,94105.0,Southern,9,5846.0,15826.0,4601.0,3586.0,740900.0,163949.0
Thursday,2,94107.0,Bayview,6,26599.0,14845.0,15141.0,13736.0,719700.0,114439.0
Thursday,2,94107.0,Southern,4,26599.0,14845.0,15141.0,13736.0,719700.0,114439.0
Thursday,2,94108.0,Central,23,13768.0,50983.0,8843.0,7628.0,856900.0,35427.0
Thursday,2,94108.0,Out of SF,1,13768.0,50983.0,8843.0,7628.0,856900.0,35427.0
Thursday,2,94108.0,Tenderloin,2,13768.0,50983.0,8843.0,7628.0,856900.0,35427.0
Thursday,2,94109.0,Central,5,55984.0,47129.0,37182.0,33342.0,723200.0,60722.0
Thursday,2,94109.0,Northern,12,55984.0,47129.0,37182.0,33342.0,723200.0,60722.0
Thursday,2,94110.0,Bayview,4,69333.0,29816.0,28913.0,27128.0,768200.0,82111.0
Thursday,2,94110.0,Ingleside,6,69333.0,29816.0,28913.0,27128.0,768200.0,82111.0
Thursday,2,94110.0,Mission,55,69333.0,29816.0,28913.0,27128.0,768200.0,82111.0
Thursday,2,94111.0,Central,8,3713.0,10791.0,2811.0,2365.0,882000.0,89722.0
Thursday,2,94112.0,Ingleside,8,79407.0,23606.0,23081.0,21975.0,602400.0,71625.0
Thursday,2,94114.0,Mission,10,31124.0,21837.0,17634.0,16281.0,1000001.0,114689.0
Thursday,2,94115.0,Northern,2,33021.0,29596.0,18884.0,17289.0,965800.0,76952.0
Thursday,2,94115.0,Richmond,1,33021.0,29596.0,18884.0,17289.0,965800.0,76952.0
Thursday,2,94116.0,Taraval,3,43698.0,16901.0,16283.0,15445.0,734400.0,83407.0
Thursday,2,94117.0,Mission,2,39169.0,23211.0,19255.0,17939.0,911500.0,94479.0
Thursday,2,94117.0,Northern,5,39169.0,23211.0,19255.0,17939.0,911500.0,94479.0
Thursday,2,94117.0,Park,3,39169.0,23211.0,19255.0,17939.0,911500.0,94479.0
Thursday,2,94118.0,Park,2,38319.0,19663.0,18633.0,17171.0,1000001.0,82857.0
Thursday,2,94118.0,Richmond,11,38319.0,19663.0,18633.0,17171.0,1000001.0,82857.0
Thursday,2,94122.0,Park,1,56023.0,23699.0,23633.0,22162.0,774500.0,81768.0
Thursday,2,94122.0,Richmond,6,56023.0,23699.0,23633.0,22162.0,774500.0,81768.0
Thursday,2,94122.0,Taraval,6,56023.0,23699.0,23633.0,22162.0,774500.0,81768.0
Thursday,2,94123.0,Northern,8,23088.0,22622.0,15083.0,13717.0,1000001.0,112650.0
Thursday,2,94124.0,Bayview,20,33996.0,6901.0,10812.0,9717.0,470400.0,50146.0
Thursday,2,94127.0,Ingleside,1,19289.0,10895.0,7801.0,7511.0,916900.0,131351.0
Thursday,2,94127.0,Taraval,9,19289.0,10895.0,7801.0,7511.0,916900.0,131351.0
Thursday,2,94130.0,Southern,2,2880.0,3196.0,786.0,656.0,,37500.0
Thursday,2,94131.0,Ingleside,3,26881.0,12926.0,13427.0,12618.0,859700.0,96889.0
Thursday,2,94131.0,Mission,1,26881.0,12926.0,13427.0,12618.0,859700.0,96889.0
Thursday,2,94131.0,Park,2,26881.0,12926.0,13427.0,12618.0,859700.0,96889.0
Thursday,2,94132.0,Taraval,3,28129.0,9045.0,10769.0,9993.0,733100.0,69223.0
Thursday,2,94134.0,Bayview,5,40798.0,17001.0,11867.0,11244.0,547800.0,56716.0
Thursday,2,94134.0,Ingleside,2,40798.0,17001.0,11867.0,11244.0,547800.0,56716.0
Thursday,2,94158.0,Bayview,5,4792.0,7288.0,2482.0,2271.0,643900.0,82195.0
Thursday,2,94158.0,Mission,1,4792.0,7288.0,2482.0,2271.0,643900.0,82195.0
Thursday,2,94158.0,Southern,6,4792.0,7288.0,2482.0,2271.0,643900.0,82195.0
Thursday,3,94102.0,Mission,12,31176.0,46472.0,18758.0,16844.0,574100.0,22517.0
Thursday,3,94102.0,Northern,10,31176.0,46472.0,18758.0,16844.0,574100.0,22517.0
Thursday,3,94102.0,Southern,2,31176.0,46472.0,18758.0,16844.0,574100.0,22517.0
Thursday,3,94102.0,Tenderloin,3,31176.0,46472.0,18758.0,16844.0,574100.0,22517.0
Thursday,3,94103.0,Mission,3,27170.0,20036.0,14778.0,13098.0,628000.0,43364.0
Thursday,3,94103.0,Out of SF,8,27170.0,20036.0,14778.0,13098.0,628000.0,43364.0
Thursday,3,94103.0,Southern,17,27170.0,20036.0,14778.0,13098.0,628000.0,43364.0
Thursday,3,94103.0,Tenderloin,14,27170.0,20036.0,14778.0,13098.0,628000.0,43364.0
Thursday,3,94104.0,Central,11,406.0,5232.0,368.0,207.0,1000001.0,48750.0
Thursday,3,94104.0,Southern,1,406.0,5232.0,368.0,207.0,1000001.0,48750.0
Thursday,3,94105.0,Central,1,5846.0,15826.0,4601.0,3586.0,740900.0,163949.0
Thursday,3,94105.0,Southern,5,5846.0,15826.0,4601.0,3586.0,740900.0,163949.0
Thursday,3,94107.0,Mission,1,26599.0,14845.0,15141.0,13736.0,719700.0,114439.0
Thursday,3,94108.0,Central,21,13768.0,50983.0,8843.0,7628.0,856900.0,35427.0
Thursday,3,94108.0,Out of SF,2,13768.0,50983.0,8843.0,7628.0,856900.0,35427.0
Thursday,3,94108.0,Tenderloin,1,13768.0,50983.0,8843.0,7628.0,856900.0,35427.0
Thursday,3,94109.0,Central,3,55984.0,47129.0,37182.0,33342.0,723200.0,60722.0
Thursday,3,94109.0,Northern,19,55984.0,47129.0,37182.0,33342.0,723200.0,60722.0
Thursday,3,94110.0,Ingleside,3,69333.0,29816.0,28913.0,27128.0,768200.0,82111.0
Thursday,3,94110.0,Mission,40,69333.0,29816.0,28913.0,27128.0,768200.0,82111.0
Thursday,3,94110.0,Out of SF,1,69333.0,29816.0,28913.0,27128.0,768200.0,82111.0
Thursday,3,94111.0,Central,10,3713.0,10791.0,2811.0,2365.0,882000.0,89722.0
Thursday,3,94112.0,Ingleside,3,79407.0,23606.0,23081.0,21975.0,602400.0,71625.0
Thursday,3,94112.0,Taraval,1,79407.0,23606.0,23081.0,21975.0,602400.0,71625.0
Thursday,3,94114.0,Mission,7,31124.0,21837.0,17634.0,16281.0,1000001.0,114689.0
Thursday,3,94114.0,Park,1,31124.0,21837.0,17634.0,16281.0,1000001.0,114689.0
Thursday,3,94115.0,Northern,10,33021.0,29596.0,18884.0,17289.0,965800.0,76952.0
Thursday,3,94115.0,Richmond,2,33021.0,29596.0,18884.0,17289.0,965800.0,76952.0
Thursday,3,94116.0,Taraval,11,43698.0,16901.0,16283.0,15445.0,734400.0,83407.0
Thursday,3,94117.0,Mission,3,39169.0,23211.0,19255.0,17939.0,911500.0,94479.0
Thursday,3,94117.0,Northern,4,39169.0,23211.0,19255.0,17939.0,911500.0,94479.0
Thursday,3,94117.0,Park,7,39169.0,23211.0,19255.0,17939.0,911500.0,94479.0
Thursday,3,94118.0,Out of SF,3,38319.0,19663.0,18633.0,17171.0,1000001.0,82857.0
Thursday,3,94118.0,Park,1,38319.0,19663.0,18633.0,17171.0,1000001.0,82857.0
Thursday,3,94118.0,Richmond,7,38319.0,19663.0,18633.0,17171.0,1000001.0,82857.0
Thursday,3,94122.0,Richmond,3,56023.0,23699.0,23633.0,22162.0,774500.0,81768.0
Thursday,3,94122.0,Taraval,3,56023.0,23699.0,23633.0,22162.0,774500.0,81768.0
Thursday,3,94123.0,Northern,7,23088.0,22622.0,15083.0,13717.0,1000001.0,112650.0
Thursday,3,94124.0,Bayview,16,33996.0,6901.0,10812.0,9717.0,470400.0,50146.0
Thursday,3,94127.0,Ingleside,1,19289.0,10895.0,7801.0,7511.0,916900.0,131351.0
Thursday,3,94127.0,Taraval,2,19289.0,10895.0,7801.0,7511.0,916900.0,131351.0
Thursday,3,94130.0,Southern,2,2880.0,3196.0,786.0,656.0,,37500.0
Thursday,3,94131.0,Mission,1,26881.0,12926.0,13427.0,12618.0,859700.0,96889.0
Thursday,3,94131.0,Park,1,26881.0,12926.0,13427.0,12618.0,859700.0,96889.0
Thursday,3,94132.0,Southern,1,28129.0,9045.0,10769.0,9993.0,733100.0,69223.0
Thursday,3,94134.0,Bayview,4,40798.0,17001.0,11867.0,11244.0,547800.0,56716.0
Thursday,3,94134.0,Ingleside,7,40798.0,17001.0,11867.0,11244.0,547800.0,56716.0
Thursday,3,94158.0,Bayview,3,4792.0,7288.0,2482.0,2271.0,643900.0,82195.0
Thursday,3,94158.0,Mission,1,4792.0,7288.0,2482.0,2271.0,643900.0,82195.0
Thursday,3,94158.0,Southern,2,4792.0,7288.0,2482.0,2271.0,643900.0,82195.0
Thursday,4,94102.0,Mission,1,31176.0,46472.0,18758.0,16844.0,574100.0,22517.0
Thursday,4,94102.0,Northern,18,31176.0,46472.0,18758.0,16844.0,574100.0,22517.0
Thursday,4,94102.0,Southern,4,31176.0,46472.0,18758.0,16844.0,574100.0,22517.0
Thursday,4,94102.0,Tenderloin,2,31176.0,46472.0,18758.0,16844.0,574100.0,22517.0
Thursday,4,94103.0,Out of SF,2,27170.0,20036.0,14778.0,13098.0,628000.0,43364.0
Thursday,4,94103.0,Southern,7,27170.0,20036.0,14778.0,13098.0,628000.0,43364.0
Thursday,4,94103.0,Tenderloin,7,27170.0,20036.0,14778.0,13098.0,628000.0,43364.0
Thursday,4,94104.0,Central,14,406.0,5232.0,368.0,207.0,1000001.0,48750.0
Thursday,4,94105.0,Southern,1,5846.0,15826.0,4601.0,3586.0,740900.0,163949.0
Thursday,4,94107.0,Bayview,4,26599.0,14845.0,15141.0,13736.0,719700.0,114439.0
Thursday,4,94107.0,Southern,2,26599.0,14845.0,15141.0,13736.0,719700.0,114439.0
Thursday,4,94108.0,Central,9,13768.0,50983.0,8843.0,7628.0,856900.0,35427.0
Thursday,4,94108.0,Tenderloin,2,13768.0,50983.0,8843.0,7628.0,856900.0,35427.0
Thursday,4,94109.0,Central,9,55984.0,47129.0,37182.0,33342.0,723200.0,60722.0
Thursday,4,94109.0,Northern,15,55984.0,47129.0,37182.0,33342.0,723200.0,60722.0
Thursday,4,94109.0,Tenderloin,1,55984.0,47129.0,37182.0,33342.0,723200.0,60722.0
Thursday,4,94110.0,Bayview,2,69333.0,29816.0,28913.0,27128.0,768200.0,82111.0
Thursday,4,94110.0,Ingleside,5,69333.0,29816.0,28913.0,27128.0,768200.0,82111.0
Thursday,4,94110.0,Mission,21,69333.0,29816.0,28913.0,27128.0,768200.0,82111.0
Thursday,4,94111.0,Central,16,3713.0,10791.0,2811.0,2365.0,882000.0,89722.0
Thursday,4,94112.0,Ingleside,3,79407.0,23606.0,23081.0,21975.0,602400.0,71625.0
Thursday,4,94114.0,Mission,6,31124.0,21837.0,17634.0,16281.0,1000001.0,114689.0
Thursday,4,94114.0,Park,1,31124.0,21837.0,17634.0,16281.0,1000001.0,114689.0
Thursday,4,94115.0,Northern,4,33021.0,29596.0,18884.0,17289.0,965800.0,76952.0
Thursday,4,94115.0,Richmond,1,33021.0,29596.0,18884.0,17289.0,965800.0,76952.0
Thursday,4,94116.0,Taraval,3,43698.0,16901.0,16283.0,15445.0,734400.0,83407.0
Thursday,4,94117.0,Mission,1,39169.0,23211.0,19255.0,17939.0,911500.0,94479.0
Thursday,4,94117.0,Northern,4,39169.0,23211.0,19255.0,17939.0,911500.0,94479.0
Thursday,4,94117.0,Park,6,39169.0,23211.0,19255.0,17939.0,911500.0,94479.0
Thursday,4,94118.0,Richmond,4,38319.0,19663.0,18633.0,17171.0,1000001.0,82857.0
Thursday,4,94122.0,Mission,2,56023.0,23699.0,23633.0,22162.0,774500.0,81768.0
Thursday,4,94122.0,Richmond,2,56023.0,23699.0,23633.0,22162.0,774500.0,81768.0
Thursday,4,94122.0,Taraval,6,56023.0,23699.0,23633.0,22162.0,774500.0,81768.0
Thursday,4,94123.0,Northern,4,23088.0,22622.0,15083.0,13717.0,1000001.0,112650.0
Thursday,4,94124.0,Bayview,11,33996.0,6901.0,10812.0,9717.0,470400.0,50146.0
Thursday,4,94124.0,Central,1,33996.0,6901.0,10812.0,9717.0,470400.0,50146.0
Thursday,4,94127.0,Ingleside,1,19289.0,10895.0,7801.0,7511.0,916900.0,131351.0
Thursday,4,94130.0,Southern,1,2880.0,3196.0,786.0,656.0,,37500.0
Thursday,4,94131.0,Mission,3,26881.0,12926.0,13427.0,12618.0,859700.0,96889.0
Thursday,4,94131.0,Park,3,26881.0,12926.0,13427.0,12618.0,859700.0,96889.0
Thursday,4,94132.0,Taraval,1,28129.0,9045.0,10769.0,9993.0,733100.0,69223.0
Thursday,4,94134.0,Bayview,7,40798.0,17001.0,11867.0,11244.0,547800.0,56716.0
Thursday,4,94134.0,Ingleside,1,40798.0,17001.0,11867.0,11244.0,547800.0,56716.0
Thursday,4,94158.0,Bayview,5,4792.0,7288.0,2482.0,2271.0,643900.0,82195.0
Thursday,4,94158.0,Mission,2,4792.0,7288.0,2482.0,2271.0,643900.0,82195.0
Thursday,4,94158.0,Southern,3,4792.0,7288.0,2482.0,2271.0,643900.0,82195.0
Thursday,5,94102.0,Mission,5,31176.0,46472.0,18758.0,16844.0,574100.0,22517.0
Thursday,5,94102.0,Northern,9,31176.0,46472.0,18758.0,16844.0,574100.0,22517.0
Thursday,5,94102.0,Out of SF,1,31176.0,46472.0,18758.0,16844.0,574100.0,22517.0
Thursday,5,94102.0,Southern,1,31176.0,46472.0,18758.0,16844.0,574100.0,22517.0
Thursday,5,94102.0,Tenderloin,5,31176.0,46472.0,18758.0,16844.0,574100.0,22517.0
Thursday,5,94103.0,Mission,1,27170.0,20036.0,14778.0,13098.0,628000.0,43364.0
Thursday,5,94103.0,Southern,13,27170.0,20036.0,14778.0,13098.0,628000.0,43364.0
Thursday,5,94103.0,Tenderloin,11,27170.0,20036.0,14778.0,13098.0,628000.0,43364.0
Thursday,5,94104.0,Central,19,406.0,5232.0,368.0,207.0,1000001.0,48750.0
Thursday,5,94104.0,Southern,1,406.0,5232.0,368.0,207.0,1000001.0,48750.0
Thursday,5,94105.0,Southern,6,5846.0,15826.0,4601.0,3586.0,740900.0,163949.0
Thursday,5,94107.0,Bayview,2,26599.0,14845.0,15141.0,13736.0,719700.0,114439.0
Thursday,5,94107.0,Southern,1,26599.0,14845.0,15141.0,13736.0,719700.0,114439.0
Thursday,5,94108.0,Central,16,13768.0,50983.0,8843.0,7628.0,856900.0,35427.0
Thursday,5,94108.0,Tenderloin,3,13768.0,50983.0,8843.0,7628.0,856900.0,35427.0
Thursday,5,94109.0,Central,6,55984.0,47129.0,37182.0,33342.0,723200.0,60722.0
Thursday,5,94109.0,Northern,14,55984.0,47129.0,37182.0,33342.0,723200.0,60722.0
Thursday,5,94110.0,Bayview,4,69333.0,29816.0,28913.0,27128.0,768200.0,82111.0
Thursday,5,94110.0,Ingleside,7,69333.0,29816.0,28913.0,27128.0,768200.0,82111.0
Thursday,5,94110.0,Mission,19,69333.0,29816.0,28913.0,27128.0,768200.0,82111.0
Thursday,5,94111.0,Central,6,3713.0,10791.0,2811.0,2365.0,882000.0,89722.0
Thursday,5,94112.0,Ingleside,13,79407.0,23606.0,23081.0,21975.0,602400.0,71625.0
Thursday,5,94114.0,Mission,8,31124.0,21837.0,17634.0,16281.0,1000001.0,114689.0
Thursday,5,94114.0,Park,1,31124.0,21837.0,17634.0,16281.0,1000001.0,114689.0
Thursday,5,94115.0,Northern,9,33021.0,29596.0,18884.0,17289.0,965800.0,76952.0
Thursday,5,94115.0,Richmond,2,33021.0,29596.0,18884.0,17289.0,965800.0,76952.0
Thursday,5,94116.0,Taraval,14,43698.0,16901.0,16283.0,15445.0,734400.0,83407.0
Thursday,5,94117.0,Mission,2,39169.0,23211.0,19255.0,17939.0,911500.0,94479.0
Thursday,5,94117.0,Northern,5,39169.0,23211.0,19255.0,17939.0,911500.0,94479.0
Thursday,5,94117.0,Park,4,39169.0,23211.0,19255.0,17939.0,911500.0,94479.0
Thursday,5,94118.0,Park,1,38319.0,19663.0,18633.0,17171.0,1000001.0,82857.0
Thursday,5,94118.0,Richmond,14,38319.0,19663.0,18633.0,17171.0,1000001.0,82857.0
Thursday,5,94122.0,Richmond,3,56023.0,23699.0,23633.0,22162.0,774500.0,81768.0
Thursday,5,94122.0,Taraval,11,56023.0,23699.0,23633.0,22162.0,774500.0,81768.0
Thursday,5,94123.0,Northern,3,23088.0,22622.0,15083.0,13717.0,1000001.0,112650.0
Thursday,5,94124.0,Bayview,17,33996.0,6901.0,10812.0,9717.0,470400.0,50146.0
Thursday,5,94124.0,Out of SF,1,33996.0,6901.0,10812.0,9717.0,470400.0,50146.0
Thursday,5,94127.0,Ingleside,3,19289.0,10895.0,7801.0,7511.0,916900.0,131351.0
Thursday,5,94127.0,Taraval,5,19289.0,10895.0,7801.0,7511.0,916900.0,131351.0
Thursday,5,94134.0,Bayview,2,40798.0,17001.0,11867.0,11244.0,547800.0,56716.0
Thursday,5,94134.0,Ingleside,3,40798.0,17001.0,11867.0,11244.0,547800.0,56716.0
Thursday,5,94158.0,Bayview,1,4792.0,7288.0,2482.0,2271.0,643900.0,82195.0
Thursday,5,94158.0,Out of SF,1,4792.0,7288.0,2482.0,2271.0,643900.0,82195.0
Thursday,5,94158.0,Southern,3,4792.0,7288.0,2482.0,2271.0,643900.0,82195.0
Thursday,6,94102.0,Mission,7,31176.0,46472.0,18758.0,16844.0,574100.0,22517.0
Thursday,6,94102.0,Northern,16,31176.0,46472.0,18758.0,16844.0,574100.0,22517.0
Thursday,6,94102.0,Richmond,4,31176.0,46472.0,18758.0,16844.0,574100.0,22517.0
Thursday,6,94102.0,Southern,4,31176.0,46472.0,18758.0,16844.0,574100.0,22517.0
Thursday,6,94102.0,Tenderloin,17,31176.0,46472.0,18758.0,16844.0,574100.0,22517.0
Thursday,6,94103.0,Bayview,2,27170.0,20036.0,14778.0,13098.0,628000.0,43364.0
Thursday,6,94103.0,Mission,4,27170.0,20036.0,14778.0,13098.0,628000.0,43364.0
Thursday,6,94103.0,Out of SF,3,27170.0,20036.0,14778.0,13098.0,628000.0,43364.0
Thursday,6,94103.0,Southern,18,27170.0,20036.0,14778.0,13098.0,628000.0,43364.0
Thursday,6,94103.0,Tenderloin,17,27170.0,20036.0,14778.0,13098.0,628000.0,43364.0
Thursday,6,94104.0,Central,13,406.0,5232.0,368.0,207.0,1000001.0,48750.0
Thursday,6,94104.0,Southern,1,406.0,5232.0,368.0,207.0,1000001.0,48750.0
Thursday,6,94105.0,Central,4,5846.0,15826.0,4601.0,3586.0,740900.0,163949.0
Thursday,6,94105.0,Southern,13,5846.0,15826.0,4601.0,3586.0,740900.0,163949.0
Thursday,6,94107.0,Bayview,2,26599.0,14845.0,15141.0,13736.0,719700.0,114439.0
Thursday,6,94108.0,Central,15,13768.0,50983.0,8843.0,7628.0,856900.0,35427.0
Thursday,6,94108.0,Tenderloin,1,13768.0,50983.0,8843.0,7628.0,856900.0,35427.0
Thursday,6,94109.0,Central,5,55984.0,47129.0,37182.0,33342.0,723200.0,60722.0
Thursday,6,94109.0,Northern,19,55984.0,47129.0,37182.0,33342.0,723200.0,60722.0
Thursday,6,94109.0,Tenderloin,1,55984.0,47129.0,37182.0,33342.0,723200.0,60722.0
Thursday,6,94110.0,Bayview,2,69333.0,29816.0,28913.0,27128.0,768200.0,82111.0
Thursday,6,94110.0,Ingleside,2,69333.0,29816.0,28913.0,27128.0,768200.0,82111.0
Thursday,6,94110.0,Mission,20,69333.0,29816.0,28913.0,27128.0,768200.0,82111.0
Thursday,6,94111.0,Central,5,3713.0,10791.0,2811.0,2365.0,882000.0,89722.0
Thursday,6,94112.0,Ingleside,6,79407.0,23606.0,23081.0,21975.0,602400.0,71625.0
Thursday,6,94114.0,Mission,8,31124.0,21837.0,17634.0,16281.0,1000001.0,114689.0
Thursday,6,94114.0,Park,1,31124.0,21837.0,17634.0,16281.0,1000001.0,114689.0
Thursday,6,94115.0,Northern,10,33021.0,29596.0,18884.0,17289.0,965800.0,76952.0
Thursday,6,94115.0,Richmond,5,33021.0,29596.0,18884.0,17289.0,965800.0,76952.0
Thursday,6,94116.0,Taraval,6,43698.0,16901.0,16283.0,15445.0,734400.0,83407.0
Thursday,6,94117.0,Mission,7,39169.0,23211.0,19255.0,17939.0,911500.0,94479.0
Thursday,6,94117.0,Northern,3,39169.0,23211.0,19255.0,17939.0,911500.0,94479.0
Thursday,6,94117.0,Out of SF,2,39169.0,23211.0,19255.0,17939.0,911500.0,94479.0
Thursday,6,94117.0,Park,9,39169.0,23211.0,19255.0,17939.0,911500.0,94479.0
Thursday,6,94118.0,Park,1,38319.0,19663.0,18633.0,17171.0,1000001.0,82857.0
Thursday,6,94118.0,Richmond,7,38319.0,19663.0,18633.0,17171.0,1000001.0,82857.0
Thursday,6,94122.0,Park,1,56023.0,23699.0,23633.0,22162.0,774500.0,81768.0
Thursday,6,94122.0,Richmond,5,56023.0,23699.0,23633.0,22162.0,774500.0,81768.0
Thursday,6,94122.0,Taraval,6,56023.0,23699.0,23633.0,22162.0,774500.0,81768.0
Thursday,6,94123.0,Northern,10,23088.0,22622.0,15083.0,13717.0,1000001.0,112650.0
Thursday,6,94124.0,Bayview,17,33996.0,6901.0,10812.0,9717.0,470400.0,50146.0
Thursday,6,94127.0,Ingleside,1,19289.0,10895.0,7801.0,7511.0,916900.0,131351.0
Thursday,6,94127.0,Taraval,1,19289.0,10895.0,7801.0,7511.0,916900.0,131351.0
Thursday,6,94129.0,Central,1,3183.0,1381.0,1132.0,1086.0,,143320.0
Thursday,6,94130.0,Southern,1,2880.0,3196.0,786.0,656.0,,37500.0
Thursday,6,94131.0,Ingleside,4,26881.0,12926.0,13427.0,12618.0,859700.0,96889.0
Thursday,6,94131.0,Park,1,26881.0,12926.0,13427.0,12618.0,859700.0,96889.0
Thursday,6,94132.0,Ingleside,1,28129.0,9045.0,10769.0,9993.0,733100.0,69223.0
Thursday,6,94132.0,Taraval,10,28129.0,9045.0,10769.0,9993.0,733100.0,69223.0
Thursday,6,94134.0,Bayview,4,40798.0,17001.0,11867.0,11244.0,547800.0,56716.0
Thursday,6,94134.0,Ingleside,8,40798.0,17001.0,11867.0,11244.0,547800.0,56716.0
Thursday,6,94158.0,Bayview,3,4792.0,7288.0,2482.0,2271.0,643900.0,82195.0
Thursday,6,94158.0,Mission,3,4792.0,7288.0,2482.0,2271.0,643900.0,82195.0
Thursday,6,94158.0,Out of SF,1,4792.0,7288.0,2482.0,2271.0,643900.0,82195.0
Thursday,6,94158.0,Southern,9,4792.0,7288.0,2482.0,2271.0,643900.0,82195.0
Thursday,7,94102.0,Mission,11,31176.0,46472.0,18758.0,16844.0,574100.0,22517.0
Thursday,7,94102.0,Northern,21,31176.0,46472.0,18758.0,16844.0,574100.0,22517.0
Thursday,7,94102.0,Southern,8,31176.0,46472.0,18758.0,16844.0,574100.0,22517.0
Thursday,7,94102.0,Tenderloin,30,31176.0,46472.0,18758.0,16844.0,574100.0,22517.0
Thursday,7,94103.0,Mission,4,27170.0,20036.0,14778.0,13098.0,628000.0,43364.0
Thursday,7,94103.0,Southern,25,27170.0,20036.0,14778.0,13098.0,628000.0,43364.0
Thursday,7,94103.0,Tenderloin,44,27170.0,20036.0,14778.0,13098.0,628000.0,43364.0
Thursday,7,94104.0,Central,24,406.0,5232.0,368.0,207.0,1000001.0,48750.0
Thursday,7,94104.0,Southern,8,406.0,5232.0,368.0,207.0,1000001.0,48750.0
Thursday,7,94104.0,Tenderloin,2,406.0,5232.0,368.0,207.0,1000001.0,48750.0
Thursday,7,94105.0,Southern,20,5846.0,15826.0,4601.0,3586.0,740900.0,163949.0
Thursday,7,94107.0,Bayview,3,26599.0,14845.0,15141.0,13736.0,719700.0,114439.0
Thursday,7,94107.0,Southern,1,26599.0,14845.0,15141.0,13736.0,719700.0,114439.0
Thursday,7,94108.0,Central,27,13768.0,50983.0,8843.0,7628.0,856900.0,35427.0
Thursday,7,94108.0,Out of SF,2,13768.0,50983.0,8843.0,7628.0,856900.0,35427.0
Thursday,7,94108.0,Tenderloin,3,13768.0,50983.0,8843.0,7628.0,856900.0,35427.0
Thursday,7,94109.0,Central,9,55984.0,47129.0,37182.0,33342.0,723200.0,60722.0
Thursday,7,94109.0,Northern,35,55984.0,47129.0,37182.0,33342.0,723200.0,60722.0
Thursday,7,94109.0,Tenderloin,2,55984.0,47129.0,37182.0,33342.0,723200.0,60722.0
Thursday,7,94110.0,Bayview,5,69333.0,29816.0,28913.0,27128.0,768200.0,82111.0
Thursday,7,94110.0,Ingleside,11,69333.0,29816.0,28913.0,27128.0,768200.0,82111.0
Thursday,7,94110.0,Mission,27,69333.0,29816.0,28913.0,27128.0,768200.0,82111.0
Thursday,7,94110.0,Southern,1,69333.0,29816.0,28913.0,27128.0,768200.0,82111.0
Thursday,7,94111.0,Central,23,3713.0,10791.0,2811.0,2365.0,882000.0,89722.0
Thursday,7,94112.0,Ingleside,17,79407.0,23606.0,23081.0,21975.0,602400.0,71625.0
Thursday,7,94112.0,Out of SF,1,79407.0,23606.0,23081.0,21975.0,602400.0,71625.0
Thursday,7,94114.0,Mission,9,31124.0,21837.0,17634.0,16281.0,1000001.0,114689.0
Thursday,7,94114.0,Park,2,31124.0,21837.0,17634.0,16281.0,1000001.0,114689.0
Thursday,7,94115.0,Northern,9,33021.0,29596.0,18884.0,17289.0,965800.0,76952.0
Thursday,7,94115.0,Park,1,33021.0,29596.0,18884.0,17289.0,965800.0,76952.0
Thursday,7,94115.0,Richmond,7,33021.0,29596.0,18884.0,17289.0,965800.0,76952.0
Thursday,7,94115.0,Tenderloin,1,33021.0,29596.0,18884.0,17289.0,965800.0,76952.0
Thursday,7,94116.0,Taraval,6,43698.0,16901.0,16283.0,15445.0,734400.0,83407.0
Thursday,7,94117.0,Bayview,1,39169.0,23211.0,19255.0,17939.0,911500.0,94479.0
Thursday,7,94117.0,Mission,6,39169.0,23211.0,19255.0,17939.0,911500.0,94479.0
Thursday,7,94117.0,Northern,3,39169.0,23211.0,19255.0,17939.0,911500.0,94479.0
Thursday,7,94117.0,Park,13,39169.0,23211.0,19255.0,17939.0,911500.0,94479.0
Thursday,7,94118.0,Park,3,38319.0,19663.0,18633.0,17171.0,1000001.0,82857.0
Thursday,7,94118.0,Richmond,19,38319.0,19663.0,18633.0,17171.0,1000001.0,82857.0
Thursday,7,94122.0,Richmond,7,56023.0,23699.0,23633.0,22162.0,774500.0,81768.0
Thursday,7,94122.0,Taraval,14,56023.0,23699.0,23633.0,22162.0,774500.0,81768.0
Thursday,7,94123.0,Northern,18,23088.0,22622.0,15083.0,13717.0,1000001.0,112650.0
Thursday,7,94124.0,Bayview,22,33996.0,6901.0,10812.0,9717.0,470400.0,50146.0
Thursday,7,94127.0,Ingleside,3,19289.0,10895.0,7801.0,7511.0,916900.0,131351.0
Thursday,7,94127.0,Taraval,9,19289.0,10895.0,7801.0,7511.0,916900.0,131351.0
Thursday,7,94130.0,Southern,1,2880.0,3196.0,786.0,656.0,,37500.0
Thursday,7,94131.0,Ingleside,5,26881.0,12926.0,13427.0,12618.0,859700.0,96889.0
Thursday,7,94131.0,Mission,3,26881.0,12926.0,13427.0,12618.0,859700.0,96889.0
Thursday,7,94131.0,Park,1,26881.0,12926.0,13427.0,12618.0,859700.0,96889.0
Thursday,7,94132.0,Taraval,4,28129.0,9045.0,10769.0,9993.0,733100.0,69223.0
Thursday,7,94134.0,Bayview,7,40798.0,17001.0,11867.0,11244.0,547800.0,56716.0
Thursday,7,94134.0,Ingleside,7,40798.0,17001.0,11867.0,11244.0,547800.0,56716.0
Thursday,7,94134.0,Out of SF,1,40798.0,17001.0,11867.0,11244.0,547800.0,56716.0
Thursday,7,94158.0,Bayview,11,4792.0,7288.0,2482.0,2271.0,643900.0,82195.0
Thursday,7,94158.0,Mission,3,4792.0,7288.0,2482.0,2271.0,643900.0,82195.0
Thursday,7,94158.0,Southern,10,4792.0,7288.0,2482.0,2271.0,643900.0,82195.0
Thursday,8,94102.0,Mission,19,31176.0,46472.0,18758.0,16844.0,574100.0,22517.0
Thursday,8,94102.0,Northern,44,31176.0,46472.0,18758.0,16844.0,574100.0,22517.0
Thursday,8,94102.0,Out of SF,1,31176.0,46472.0,18758.0,16844.0,574100.0,22517.0
Thursday,8,94102.0,Park,4,31176.0,46472.0,18758.0,16844.0,574100.0,22517.0
Thursday,8,94102.0,Southern,10,31176.0,46472.0,18758.0,16844.0,574100.0,22517.0
Thursday,8,94102.0,Tenderloin,25,31176.0,46472.0,18758.0,16844.0,574100.0,22517.0
Thursday,8,94103.0,Ingleside,1,27170.0,20036.0,14778.0,13098.0,628000.0,43364.0
Thursday,8,94103.0,Mission,6,27170.0,20036.0,14778.0,13098.0,628000.0,43364.0
Thursday,8,94103.0,Out of SF,10,27170.0,20036.0,14778.0,13098.0,628000.0,43364.0
Thursday,8,94103.0,Southern,59,27170.0,20036.0,14778.0,13098.0,628000.0,43364.0
Thursday,8,94103.0,Tenderloin,54,27170.0,20036.0,14778.0,13098.0,628000.0,43364.0
Thursday,8,94104.0,Central,39,406.0,5232.0,368.0,207.0,1000001.0,48750.0
Thursday,8,94104.0,Northern,1,406.0,5232.0,368.0,207.0,1000001.0,48750.0
Thursday,8,94104.0,Southern,1,406.0,5232.0,368.0,207.0,1000001.0,48750.0
Thursday,8,94104.0,Tenderloin,1,406.0,5232.0,368.0,207.0,1000001.0,48750.0
Thursday,8,94105.0,Central,2,5846.0,15826.0,4601.0,3586.0,740900.0,163949.0
Thursday,8,94105.0,Southern,19,5846.0,15826.0,4601.0,3586.0,740900.0,163949.0
Thursday,8,94105.0,Tenderloin,1,5846.0,15826.0,4601.0,3586.0,740900.0,163949.0
Thursday,8,94107.0,Bayview,5,26599.0,14845.0,15141.0,13736.0,719700.0,114439.0
Thursday,8,94108.0,Central,35,13768.0,50983.0,8843.0,7628.0,856900.0,35427.0
Thursday,8,94108.0,Out of SF,5,13768.0,50983.0,8843.0,7628.0,856900.0,35427.0
Thursday,8,94108.0,Tenderloin,6,13768.0,50983.0,8843.0,7628.0,856900.0,35427.0
Thursday,8,94109.0,Central,18,55984.0,47129.0,37182.0,33342.0,723200.0,60722.0
Thursday,8,94109.0,Northern,28,55984.0,47129.0,37182.0,33342.0,723200.0,60722.0
Thursday,8,94109.0,Tenderloin,2,55984.0,47129.0,37182.0,33342.0,723200.0,60722.0
Thursday,8,94110.0,Bayview,17,69333.0,29816.0,28913.0,27128.0,768200.0,82111.0
Thursday,8,94110.0,Ingleside,13,69333.0,29816.0,28913.0,27128.0,768200.0,82111.0
Thursday,8,94110.0,Mission,35,69333.0,29816.0,28913.0,27128.0,768200.0,82111.0
Thursday,8,94110.0,Southern,1,69333.0,29816.0,28913.0,27128.0,768200.0,82111.0
Thursday,8,94111.0,Central,15,3713.0,10791.0,2811.0,2365.0,882000.0,89722.0
Thursday,8,94112.0,Ingleside,23,79407.0,23606.0,23081.0,21975.0,602400.0,71625.0
Thursday,8,94112.0,Taraval,3,79407.0,23606.0,23081.0,21975.0,602400.0,71625.0
Thursday,8,94114.0,Mission,19,31124.0,21837.0,17634.0,16281.0,1000001.0,114689.0
Thursday,8,94114.0,Park,2,31124.0,21837.0,17634.0,16281.0,1000001.0,114689.0
Thursday,8,94115.0,Northern,18,33021.0,29596.0,18884.0,17289.0,965800.0,76952.0
Thursday,8,94115.0,Richmond,3,33021.0,29596.0,18884.0,17289.0,965800.0,76952.0
Thursday,8,94116.0,Taraval,15,43698.0,16901.0,16283.0,15445.0,734400.0,83407.0
Thursday,8,94117.0,Mission,5,39169.0,23211.0,19255.0,17939.0,911500.0,94479.0
Thursday,8,94117.0,Northern,6,39169.0,23211.0,19255.0,17939.0,911500.0,94479.0
Thursday,8,94117.0,Park,37,39169.0,23211.0,19255.0,17939.0,911500.0,94479.0
Thursday,8,94118.0,Northern,1,38319.0,19663.0,18633.0,17171.0,1000001.0,82857.0
Thursday,8,94118.0,Out of SF,2,38319.0,19663.0,18633.0,17171.0,1000001.0,82857.0
Thursday,8,94118.0,Park,5,38319.0,19663.0,18633.0,17171.0,1000001.0,82857.0
Thursday,8,94118.0,Richmond,21,38319.0,19663.0,18633.0,17171.0,1000001.0,82857.0
Thursday,8,94118.0,Southern,1,38319.0,19663.0,18633.0,17171.0,1000001.0,82857.0
Thursday,8,94122.0,Richmond,17,56023.0,23699.0,23633.0,22162.0,774500.0,81768.0
Thursday,8,94122.0,Taraval,16,56023.0,23699.0,23633.0,22162.0,774500.0,81768.0
Thursday,8,94123.0,Central,2,23088.0,22622.0,15083.0,13717.0,1000001.0,112650.0
Thursday,8,94123.0,Northern,12,23088.0,22622.0,15083.0,13717.0,1000001.0,112650.0
Thursday,8,94124.0,Bayview,16,33996.0,6901.0,10812.0,9717.0,470400.0,50146.0
Thursday,8,94127.0,Ingleside,1,19289.0,10895.0,7801.0,7511.0,916900.0,131351.0
Thursday,8,94127.0,Taraval,3,19289.0,10895.0,7801.0,7511.0,916900.0,131351.0
Thursday,8,94129.0,Park,1,3183.0,1381.0,1132.0,1086.0,,143320.0
Thursday,8,94131.0,Bayview,2,26881.0,12926.0,13427.0,12618.0,859700.0,96889.0
Thursday,8,94131.0,Ingleside,2,26881.0,12926.0,13427.0,12618.0,859700.0,96889.0
Thursday,8,94131.0,Mission,2,26881.0,12926.0,13427.0,12618.0,859700.0,96889.0
Thursday,8,94131.0,Park,6,26881.0,12926.0,13427.0,12618.0,859700.0,96889.0
Thursday,8,94132.0,Taraval,19,28129.0,9045.0,10769.0,9993.0,733100.0,69223.0
Thursday,8,94134.0,Bayview,22,40798.0,17001.0,11867.0,11244.0,547800.0,56716.0
Thursday,8,94134.0,Ingleside,17,40798.0,17001.0,11867.0,11244.0,547800.0,56716.0
Thursday,8,94134.0,Richmond,1,40798.0,17001.0,11867.0,11244.0,547800.0,56716.0
Thursday,8,94158.0,Bayview,7,4792.0,7288.0,2482.0,2271.0,643900.0,82195.0
Thursday,8,94158.0,Southern,15,4792.0,7288.0,2482.0,2271.0,643900.0,82195.0
Thursday,9,94102.0,Mission,9,31176.0,46472.0,18758.0,16844.0,574100.0,22517.0
Thursday,9,94102.0,Northern,49,31176.0,46472.0,18758.0,16844.0,574100.0,22517.0
Thursday,9,94102.0,Park,9,31176.0,46472.0,18758.0,16844.0,574100.0,22517.0
Thursday,9,94102.0,Southern,11,31176.0,46472.0,18758.0,16844.0,574100.0,22517.0
Thursday,9,94102.0,Tenderloin,29,31176.0,46472.0,18758.0,16844.0,574100.0,22517.0
Thursday,9,94103.0,Central,1,27170.0,20036.0,14778.0,13098.0,628000.0,43364.0
Thursday,9,94103.0,Mission,5,27170.0,20036.0,14778.0,13098.0,628000.0,43364.0
Thursday,9,94103.0,Out of SF,5,27170.0,20036.0,14778.0,13098.0,628000.0,43364.0
Thursday,9,94103.0,Southern,60,27170.0,20036.0,14778.0,13098.0,628000.0,43364.0
Thursday,9,94103.0,Tenderloin,75,27170.0,20036.0,14778.0,13098.0,628000.0,43364.0
Thursday,9,94104.0,Central,34,406.0,5232.0,368.0,207.0,1000001.0,48750.0
Thursday,9,94104.0,Southern,3,406.0,5232.0,368.0,207.0,1000001.0,48750.0
Thursday,9,94104.0,Tenderloin,7,406.0,5232.0,368.0,207.0,1000001.0,48750.0
Thursday,9,94105.0,Central,3,5846.0,15826.0,4601.0,3586.0,740900.0,163949.0
Thursday,9,94105.0,Southern,14,5846.0,15826.0,4601.0,3586.0,740900.0,163949.0
Thursday,9,94107.0,Bayview,7,26599.0,14845.0,15141.0,13736.0,719700.0,114439.0
Thursday,9,94107.0,Southern,1,26599.0,14845.0,15141.0,13736.0,719700.0,114439.0
Thursday,9,94108.0,Central,38,13768.0,50983.0,8843.0,7628.0,856900.0,35427.0
Thursday,9,94108.0,Out of SF,3,13768.0,50983.0,8843.0,7628.0,856900.0,35427.0
Thursday,9,94108.0,Tenderloin,6,13768.0,50983.0,8843.0,7628.0,856900.0,35427.0
Thursday,9,94109.0,Central,13,55984.0,47129.0,37182.0,33342.0,723200.0,60722.0
Thursday,9,94109.0,Northern,19,55984.0,47129.0,37182.0,33342.0,723200.0,60722.0
Thursday,9,94109.0,Tenderloin,6,55984.0,47129.0,37182.0,33342.0,723200.0,60722.0
Thursday,9,94110.0,Bayview,12,69333.0,29816.0,28913.0,27128.0,768200.0,82111.0
Thursday,9,94110.0,Ingleside,11,69333.0,29816.0,28913.0,27128.0,768200.0,82111.0
Thursday,9,94110.0,Mission,50,69333.0,29816.0,28913.0,27128.0,768200.0,82111.0
Thursday,9,94110.0,Out of SF,3,69333.0,29816.0,28913.0,27128.0,768200.0,82111.0
Thursday,9,94111.0,Central,25,3713.0,10791.0,2811.0,2365.0,882000.0,89722.0
Thursday,9,94111.0,Northern,3,3713.0,10791.0,2811.0,2365.0,882000.0,89722.0
Thursday,9,94112.0,Ingleside,21,79407.0,23606.0,23081.0,21975.0,602400.0,71625.0
Thursday,9,94112.0,Taraval,7,79407.0,23606.0,23081.0,21975.0,602400.0,71625.0
Thursday,9,94114.0,Mission,7,31124.0,21837.0,17634.0,16281.0,1000001.0,114689.0
Thursday,9,94114.0,Park,8,31124.0,21837.0,17634.0,16281.0,1000001.0,114689.0
Thursday,9,94115.0,Northern,13,33021.0,29596.0,18884.0,17289.0,965800.0,76952.0
Thursday,9,94115.0,Richmond,5,33021.0,29596.0,18884.0,17289.0,965800.0,76952.0
Thursday,9,94116.0,Taraval,23,43698.0,16901.0,16283.0,15445.0,734400.0,83407.0
Thursday,9,94117.0,Mission,12,39169.0,23211.0,19255.0,17939.0,911500.0,94479.0
Thursday,9,94117.0,Northern,5,39169.0,23211.0,19255.0,17939.0,911500.0,94479.0
Thursday,9,94117.0,Out of SF,3,39169.0,23211.0,19255.0,17939.0,911500.0,94479.0
Thursday,9,94117.0,Park,22,39169.0,23211.0,19255.0,17939.0,911500.0,94479.0
Thursday,9,94118.0,Park,2,38319.0,19663.0,18633.0,17171.0,1000001.0,82857.0
Thursday,9,94118.0,Richmond,24,38319.0,19663.0,18633.0,17171.0,1000001.0,82857.0
Thursday,9,94122.0,Ingleside,1,56023.0,23699.0,23633.0,22162.0,774500.0,81768.0
Thursday,9,94122.0,Park,4,56023.0,23699.0,23633.0,22162.0,774500.0,81768.0
Thursday,9,94122.0,Richmond,18,56023.0,23699.0,23633.0,22162.0,774500.0,81768.0
Thursday,9,94122.0,Southern,1,56023.0,23699.0,23633.0,22162.0,774500.0,81768.0
Thursday,9,94122.0,Taraval,18,56023.0,23699.0,23633.0,22162.0,774500.0,81768.0
Thursday,9,94123.0,Northern,21,23088.0,22622.0,15083.0,13717.0,1000001.0,112650.0
Thursday,9,94124.0,Bayview,33,33996.0,6901.0,10812.0,9717.0,470400.0,50146.0
Thursday,9,94127.0,Ingleside,5,19289.0,10895.0,7801.0,7511.0,916900.0,131351.0
Thursday,9,94127.0,Taraval,3,19289.0,10895.0,7801.0,7511.0,916900.0,131351.0
Thursday,9,94130.0,Southern,2,2880.0,3196.0,786.0,656.0,,37500.0
Thursday,9,94131.0,Ingleside,3,26881.0,12926.0,13427.0,12618.0,859700.0,96889.0
Thursday,9,94131.0,Mission,4,26881.0,12926.0,13427.0,12618.0,859700.0,96889.0
Thursday,9,94131.0,Park,3,26881.0,12926.0,13427.0,12618.0,859700.0,96889.0
Thursday,9,94132.0,Taraval,12,28129.0,9045.0,10769.0,9993.0,733100.0,69223.0
Thursday,9,94134.0,Bayview,17,40798.0,17001.0,11867.0,11244.0,547800.0,56716.0
Thursday,9,94134.0,Ingleside,17,40798.0,17001.0,11867.0,11244.0,547800.0,56716.0
Thursday,9,94134.0,Out of SF,1,40798.0,17001.0,11867.0,11244.0,547800.0,56716.0
Thursday,9,94158.0,Bayview,19,4792.0,7288.0,2482.0,2271.0,643900.0,82195.0
Thursday,9,94158.0,Out of SF,1,4792.0,7288.0,2482.0,2271.0,643900.0,82195.0
Thursday,9,94158.0,Southern,17,4792.0,7288.0,2482.0,2271.0,643900.0,82195.0
Thursday,10,94102.0,Bayview,3,31176.0,46472.0,18758.0,16844.0,574100.0,22517.0
Thursday,10,94102.0,Central,1,31176.0,46472.0,18758.0,16844.0,574100.0,22517.0
Thursday,10,94102.0,Mission,7,31176.0,46472.0,18758.0,16844.0,574100.0,22517.0
Thursday,10,94102.0,Northern,51,31176.0,46472.0,18758.0,16844.0,574100.0,22517.0
Thursday,10,94102.0,Out of SF,3,31176.0,46472.0,18758.0,16844.0,574100.0,22517.0
Thursday,10,94102.0,Park,1,31176.0,46472.0,18758.0,16844.0,574100.0,22517.0
Thursday,10,94102.0,Southern,6,31176.0,46472.0,18758.0,16844.0,574100.0,22517.0
Thursday,10,94102.0,Tenderloin,29,31176.0,46472.0,18758.0,16844.0,574100.0,22517.0
Thursday,10,94103.0,Bayview,1,27170.0,20036.0,14778.0,13098.0,628000.0,43364.0
Thursday,10,94103.0,Ingleside,3,27170.0,20036.0,14778.0,13098.0,628000.0,43364.0
Thursday,10,94103.0,Mission,5,27170.0,20036.0,14778.0,13098.0,628000.0,43364.0
Thursday,10,94103.0,Out of SF,1,27170.0,20036.0,14778.0,13098.0,628000.0,43364.0
Thursday,10,94103.0,Southern,57,27170.0,20036.0,14778.0,13098.0,628000.0,43364.0
Thursday,10,94103.0,Tenderloin,54,27170.0,20036.0,14778.0,13098.0,628000.0,43364.0
Thursday,10,94104.0,Central,35,406.0,5232.0,368.0,207.0,1000001.0,48750.0
Thursday,10,94104.0,Southern,3,406.0,5232.0,368.0,207.0,1000001.0,48750.0
Thursday,10,94104.0,Tenderloin,4,406.0,5232.0,368.0,207.0,1000001.0,48750.0
Thursday,10,94105.0,Central,4,5846.0,15826.0,4601.0,3586.0,740900.0,163949.0
Thursday,10,94105.0,Southern,16,5846.0,15826.0,4601.0,3586.0,740900.0,163949.0
Thursday,10,94107.0,Bayview,2,26599.0,14845.0,15141.0,13736.0,719700.0,114439.0
Thursday,10,94107.0,Southern,4,26599.0,14845.0,15141.0,13736.0,719700.0,114439.0
Thursday,10,94108.0,Central,59,13768.0,50983.0,8843.0,7628.0,856900.0,35427.0
Thursday,10,94108.0,Tenderloin,5,13768.0,50983.0,8843.0,7628.0,856900.0,35427.0
Thursday,10,94109.0,Central,26,55984.0,47129.0,37182.0,33342.0,723200.0,60722.0
Thursday,10,94109.0,Northern,20,55984.0,47129.0,37182.0,33342.0,723200.0,60722.0
Thursday,10,94109.0,Tenderloin,1,55984.0,47129.0,37182.0,33342.0,723200.0,60722.0
Thursday,10,94110.0,Bayview,10,69333.0,29816.0,28913.0,27128.0,768200.0,82111.0
Thursday,10,94110.0,Ingleside,15,69333.0,29816.0,28913.0,27128.0,768200.0,82111.0
Thursday,10,94110.0,Mission,63,69333.0,29816.0,28913.0,27128.0,768200.0,82111.0
Thursday,10,94110.0,Out of SF,1,69333.0,29816.0,28913.0,27128.0,768200.0,82111.0
Thursday,10,94111.0,Central,45,3713.0,10791.0,2811.0,2365.0,882000.0,89722.0
Thursday,10,94111.0,Northern,1,3713.0,10791.0,2811.0,2365.0,882000.0,89722.0
Thursday,10,94112.0,Ingleside,35,79407.0,23606.0,23081.0,21975.0,602400.0,71625.0
Thursday,10,94112.0,Taraval,3,79407.0,23606.0,23081.0,21975.0,602400.0,71625.0
Thursday,10,94114.0,Mission,12,31124.0,21837.0,17634.0,16281.0,1000001.0,114689.0
Thursday,10,94114.0,Park,7,31124.0,21837.0,17634.0,16281.0,1000001.0,114689.0
Thursday,10,94114.0,Tenderloin,1,31124.0,21837.0,17634.0,16281.0,1000001.0,114689.0
Thursday,10,94115.0,Central,1,33021.0,29596.0,18884.0,17289.0,965800.0,76952.0
Thursday,10,94115.0,Northern,19,33021.0,29596.0,18884.0,17289.0,965800.0,76952.0
Thursday,10,94115.0,Park,1,33021.0,29596.0,18884.0,17289.0,965800.0,76952.0
Thursday,10,94115.0,Richmond,7,33021.0,29596.0,18884.0,17289.0,965800.0,76952.0
Thursday,10,94116.0,Taraval,29,43698.0,16901.0,16283.0,15445.0,734400.0,83407.0
Thursday,10,94117.0,Mission,3,39169.0,23211.0,19255.0,17939.0,911500.0,94479.0
Thursday,10,94117.0,Northern,6,39169.0,23211.0,19255.0,17939.0,911500.0,94479.0
Thursday,10,94117.0,Out of SF,3,39169.0,23211.0,19255.0,17939.0,911500.0,94479.0
Thursday,10,94117.0,Park,31,39169.0,23211.0,19255.0,17939.0,911500.0,94479.0
Thursday,10,94118.0,Out of SF,1,38319.0,19663.0,18633.0,17171.0,1000001.0,82857.0
Thursday,10,94118.0,Park,8,38319.0,19663.0,18633.0,17171.0,1000001.0,82857.0
Thursday,10,94118.0,Richmond,18,38319.0,19663.0,18633.0,17171.0,1000001.0,82857.0
Thursday,10,94122.0,Out of SF,1,56023.0,23699.0,23633.0,22162.0,774500.0,81768.0
Thursday,10,94122.0,Park,6,56023.0,23699.0,23633.0,22162.0,774500.0,81768.0
Thursday,10,94122.0,Richmond,34,56023.0,23699.0,23633.0,22162.0,774500.0,81768.0
Thursday,10,94122.0,Taraval,8,56023.0,23699.0,23633.0,22162.0,774500.0,81768.0
Thursday,10,94123.0,Northern,27,23088.0,22622.0,15083.0,13717.0,1000001.0,112650.0
Thursday,10,94124.0,Bayview,38,33996.0,6901.0,10812.0,9717.0,470400.0,50146.0
Thursday,10,94127.0,Ingleside,5,19289.0,10895.0,7801.0,7511.0,916900.0,131351.0
Thursday,10,94127.0,Taraval,10,19289.0,10895.0,7801.0,7511.0,916900.0,131351.0
Thursday,10,94129.0,Central,1,3183.0,1381.0,1132.0,1086.0,,143320.0
Thursday,10,94130.0,Southern,1,2880.0,3196.0,786.0,656.0,,37500.0
Thursday,10,94131.0,Central,2,26881.0,12926.0,13427.0,12618.0,859700.0,96889.0
Thursday,10,94131.0,Ingleside,3,26881.0,12926.0,13427.0,12618.0,859700.0,96889.0
Thursday,10,94131.0,Mission,6,26881.0,12926.0,13427.0,12618.0,859700.0,96889.0
Thursday,10,94131.0,Park,8,26881.0,12926.0,13427.0,12618.0,859700.0,96889.0
Thursday,10,94132.0,Taraval,15,28129.0,9045.0,10769.0,9993.0,733100.0,69223.0
Thursday,10,94134.0,Bayview,16,40798.0,17001.0,11867.0,11244.0,547800.0,56716.0
Thursday,10,94134.0,Ingleside,14,40798.0,17001.0,11867.0,11244.0,547800.0,56716.0
Thursday,10,94158.0,Bayview,15,4792.0,7288.0,2482.0,2271.0,643900.0,82195.0
Thursday,10,94158.0,Mission,5,4792.0,7288.0,2482.0,2271.0,643900.0,82195.0
Thursday,10,94158.0,Out of SF,1,4792.0,7288.0,2482.0,2271.0,643900.0,82195.0
Thursday,10,94158.0,Southern,17,4792.0,7288.0,2482.0,2271.0,643900.0,82195.0
Thursday,11,94102.0,Ingleside,1,31176.0,46472.0,18758.0,16844.0,574100.0,22517.0
Thursday,11,94102.0,Mission,12,31176.0,46472.0,18758.0,16844.0,574100.0,22517.0
Thursday,11,94102.0,Northern,35,31176.0,46472.0,18758.0,16844.0,574100.0,22517.0
Thursday,11,94102.0,Southern,11,31176.0,46472.0,18758.0,16844.0,574100.0,22517.0
Thursday,11,94102.0,Tenderloin,45,31176.0,46472.0,18758.0,16844.0,574100.0,22517.0
Thursday,11,94103.0,Bayview,1,27170.0,20036.0,14778.0,13098.0,628000.0,43364.0
Thursday,11,94103.0,Central,1,27170.0,20036.0,14778.0,13098.0,628000.0,43364.0
Thursday,11,94103.0,Ingleside,1,27170.0,20036.0,14778.0,13098.0,628000.0,43364.0
Thursday,11,94103.0,Mission,3,27170.0,20036.0,14778.0,13098.0,628000.0,43364.0
Thursday,11,94103.0,Northern,1,27170.0,20036.0,14778.0,13098.0,628000.0,43364.0
Thursday,11,94103.0,Out of SF,4,27170.0,20036.0,14778.0,13098.0,628000.0,43364.0
Thursday,11,94103.0,Southern,73,27170.0,20036.0,14778.0,13098.0,628000.0,43364.0
Thursday,11,94103.0,Tenderloin,69,27170.0,20036.0,14778.0,13098.0,628000.0,43364.0
Thursday,11,94104.0,Central,37,406.0,5232.0,368.0,207.0,1000001.0,48750.0
Thursday,11,94104.0,Southern,5,406.0,5232.0,368.0,207.0,1000001.0,48750.0
Thursday,11,94104.0,Tenderloin,3,406.0,5232.0,368.0,207.0,1000001.0,48750.0
Thursday,11,94105.0,Central,1,5846.0,15826.0,4601.0,3586.0,740900.0,163949.0
Thursday,11,94105.0,Southern,25,5846.0,15826.0,4601.0,3586.0,740900.0,163949.0
Thursday,11,94107.0,Bayview,3,26599.0,14845.0,15141.0,13736.0,719700.0,114439.0
Thursday,11,94107.0,Southern,4,26599.0,14845.0,15141.0,13736.0,719700.0,114439.0
Thursday,11,94108.0,Central,48,13768.0,50983.0,8843.0,7628.0,856900.0,35427.0
Thursday,11,94108.0,Out of SF,6,13768.0,50983.0,8843.0,7628.0,856900.0,35427.0
Thursday,11,94108.0,Tenderloin,7,13768.0,50983.0,8843.0,7628.0,856900.0,35427.0
Thursday,11,94109.0,Central,5,55984.0,47129.0,37182.0,33342.0,723200.0,60722.0
Thursday,11,94109.0,Northern,31,55984.0,47129.0,37182.0,33342.0,723200.0,60722.0
Thursday,11,94109.0,Tenderloin,1,55984.0,47129.0,37182.0,33342.0,723200.0,60722.0
Thursday,11,94110.0,Bayview,5,69333.0,29816.0,28913.0,27128.0,768200.0,82111.0
Thursday,11,94110.0,Ingleside,19,69333.0,29816.0,28913.0,27128.0,768200.0,82111.0
Thursday,11,94110.0,Mission,43,69333.0,29816.0,28913.0,27128.0,768200.0,82111.0
Thursday,11,94110.0,Out of SF,1,69333.0,29816.0,28913.0,27128.0,768200.0,82111.0
Thursday,11,94110.0,Park,1,69333.0,29816.0,28913.0,27128.0,768200.0,82111.0
Thursday,11,94111.0,Central,56,3713.0,10791.0,2811.0,2365.0,882000.0,89722.0
Thursday,11,94112.0,Ingleside,21,79407.0,23606.0,23081.0,21975.0,602400.0,71625.0
Thursday,11,94112.0,Out of SF,2,79407.0,23606.0,23081.0,21975.0,602400.0,71625.0
Thursday,11,94112.0,Taraval,2,79407.0,23606.0,23081.0,21975.0,602400.0,71625.0
Thursday,11,94114.0,Bayview,2,31124.0,21837.0,17634.0,16281.0,1000001.0,114689.0
Thursday,11,94114.0,Mission,13,31124.0,21837.0,17634.0,16281.0,1000001.0,114689.0
Thursday,11,94114.0,Park,11,31124.0,21837.0,17634.0,16281.0,1000001.0,114689.0
Thursday,11,94115.0,Northern,15,33021.0,29596.0,18884.0,17289.0,965800.0,76952.0
Thursday,11,94115.0,Park,2,33021.0,29596.0,18884.0,17289.0,965800.0,76952.0
Thursday,11,94115.0,Richmond,5,33021.0,29596.0,18884.0,17289.0,965800.0,76952.0
Thursday,11,94116.0,Taraval,23,43698.0,16901.0,16283.0,15445.0,734400.0,83407.0
Thursday,11,94117.0,Mission,5,39169.0,23211.0,19255.0,17939.0,911500.0,94479.0
Thursday,11,94117.0,Northern,25,39169.0,23211.0,19255.0,17939.0,911500.0,94479.0
Thursday,11,94117.0,Park,15,39169.0,23211.0,19255.0,17939.0,911500.0,94479.0
Thursday,11,94117.0,Richmond,1,39169.0,23211.0,19255.0,17939.0,911500.0,94479.0
Thursday,11,94118.0,Out of SF,1,38319.0,19663.0,18633.0,17171.0,1000001.0,82857.0
Thursday,11,94118.0,Park,13,38319.0,19663.0,18633.0,17171.0,1000001.0,82857.0
Thursday,11,94118.0,Richmond,28,38319.0,19663.0,18633.0,17171.0,1000001.0,82857.0
Thursday,11,94122.0,Park,6,56023.0,23699.0,23633.0,22162.0,774500.0,81768.0
Thursday,11,94122.0,Richmond,32,56023.0,23699.0,23633.0,22162.0,774500.0,81768.0
Thursday,11,94122.0,Taraval,18,56023.0,23699.0,23633.0,22162.0,774500.0,81768.0
Thursday,11,94123.0,Northern,24,23088.0,22622.0,15083.0,13717.0,1000001.0,112650.0
Thursday,11,94124.0,Bayview,43,33996.0,6901.0,10812.0,9717.0,470400.0,50146.0
Thursday,11,94124.0,Northern,1,33996.0,6901.0,10812.0,9717.0,470400.0,50146.0
Thursday,11,94127.0,Ingleside,8,19289.0,10895.0,7801.0,7511.0,916900.0,131351.0
Thursday,11,94127.0,Taraval,9,19289.0,10895.0,7801.0,7511.0,916900.0,131351.0
Thursday,11,94130.0,Southern,3,2880.0,3196.0,786.0,656.0,,37500.0
Thursday,11,94131.0,Ingleside,4,26881.0,12926.0,13427.0,12618.0,859700.0,96889.0
Thursday,11,94131.0,Mission,5,26881.0,12926.0,13427.0,12618.0,859700.0,96889.0
Thursday,11,94131.0,Park,3,26881.0,12926.0,13427.0,12618.0,859700.0,96889.0
Thursday,11,94132.0,Taraval,10,28129.0,9045.0,10769.0,9993.0,733100.0,69223.0
Thursday,11,94134.0,Bayview,14,40798.0,17001.0,11867.0,11244.0,547800.0,56716.0
Thursday,11,94134.0,Ingleside,11,40798.0,17001.0,11867.0,11244.0,547800.0,56716.0
Thursday,11,94158.0,Bayview,5,4792.0,7288.0,2482.0,2271.0,643900.0,82195.0
Thursday,11,94158.0,Mission,3,4792.0,7288.0,2482.0,2271.0,643900.0,82195.0
Thursday,11,94158.0,Out of SF,5,4792.0,7288.0,2482.0,2271.0,643900.0,82195.0
Thursday,11,94158.0,Southern,11,4792.0,7288.0,2482.0,2271.0,643900.0,82195.0
Thursday,12,94102.0,Mission,23,31176.0,46472.0,18758.0,16844.0,574100.0,22517.0
Thursday,12,94102.0,Northern,47,31176.0,46472.0,18758.0,16844.0,574100.0,22517.0
Thursday,12,94102.0,Southern,12,31176.0,46472.0,18758.0,16844.0,574100.0,22517.0
Thursday,12,94102.0,Tenderloin,41,31176.0,46472.0,18758.0,16844.0,574100.0,22517.0
Thursday,12,94103.0,Mission,14,27170.0,20036.0,14778.0,13098.0,628000.0,43364.0
Thursday,12,94103.0,Out of SF,3,27170.0,20036.0,14778.0,13098.0,628000.0,43364.0
Thursday,12,94103.0,Southern,51,27170.0,20036.0,14778.0,13098.0,628000.0,43364.0
Thursday,12,94103.0,Taraval,1,27170.0,20036.0,14778.0,13098.0,628000.0,43364.0
Thursday,12,94103.0,Tenderloin,74,27170.0,20036.0,14778.0,13098.0,628000.0,43364.0
Thursday,12,94104.0,Central,63,406.0,5232.0,368.0,207.0,1000001.0,48750.0
Thursday,12,94104.0,Tenderloin,3,406.0,5232.0,368.0,207.0,1000001.0,48750.0
Thursday,12,94105.0,Central,17,5846.0,15826.0,4601.0,3586.0,740900.0,163949.0
Thursday,12,94105.0,Out of SF,2,5846.0,15826.0,4601.0,3586.0,740900.0,163949.0
Thursday,12,94105.0,Southern,32,5846.0,15826.0,4601.0,3586.0,740900.0,163949.0
Thursday,12,94107.0,Bayview,5,26599.0,14845.0,15141.0,13736.0,719700.0,114439.0
Thursday,12,94107.0,Southern,3,26599.0,14845.0,15141.0,13736.0,719700.0,114439.0
Thursday,12,94108.0,Central,79,13768.0,50983.0,8843.0,7628.0,856900.0,35427.0
Thursday,12,94108.0,Out of SF,1,13768.0,50983.0,8843.0,7628.0,856900.0,35427.0
Thursday,12,94108.0,Tenderloin,9,13768.0,50983.0,8843.0,7628.0,856900.0,35427.0
Thursday,12,94109.0,Central,19,55984.0,47129.0,37182.0,33342.0,723200.0,60722.0
Thursday,12,94109.0,Northern,27,55984.0,47129.0,37182.0,33342.0,723200.0,60722.0
Thursday,12,94109.0,Tenderloin,3,55984.0,47129.0,37182.0,33342.0,723200.0,60722.0
Thursday,12,94110.0,Bayview,7,69333.0,29816.0,28913.0,27128.0,768200.0,82111.0
Thursday,12,94110.0,Ingleside,20,69333.0,29816.0,28913.0,27128.0,768200.0,82111.0
Thursday,12,94110.0,Mission,53,69333.0,29816.0,28913.0,27128.0,768200.0,82111.0
Thursday,12,94110.0,Out of SF,4,69333.0,29816.0,28913.0,27128.0,768200.0,82111.0
Thursday,12,94110.0,Tenderloin,1,69333.0,29816.0,28913.0,27128.0,768200.0,82111.0
Thursday,12,94111.0,Central,50,3713.0,10791.0,2811.0,2365.0,882000.0,89722.0
Thursday,12,94112.0,Ingleside,26,79407.0,23606.0,23081.0,21975.0,602400.0,71625.0
Thursday,12,94112.0,Out of SF,3,79407.0,23606.0,23081.0,21975.0,602400.0,71625.0
Thursday,12,94112.0,Taraval,2,79407.0,23606.0,23081.0,21975.0,602400.0,71625.0
Thursday,12,94114.0,Ingleside,1,31124.0,21837.0,17634.0,16281.0,1000001.0,114689.0
Thursday,12,94114.0,Mission,6,31124.0,21837.0,17634.0,16281.0,1000001.0,114689.0
Thursday,12,94114.0,Park,9,31124.0,21837.0,17634.0,16281.0,1000001.0,114689.0
Thursday,12,94115.0,Northern,18,33021.0,29596.0,18884.0,17289.0,965800.0,76952.0
Thursday,12,94115.0,Park,2,33021.0,29596.0,18884.0,17289.0,965800.0,76952.0
Thursday,12,94115.0,Richmond,10,33021.0,29596.0,18884.0,17289.0,965800.0,76952.0
Thursday,12,94116.0,Out of SF,2,43698.0,16901.0,16283.0,15445.0,734400.0,83407.0
Thursday,12,94116.0,Richmond,1,43698.0,16901.0,16283.0,15445.0,734400.0,83407.0
Thursday,12,94116.0,Taraval,43,43698.0,16901.0,16283.0,15445.0,734400.0,83407.0
Thursday,12,94117.0,Mission,4,39169.0,23211.0,19255.0,17939.0,911500.0,94479.0
Thursday,12,94117.0,Northern,16,39169.0,23211.0,19255.0,17939.0,911500.0,94479.0
Thursday,12,94117.0,Park,32,39169.0,23211.0,19255.0,17939.0,911500.0,94479.0
Thursday,12,94118.0,Park,9,38319.0,19663.0,18633.0,17171.0,1000001.0,82857.0
Thursday,12,94118.0,Richmond,44,38319.0,19663.0,18633.0,17171.0,1000001.0,82857.0
Thursday,12,94122.0,Park,2,56023.0,23699.0,23633.0,22162.0,774500.0,81768.0
Thursday,12,94122.0,Richmond,26,56023.0,23699.0,23633.0,22162.0,774500.0,81768.0
Thursday,12,94122.0,Southern,1,56023.0,23699.0,23633.0,22162.0,774500.0,81768.0
Thursday,12,94122.0,Taraval,27,56023.0,23699.0,23633.0,22162.0,774500.0,81768.0
Thursday,12,94123.0,Central,1,23088.0,22622.0,15083.0,13717.0,1000001.0,112650.0
Thursday,12,94123.0,Northern,36,23088.0,22622.0,15083.0,13717.0,1000001.0,112650.0
Thursday,12,94124.0,Bayview,53,33996.0,6901.0,10812.0,9717.0,470400.0,50146.0
Thursday,12,94124.0,Central,1,33996.0,6901.0,10812.0,9717.0,470400.0,50146.0
Thursday,12,94124.0,Ingleside,1,33996.0,6901.0,10812.0,9717.0,470400.0,50146.0
Thursday,12,94127.0,Ingleside,10,19289.0,10895.0,7801.0,7511.0,916900.0,131351.0
Thursday,12,94127.0,Out of SF,2,19289.0,10895.0,7801.0,7511.0,916900.0,131351.0
Thursday,12,94127.0,Taraval,15,19289.0,10895.0,7801.0,7511.0,916900.0,131351.0
Thursday,12,94129.0,Central,2,3183.0,1381.0,1132.0,1086.0,,143320.0
Thursday,12,94130.0,Central,1,2880.0,3196.0,786.0,656.0,,37500.0
Thursday,12,94130.0,Southern,10,2880.0,3196.0,786.0,656.0,,37500.0
Thursday,12,94131.0,Ingleside,7,26881.0,12926.0,13427.0,12618.0,859700.0,96889.0
Thursday,12,94131.0,Mission,5,26881.0,12926.0,13427.0,12618.0,859700.0,96889.0
Thursday,12,94131.0,Park,6,26881.0,12926.0,13427.0,12618.0,859700.0,96889.0
Thursday,12,94132.0,Taraval,25,28129.0,9045.0,10769.0,9993.0,733100.0,69223.0
Thursday,12,94134.0,Bayview,22,40798.0,17001.0,11867.0,11244.0,547800.0,56716.0
Thursday,12,94134.0,Ingleside,26,40798.0,17001.0,11867.0,11244.0,547800.0,56716.0
Thursday,12,94158.0,Bayview,15,4792.0,7288.0,2482.0,2271.0,643900.0,82195.0
Thursday,12,94158.0,Mission,1,4792.0,7288.0,2482.0,2271.0,643900.0,82195.0
Thursday,12,94158.0,Out of SF,4,4792.0,7288.0,2482.0,2271.0,643900.0,82195.0
Thursday,12,94158.0,Southern,32,4792.0,7288.0,2482.0,2271.0,643900.0,82195.0
Thursday,13,94102.0,Ingleside,1,31176.0,46472.0,18758.0,16844.0,574100.0,22517.0
Thursday,13,94102.0,Mission,26,31176.0,46472.0,18758.0,16844.0,574100.0,22517.0
Thursday,13,94102.0,Northern,57,31176.0,46472.0,18758.0,16844.0,574100.0,22517.0
Thursday,13,94102.0,Southern,16,31176.0,46472.0,18758.0,16844.0,574100.0,22517.0
Thursday,13,94102.0,Tenderloin,35,31176.0,46472.0,18758.0,16844.0,574100.0,22517.0
Thursday,13,94103.0,Central,1,27170.0,20036.0,14778.0,13098.0,628000.0,43364.0
Thursday,13,94103.0,Ingleside,2,27170.0,20036.0,14778.0,13098.0,628000.0,43364.0
Thursday,13,94103.0,Mission,5,27170.0,20036.0,14778.0,13098.0,628000.0,43364.0
Thursday,13,94103.0,Out of SF,3,27170.0,20036.0,14778.0,13098.0,628000.0,43364.0
Thursday,13,94103.0,Southern,55,27170.0,20036.0,14778.0,13098.0,628000.0,43364.0
Thursday,13,94103.0,Tenderloin,85,27170.0,20036.0,14778.0,13098.0,628000.0,43364.0
Thursday,13,94104.0,Central,32,406.0,5232.0,368.0,207.0,1000001.0,48750.0
Thursday,13,94104.0,Southern,2,406.0,5232.0,368.0,207.0,1000001.0,48750.0
Thursday,13,94104.0,Tenderloin,3,406.0,5232.0,368.0,207.0,1000001.0,48750.0
Thursday,13,94105.0,Central,3,5846.0,15826.0,4601.0,3586.0,740900.0,163949.0
Thursday,13,94105.0,Southern,18,5846.0,15826.0,4601.0,3586.0,740900.0,163949.0
Thursday,13,94107.0,Bayview,3,26599.0,14845.0,15141.0,13736.0,719700.0,114439.0
Thursday,13,94107.0,Southern,2,26599.0,14845.0,15141.0,13736.0,719700.0,114439.0
Thursday,13,94108.0,Central,58,13768.0,50983.0,8843.0,7628.0,856900.0,35427.0
Thursday,13,94108.0,Tenderloin,8,13768.0,50983.0,8843.0,7628.0,856900.0,35427.0
Thursday,13,94109.0,Central,6,55984.0,47129.0,37182.0,33342.0,723200.0,60722.0
Thursday,13,94109.0,Northern,23,55984.0,47129.0,37182.0,33342.0,723200.0,60722.0
Thursday,13,94109.0,Tenderloin,7,55984.0,47129.0,37182.0,33342.0,723200.0,60722.0
Thursday,13,94110.0,Bayview,6,69333.0,29816.0,28913.0,27128.0,768200.0,82111.0
Thursday,13,94110.0,Ingleside,14,69333.0,29816.0,28913.0,27128.0,768200.0,82111.0
Thursday,13,94110.0,Mission,38,69333.0,29816.0,28913.0,27128.0,768200.0,82111.0
Thursday,13,94111.0,Central,48,3713.0,10791.0,2811.0,2365.0,882000.0,89722.0
Thursday,13,94111.0,Northern,5,3713.0,10791.0,2811.0,2365.0,882000.0,89722.0
Thursday,13,94112.0,Ingleside,30,79407.0,23606.0,23081.0,21975.0,602400.0,71625.0
Thursday,13,94112.0,Taraval,2,79407.0,23606.0,23081.0,21975.0,602400.0,71625.0
Thursday,13,94114.0,Ingleside,3,31124.0,21837.0,17634.0,16281.0,1000001.0,114689.0
Thursday,13,94114.0,Mission,22,31124.0,21837.0,17634.0,16281.0,1000001.0,114689.0
Thursday,13,94114.0,Park,2,31124.0,21837.0,17634.0,16281.0,1000001.0,114689.0
Thursday,13,94114.0,Taraval,1,31124.0,21837.0,17634.0,16281.0,1000001.0,114689.0
Thursday,13,94115.0,Northern,25,33021.0,29596.0,18884.0,17289.0,965800.0,76952.0
Thursday,13,94115.0,Richmond,3,33021.0,29596.0,18884.0,17289.0,965800.0,76952.0
Thursday,13,94116.0,Taraval,19,43698.0,16901.0,16283.0,15445.0,734400.0,83407.0
Thursday,13,94117.0,Mission,4,39169.0,23211.0,19255.0,17939.0,911500.0,94479.0
Thursday,13,94117.0,Northern,15,39169.0,23211.0,19255.0,17939.0,911500.0,94479.0
Thursday,13,94117.0,Out of SF,1,39169.0,23211.0,19255.0,17939.0,911500.0,94479.0
Thursday,13,94117.0,Park,21,39169.0,23211.0,19255.0,17939.0,911500.0,94479.0
Thursday,13,94118.0,Northern,1,38319.0,19663.0,18633.0,17171.0,1000001.0,82857.0
Thursday,13,94118.0,Park,9,38319.0,19663.0,18633.0,17171.0,1000001.0,82857.0
Thursday,13,94118.0,Richmond,31,38319.0,19663.0,18633.0,17171.0,1000001.0,82857.0
Thursday,13,94122.0,Park,3,56023.0,23699.0,23633.0,22162.0,774500.0,81768.0
Thursday,13,94122.0,Richmond,28,56023.0,23699.0,23633.0,22162.0,774500.0,81768.0
Thursday,13,94122.0,Taraval,14,56023.0,23699.0,23633.0,22162.0,774500.0,81768.0
Thursday,13,94123.0,Central,3,23088.0,22622.0,15083.0,13717.0,1000001.0,112650.0
Thursday,13,94123.0,Northern,29,23088.0,22622.0,15083.0,13717.0,1000001.0,112650.0
Thursday,13,94123.0,Richmond,1,23088.0,22622.0,15083.0,13717.0,1000001.0,112650.0
Thursday,13,94124.0,Bayview,34,33996.0,6901.0,10812.0,9717.0,470400.0,50146.0
Thursday,13,94124.0,Central,2,33996.0,6901.0,10812.0,9717.0,470400.0,50146.0
Thursday,13,94124.0,Mission,1,33996.0,6901.0,10812.0,9717.0,470400.0,50146.0
Thursday,13,94127.0,Ingleside,5,19289.0,10895.0,7801.0,7511.0,916900.0,131351.0
Thursday,13,94127.0,Taraval,8,19289.0,10895.0,7801.0,7511.0,916900.0,131351.0
Thursday,13,94131.0,Ingleside,4,26881.0,12926.0,13427.0,12618.0,859700.0,96889.0
Thursday,13,94131.0,Mission,5,26881.0,12926.0,13427.0,12618.0,859700.0,96889.0
Thursday,13,94131.0,Park,2,26881.0,12926.0,13427.0,12618.0,859700.0,96889.0
Thursday,13,94132.0,Richmond,1,28129.0,9045.0,10769.0,9993.0,733100.0,69223.0
Thursday,13,94132.0,Taraval,14,28129.0,9045.0,10769.0,9993.0,733100.0,69223.0
Thursday,13,94134.0,Bayview,18,40798.0,17001.0,11867.0,11244.0,547800.0,56716.0
Thursday,13,94134.0,Ingleside,11,40798.0,17001.0,11867.0,11244.0,547800.0,56716.0
Thursday,13,94158.0,Bayview,11,4792.0,7288.0,2482.0,2271.0,643900.0,82195.0
Thursday,13,94158.0,Mission,4,4792.0,7288.0,2482.0,2271.0,643900.0,82195.0
Thursday,13,94158.0,Southern,10,4792.0,7288.0,2482.0,2271.0,643900.0,82195.0
Thursday,14,94102.0,Mission,13,31176.0,46472.0,18758.0,16844.0,574100.0,22517.0
Thursday,14,94102.0,Northern,55,31176.0,46472.0,18758.0,16844.0,574100.0,22517.0
Thursday,14,94102.0,Park,2,31176.0,46472.0,18758.0,16844.0,574100.0,22517.0
Thursday,14,94102.0,Southern,14,31176.0,46472.0,18758.0,16844.0,574100.0,22517.0
Thursday,14,94102.0,Tenderloin,38,31176.0,46472.0,18758.0,16844.0,574100.0,22517.0
Thursday,14,94103.0,Bayview,2,27170.0,20036.0,14778.0,13098.0,628000.0,43364.0
Thursday,14,94103.0,Central,3,27170.0,20036.0,14778.0,13098.0,628000.0,43364.0
Thursday,14,94103.0,Ingleside,2,27170.0,20036.0,14778.0,13098.0,628000.0,43364.0
Thursday,14,94103.0,Mission,15,27170.0,20036.0,14778.0,13098.0,628000.0,43364.0
Thursday,14,94103.0,Out of SF,3,27170.0,20036.0,14778.0,13098.0,628000.0,43364.0
Thursday,14,94103.0,Southern,64,27170.0,20036.0,14778.0,13098.0,628000.0,43364.0
Thursday,14,94103.0,Tenderloin,94,27170.0,20036.0,14778.0,13098.0,628000.0,43364.0
Thursday,14,94104.0,Central,39,406.0,5232.0,368.0,207.0,1000001.0,48750.0
Thursday,14,94104.0,Southern,2,406.0,5232.0,368.0,207.0,1000001.0,48750.0
Thursday,14,94104.0,Tenderloin,3,406.0,5232.0,368.0,207.0,1000001.0,48750.0
Thursday,14,94105.0,Central,1,5846.0,15826.0,4601.0,3586.0,740900.0,163949.0
Thursday,14,94105.0,Southern,22,5846.0,15826.0,4601.0,3586.0,740900.0,163949.0
Thursday,14,94107.0,Bayview,11,26599.0,14845.0,15141.0,13736.0,719700.0,114439.0
Thursday,14,94107.0,Southern,6,26599.0,14845.0,15141.0,13736.0,719700.0,114439.0
Thursday,14,94108.0,Central,70,13768.0,50983.0,8843.0,7628.0,856900.0,35427.0
Thursday,14,94108.0,Out of SF,1,13768.0,50983.0,8843.0,7628.0,856900.0,35427.0
Thursday,14,94108.0,Tenderloin,10,13768.0,50983.0,8843.0,7628.0,856900.0,35427.0
Thursday,14,94109.0,Central,25,55984.0,47129.0,37182.0,33342.0,723200.0,60722.0
Thursday,14,94109.0,Northern,33,55984.0,47129.0,37182.0,33342.0,723200.0,60722.0
Thursday,14,94109.0,Tenderloin,1,55984.0,47129.0,37182.0,33342.0,723200.0,60722.0
Thursday,14,94110.0,Bayview,14,69333.0,29816.0,28913.0,27128.0,768200.0,82111.0
Thursday,14,94110.0,Ingleside,10,69333.0,29816.0,28913.0,27128.0,768200.0,82111.0
Thursday,14,94110.0,Mission,43,69333.0,29816.0,28913.0,27128.0,768200.0,82111.0
Thursday,14,94110.0,Northern,1,69333.0,29816.0,28913.0,27128.0,768200.0,82111.0
Thursday,14,94111.0,Central,22,3713.0,10791.0,2811.0,2365.0,882000.0,89722.0
Thursday,14,94112.0,Ingleside,20,79407.0,23606.0,23081.0,21975.0,602400.0,71625.0
Thursday,14,94112.0,Out of SF,2,79407.0,23606.0,23081.0,21975.0,602400.0,71625.0
Thursday,14,94114.0,Bayview,1,31124.0,21837.0,17634.0,16281.0,1000001.0,114689.0
Thursday,14,94114.0,Mission,23,31124.0,21837.0,17634.0,16281.0,1000001.0,114689.0
Thursday,14,94114.0,Park,10,31124.0,21837.0,17634.0,16281.0,1000001.0,114689.0
Thursday,14,94115.0,Northern,25,33021.0,29596.0,18884.0,17289.0,965800.0,76952.0
Thursday,14,94115.0,Richmond,9,33021.0,29596.0,18884.0,17289.0,965800.0,76952.0
Thursday,14,94116.0,Bayview,1,43698.0,16901.0,16283.0,15445.0,734400.0,83407.0
Thursday,14,94116.0,Taraval,16,43698.0,16901.0,16283.0,15445.0,734400.0,83407.0
Thursday,14,94117.0,Mission,12,39169.0,23211.0,19255.0,17939.0,911500.0,94479.0
Thursday,14,94117.0,Northern,4,39169.0,23211.0,19255.0,17939.0,911500.0,94479.0
Thursday,14,94117.0,Park,27,39169.0,23211.0,19255.0,17939.0,911500.0,94479.0
Thursday,14,94118.0,Park,5,38319.0,19663.0,18633.0,17171.0,1000001.0,82857.0
Thursday,14,94118.0,Richmond,32,38319.0,19663.0,18633.0,17171.0,1000001.0,82857.0
Thursday,14,94122.0,Park,3,56023.0,23699.0,23633.0,22162.0,774500.0,81768.0
Thursday,14,94122.0,Richmond,22,56023.0,23699.0,23633.0,22162.0,774500.0,81768.0
Thursday,14,94122.0,Taraval,22,56023.0,23699.0,23633.0,22162.0,774500.0,81768.0
Thursday,14,94123.0,Central,1,23088.0,22622.0,15083.0,13717.0,1000001.0,112650.0
Thursday,14,94123.0,Northern,36,23088.0,22622.0,15083.0,13717.0,1000001.0,112650.0
Thursday,14,94124.0,Bayview,31,33996.0,6901.0,10812.0,9717.0,470400.0,50146.0
Thursday,14,94124.0,Central,1,33996.0,6901.0,10812.0,9717.0,470400.0,50146.0
Thursday,14,94124.0,Park,1,33996.0,6901.0,10812.0,9717.0,470400.0,50146.0
Thursday,14,94124.0,Southern,2,33996.0,6901.0,10812.0,9717.0,470400.0,50146.0
Thursday,14,94127.0,Ingleside,12,19289.0,10895.0,7801.0,7511.0,916900.0,131351.0
Thursday,14,94127.0,Taraval,6,19289.0,10895.0,7801.0,7511.0,916900.0,131351.0
Thursday,14,94129.0,Northern,1,3183.0,1381.0,1132.0,1086.0,,143320.0
Thursday,14,94130.0,Southern,4,2880.0,3196.0,786.0,656.0,,37500.0
Thursday,14,94131.0,Ingleside,12,26881.0,12926.0,13427.0,12618.0,859700.0,96889.0
Thursday,14,94131.0,Mission,1,26881.0,12926.0,13427.0,12618.0,859700.0,96889.0
Thursday,14,94131.0,Park,7,26881.0,12926.0,13427.0,12618.0,859700.0,96889.0
Thursday,14,94132.0,Taraval,26,28129.0,9045.0,10769.0,9993.0,733100.0,69223.0
Thursday,14,94134.0,Bayview,29,40798.0,17001.0,11867.0,11244.0,547800.0,56716.0
Thursday,14,94134.0,Ingleside,16,40798.0,17001.0,11867.0,11244.0,547800.0,56716.0
Thursday,14,94158.0,Bayview,10,4792.0,7288.0,2482.0,2271.0,643900.0,82195.0
Thursday,14,94158.0,Out of SF,1,4792.0,7288.0,2482.0,2271.0,643900.0,82195.0
Thursday,14,94158.0,Southern,13,4792.0,7288.0,2482.0,2271.0,643900.0,82195.0
Thursday,15,94102.0,Central,1,31176.0,46472.0,18758.0,16844.0,574100.0,22517.0
Thursday,15,94102.0,Mission,15,31176.0,46472.0,18758.0,16844.0,574100.0,22517.0
Thursday,15,94102.0,Northern,48,31176.0,46472.0,18758.0,16844.0,574100.0,22517.0
Thursday,15,94102.0,Southern,8,31176.0,46472.0,18758.0,16844.0,574100.0,22517.0
Thursday,15,94102.0,Tenderloin,22,31176.0,46472.0,18758.0,16844.0,574100.0,22517.0
Thursday,15,94103.0,Central,2,27170.0,20036.0,14778.0,13098.0,628000.0,43364.0
Thursday,15,94103.0,Mission,10,27170.0,20036.0,14778.0,13098.0,628000.0,43364.0
Thursday,15,94103.0,Out of SF,1,27170.0,20036.0,14778.0,13098.0,628000.0,43364.0
Thursday,15,94103.0,Southern,85,27170.0,20036.0,14778.0,13098.0,628000.0,43364.0
Thursday,15,94103.0,Tenderloin,63,27170.0,20036.0,14778.0,13098.0,628000.0,43364.0
Thursday,15,94104.0,Central,32,406.0,5232.0,368.0,207.0,1000001.0,48750.0
Thursday,15,94104.0,Southern,6,406.0,5232.0,368.0,207.0,1000001.0,48750.0
Thursday,15,94104.0,Tenderloin,4,406.0,5232.0,368.0,207.0,1000001.0,48750.0
Thursday,15,94105.0,Central,7,5846.0,15826.0,4601.0,3586.0,740900.0,163949.0
Thursday,15,94105.0,Southern,14,5846.0,15826.0,4601.0,3586.0,740900.0,163949.0
Thursday,15,94107.0,Bayview,6,26599.0,14845.0,15141.0,13736.0,719700.0,114439.0
Thursday,15,94107.0,Southern,6,26599.0,14845.0,15141.0,13736.0,719700.0,114439.0
Thursday,15,94108.0,Central,60,13768.0,50983.0,8843.0,7628.0,856900.0,35427.0
Thursday,15,94108.0,Out of SF,2,13768.0,50983.0,8843.0,7628.0,856900.0,35427.0
Thursday,15,94108.0,Tenderloin,13,13768.0,50983.0,8843.0,7628.0,856900.0,35427.0
Thursday,15,94109.0,Central,16,55984.0,47129.0,37182.0,33342.0,723200.0,60722.0
Thursday,15,94109.0,Northern,20,55984.0,47129.0,37182.0,33342.0,723200.0,60722.0
Thursday,15,94109.0,Tenderloin,6,55984.0,47129.0,37182.0,33342.0,723200.0,60722.0
Thursday,15,94110.0,Bayview,11,69333.0,29816.0,28913.0,27128.0,768200.0,82111.0
Thursday,15,94110.0,Ingleside,11,69333.0,29816.0,28913.0,27128.0,768200.0,82111.0
Thursday,15,94110.0,Mission,43,69333.0,29816.0,28913.0,27128.0,768200.0,82111.0
Thursday,15,94110.0,Out of SF,1,69333.0,29816.0,28913.0,27128.0,768200.0,82111.0
Thursday,15,94111.0,Central,51,3713.0,10791.0,2811.0,2365.0,882000.0,89722.0
Thursday,15,94111.0,Northern,3,3713.0,10791.0,2811.0,2365.0,882000.0,89722.0
Thursday,15,94112.0,Ingleside,49,79407.0,23606.0,23081.0,21975.0,602400.0,71625.0
Thursday,15,94112.0,Taraval,2,79407.0,23606.0,23081.0,21975.0,602400.0,71625.0
Thursday,15,94114.0,Mission,22,31124.0,21837.0,17634.0,16281.0,1000001.0,114689.0
Thursday,15,94114.0,Park,5,31124.0,21837.0,17634.0,16281.0,1000001.0,114689.0
Thursday,15,94115.0,Northern,29,33021.0,29596.0,18884.0,17289.0,965800.0,76952.0
Thursday,15,94115.0,Park,2,33021.0,29596.0,18884.0,17289.0,965800.0,76952.0
Thursday,15,94115.0,Richmond,10,33021.0,29596.0,18884.0,17289.0,965800.0,76952.0
Thursday,15,94116.0,Taraval,32,43698.0,16901.0,16283.0,15445.0,734400.0,83407.0
Thursday,15,94117.0,Mission,6,39169.0,23211.0,19255.0,17939.0,911500.0,94479.0
Thursday,15,94117.0,Northern,5,39169.0,23211.0,19255.0,17939.0,911500.0,94479.0
Thursday,15,94117.0,Park,28,39169.0,23211.0,19255.0,17939.0,911500.0,94479.0
Thursday,15,94118.0,Ingleside,1,38319.0,19663.0,18633.0,17171.0,1000001.0,82857.0
Thursday,15,94118.0,Park,10,38319.0,19663.0,18633.0,17171.0,1000001.0,82857.0
Thursday,15,94118.0,Richmond,22,38319.0,19663.0,18633.0,17171.0,1000001.0,82857.0
Thursday,15,94122.0,Park,3,56023.0,23699.0,23633.0,22162.0,774500.0,81768.0
Thursday,15,94122.0,Richmond,38,56023.0,23699.0,23633.0,22162.0,774500.0,81768.0
Thursday,15,94122.0,Taraval,22,56023.0,23699.0,23633.0,22162.0,774500.0,81768.0
Thursday,15,94123.0,Central,1,23088.0,22622.0,15083.0,13717.0,1000001.0,112650.0
Thursday,15,94123.0,Northern,27,23088.0,22622.0,15083.0,13717.0,1000001.0,112650.0
Thursday,15,94124.0,Bayview,47,33996.0,6901.0,10812.0,9717.0,470400.0,50146.0
Thursday,15,94124.0,Out of SF,3,33996.0,6901.0,10812.0,9717.0,470400.0,50146.0
Thursday,15,94127.0,Ingleside,9,19289.0,10895.0,7801.0,7511.0,916900.0,131351.0
Thursday,15,94127.0,Richmond,1,19289.0,10895.0,7801.0,7511.0,916900.0,131351.0
Thursday,15,94127.0,Taraval,16,19289.0,10895.0,7801.0,7511.0,916900.0,131351.0
Thursday,15,94130.0,Southern,7,2880.0,3196.0,786.0,656.0,,37500.0
Thursday,15,94131.0,Ingleside,4,26881.0,12926.0,13427.0,12618.0,859700.0,96889.0
Thursday,15,94131.0,Mission,2,26881.0,12926.0,13427.0,12618.0,859700.0,96889.0
Thursday,15,94131.0,Park,3,26881.0,12926.0,13427.0,12618.0,859700.0,96889.0
Thursday,15,94131.0,Richmond,1,26881.0,12926.0,13427.0,12618.0,859700.0,96889.0
Thursday,15,94131.0,Taraval,1,26881.0,12926.0,13427.0,12618.0,859700.0,96889.0
Thursday,15,94132.0,Taraval,23,28129.0,9045.0,10769.0,9993.0,733100.0,69223.0
Thursday,15,94134.0,Bayview,15,40798.0,17001.0,11867.0,11244.0,547800.0,56716.0
Thursday,15,94134.0,Ingleside,15,40798.0,17001.0,11867.0,11244.0,547800.0,56716.0
Thursday,15,94158.0,Bayview,5,4792.0,7288.0,2482.0,2271.0,643900.0,82195.0
Thursday,15,94158.0,Mission,1,4792.0,7288.0,2482.0,2271.0,643900.0,82195.0
Thursday,15,94158.0,Southern,18,4792.0,7288.0,2482.0,2271.0,643900.0,82195.0
Thursday,16,94102.0,Mission,17,31176.0,46472.0,18758.0,16844.0,574100.0,22517.0
Thursday,16,94102.0,Northern,34,31176.0,46472.0,18758.0,16844.0,574100.0,22517.0
Thursday,16,94102.0,Out of SF,1,31176.0,46472.0,18758.0,16844.0,574100.0,22517.0
Thursday,16,94102.0,Park,1,31176.0,46472.0,18758.0,16844.0,574100.0,22517.0
Thursday,16,94102.0,Southern,15,31176.0,46472.0,18758.0,16844.0,574100.0,22517.0
Thursday,16,94102.0,Tenderloin,22,31176.0,46472.0,18758.0,16844.0,574100.0,22517.0
Thursday,16,94103.0,Central,4,27170.0,20036.0,14778.0,13098.0,628000.0,43364.0
Thursday,16,94103.0,Mission,3,27170.0,20036.0,14778.0,13098.0,628000.0,43364.0
Thursday,16,94103.0,Northern,1,27170.0,20036.0,14778.0,13098.0,628000.0,43364.0
Thursday,16,94103.0,Out of SF,1,27170.0,20036.0,14778.0,13098.0,628000.0,43364.0
Thursday,16,94103.0,Southern,82,27170.0,20036.0,14778.0,13098.0,628000.0,43364.0
Thursday,16,94103.0,Tenderloin,71,27170.0,20036.0,14778.0,13098.0,628000.0,43364.0
Thursday,16,94104.0,Central,26,406.0,5232.0,368.0,207.0,1000001.0,48750.0
Thursday,16,94104.0,Southern,2,406.0,5232.0,368.0,207.0,1000001.0,48750.0
Thursday,16,94104.0,Tenderloin,4,406.0,5232.0,368.0,207.0,1000001.0,48750.0
Thursday,16,94105.0,Central,11,5846.0,15826.0,4601.0,3586.0,740900.0,163949.0
Thursday,16,94105.0,Southern,21,5846.0,15826.0,4601.0,3586.0,740900.0,163949.0
Thursday,16,94107.0,Bayview,11,26599.0,14845.0,15141.0,13736.0,719700.0,114439.0
Thursday,16,94108.0,Central,55,13768.0,50983.0,8843.0,7628.0,856900.0,35427.0
Thursday,16,94108.0,Out of SF,9,13768.0,50983.0,8843.0,7628.0,856900.0,35427.0
Thursday,16,94108.0,Tenderloin,3,13768.0,50983.0,8843.0,7628.0,856900.0,35427.0
Thursday,16,94109.0,Central,18,55984.0,47129.0,37182.0,33342.0,723200.0,60722.0
Thursday,16,94109.0,Northern,30,55984.0,47129.0,37182.0,33342.0,723200.0,60722.0
Thursday,16,94109.0,Tenderloin,17,55984.0,47129.0,37182.0,33342.0,723200.0,60722.0
Thursday,16,94110.0,Bayview,10,69333.0,29816.0,28913.0,27128.0,768200.0,82111.0
Thursday,16,94110.0,Ingleside,17,69333.0,29816.0,28913.0,27128.0,768200.0,82111.0
Thursday,16,94110.0,Mission,82,69333.0,29816.0,28913.0,27128.0,768200.0,82111.0
Thursday,16,94110.0,Out of SF,2,69333.0,29816.0,28913.0,27128.0,768200.0,82111.0
Thursday,16,94110.0,Park,1,69333.0,29816.0,28913.0,27128.0,768200.0,82111.0
Thursday,16,94111.0,Central,48,3713.0,10791.0,2811.0,2365.0,882000.0,89722.0
Thursday,16,94112.0,Ingleside,29,79407.0,23606.0,23081.0,21975.0,602400.0,71625.0
Thursday,16,94112.0,Taraval,2,79407.0,23606.0,23081.0,21975.0,602400.0,71625.0
Thursday,16,94114.0,Mission,24,31124.0,21837.0,17634.0,16281.0,1000001.0,114689.0
Thursday,16,94114.0,Park,6,31124.0,21837.0,17634.0,16281.0,1000001.0,114689.0
Thursday,16,94115.0,Northern,31,33021.0,29596.0,18884.0,17289.0,965800.0,76952.0
Thursday,16,94115.0,Park,2,33021.0,29596.0,18884.0,17289.0,965800.0,76952.0
Thursday,16,94115.0,Richmond,2,33021.0,29596.0,18884.0,17289.0,965800.0,76952.0
Thursday,16,94116.0,Taraval,24,43698.0,16901.0,16283.0,15445.0,734400.0,83407.0
Thursday,16,94117.0,Bayview,1,39169.0,23211.0,19255.0,17939.0,911500.0,94479.0
Thursday,16,94117.0,Mission,4,39169.0,23211.0,19255.0,17939.0,911500.0,94479.0
Thursday,16,94117.0,Northern,8,39169.0,23211.0,19255.0,17939.0,911500.0,94479.0
Thursday,16,94117.0,Park,34,39169.0,23211.0,19255.0,17939.0,911500.0,94479.0
Thursday,16,94118.0,Park,12,38319.0,19663.0,18633.0,17171.0,1000001.0,82857.0
Thursday,16,94118.0,Richmond,29,38319.0,19663.0,18633.0,17171.0,1000001.0,82857.0
Thursday,16,94122.0,Park,4,56023.0,23699.0,23633.0,22162.0,774500.0,81768.0
Thursday,16,94122.0,Richmond,21,56023.0,23699.0,23633.0,22162.0,774500.0,81768.0
Thursday,16,94122.0,Taraval,22,56023.0,23699.0,23633.0,22162.0,774500.0,81768.0
Thursday,16,94123.0,Northern,21,23088.0,22622.0,15083.0,13717.0,1000001.0,112650.0
Thursday,16,94124.0,Bayview,48,33996.0,6901.0,10812.0,9717.0,470400.0,50146.0
Thursday,16,94124.0,Out of SF,4,33996.0,6901.0,10812.0,9717.0,470400.0,50146.0
Thursday,16,94127.0,Ingleside,11,19289.0,10895.0,7801.0,7511.0,916900.0,131351.0
Thursday,16,94127.0,Taraval,12,19289.0,10895.0,7801.0,7511.0,916900.0,131351.0
Thursday,16,94129.0,Central,1,3183.0,1381.0,1132.0,1086.0,,143320.0
Thursday,16,94129.0,Richmond,1,3183.0,1381.0,1132.0,1086.0,,143320.0
Thursday,16,94130.0,Southern,6,2880.0,3196.0,786.0,656.0,,37500.0
Thursday,16,94131.0,Ingleside,2,26881.0,12926.0,13427.0,12618.0,859700.0,96889.0
Thursday,16,94131.0,Mission,1,26881.0,12926.0,13427.0,12618.0,859700.0,96889.0
Thursday,16,94131.0,Park,6,26881.0,12926.0,13427.0,12618.0,859700.0,96889.0
Thursday,16,94132.0,Bayview,1,28129.0,9045.0,10769.0,9993.0,733100.0,69223.0
Thursday,16,94132.0,Taraval,17,28129.0,9045.0,10769.0,9993.0,733100.0,69223.0
Thursday,16,94134.0,Bayview,15,40798.0,17001.0,11867.0,11244.0,547800.0,56716.0
Thursday,16,94134.0,Ingleside,22,40798.0,17001.0,11867.0,11244.0,547800.0,56716.0
Thursday,16,94158.0,Bayview,8,4792.0,7288.0,2482.0,2271.0,643900.0,82195.0
Thursday,16,94158.0,Mission,5,4792.0,7288.0,2482.0,2271.0,643900.0,82195.0
Thursday,16,94158.0,Out of SF,1,4792.0,7288.0,2482.0,2271.0,643900.0,82195.0
Thursday,16,94158.0,Southern,25,4792.0,7288.0,2482.0,2271.0,643900.0,82195.0
Thursday,17,94102.0,Ingleside,1,31176.0,46472.0,18758.0,16844.0,574100.0,22517.0
Thursday,17,94102.0,Mission,18,31176.0,46472.0,18758.0,16844.0,574100.0,22517.0
Thursday,17,94102.0,Northern,58,31176.0,46472.0,18758.0,16844.0,574100.0,22517.0
Thursday,17,94102.0,Park,2,31176.0,46472.0,18758.0,16844.0,574100.0,22517.0
Thursday,17,94102.0,Southern,12,31176.0,46472.0,18758.0,16844.0,574100.0,22517.0
Thursday,17,94102.0,Tenderloin,25,31176.0,46472.0,18758.0,16844.0,574100.0,22517.0
Thursday,17,94103.0,Central,2,27170.0,20036.0,14778.0,13098.0,628000.0,43364.0
Thursday,17,94103.0,Mission,9,27170.0,20036.0,14778.0,13098.0,628000.0,43364.0
Thursday,17,94103.0,Out of SF,2,27170.0,20036.0,14778.0,13098.0,628000.0,43364.0
Thursday,17,94103.0,Southern,87,27170.0,20036.0,14778.0,13098.0,628000.0,43364.0
Thursday,17,94103.0,Tenderloin,86,27170.0,20036.0,14778.0,13098.0,628000.0,43364.0
Thursday,17,94104.0,Central,58,406.0,5232.0,368.0,207.0,1000001.0,48750.0
Thursday,17,94104.0,Southern,6,406.0,5232.0,368.0,207.0,1000001.0,48750.0
Thursday,17,94104.0,Tenderloin,4,406.0,5232.0,368.0,207.0,1000001.0,48750.0
Thursday,17,94105.0,Central,8,5846.0,15826.0,4601.0,3586.0,740900.0,163949.0
Thursday,17,94105.0,Southern,22,5846.0,15826.0,4601.0,3586.0,740900.0,163949.0
Thursday,17,94107.0,Bayview,7,26599.0,14845.0,15141.0,13736.0,719700.0,114439.0
Thursday,17,94108.0,Central,68,13768.0,50983.0,8843.0,7628.0,856900.0,35427.0
Thursday,17,94108.0,Southern,1,13768.0,50983.0,8843.0,7628.0,856900.0,35427.0
Thursday,17,94108.0,Tenderloin,9,13768.0,50983.0,8843.0,7628.0,856900.0,35427.0
Thursday,17,94109.0,Central,15,55984.0,47129.0,37182.0,33342.0,723200.0,60722.0
Thursday,17,94109.0,Northern,48,55984.0,47129.0,37182.0,33342.0,723200.0,60722.0
Thursday,17,94109.0,Tenderloin,6,55984.0,47129.0,37182.0,33342.0,723200.0,60722.0
Thursday,17,94110.0,Bayview,15,69333.0,29816.0,28913.0,27128.0,768200.0,82111.0
Thursday,17,94110.0,Ingleside,19,69333.0,29816.0,28913.0,27128.0,768200.0,82111.0
Thursday,17,94110.0,Mission,62,69333.0,29816.0,28913.0,27128.0,768200.0,82111.0
Thursday,17,94110.0,Out of SF,3,69333.0,29816.0,28913.0,27128.0,768200.0,82111.0
Thursday,17,94111.0,Central,54,3713.0,10791.0,2811.0,2365.0,882000.0,89722.0
Thursday,17,94111.0,Northern,1,3713.0,10791.0,2811.0,2365.0,882000.0,89722.0
Thursday,17,94112.0,Ingleside,43,79407.0,23606.0,23081.0,21975.0,602400.0,71625.0
Thursday,17,94112.0,Taraval,2,79407.0,23606.0,23081.0,21975.0,602400.0,71625.0
Thursday,17,94114.0,Mission,31,31124.0,21837.0,17634.0,16281.0,1000001.0,114689.0
Thursday,17,94114.0,Park,4,31124.0,21837.0,17634.0,16281.0,1000001.0,114689.0
Thursday,17,94115.0,Northern,19,33021.0,29596.0,18884.0,17289.0,965800.0,76952.0
Thursday,17,94115.0,Richmond,17,33021.0,29596.0,18884.0,17289.0,965800.0,76952.0
Thursday,17,94116.0,Taraval,25,43698.0,16901.0,16283.0,15445.0,734400.0,83407.0
Thursday,17,94117.0,Mission,4,39169.0,23211.0,19255.0,17939.0,911500.0,94479.0
Thursday,17,94117.0,Northern,11,39169.0,23211.0,19255.0,17939.0,911500.0,94479.0
Thursday,17,94117.0,Park,43,39169.0,23211.0,19255.0,17939.0,911500.0,94479.0
Thursday,17,94118.0,Park,5,38319.0,19663.0,18633.0,17171.0,1000001.0,82857.0
Thursday,17,94118.0,Richmond,37,38319.0,19663.0,18633.0,17171.0,1000001.0,82857.0
Thursday,17,94122.0,Park,3,56023.0,23699.0,23633.0,22162.0,774500.0,81768.0
Thursday,17,94122.0,Richmond,36,56023.0,23699.0,23633.0,22162.0,774500.0,81768.0
Thursday,17,94122.0,Taraval,20,56023.0,23699.0,23633.0,22162.0,774500.0,81768.0
Thursday,17,94123.0,Northern,27,23088.0,22622.0,15083.0,13717.0,1000001.0,112650.0
Thursday,17,94124.0,Bayview,45,33996.0,6901.0,10812.0,9717.0,470400.0,50146.0
Thursday,17,94127.0,Ingleside,3,19289.0,10895.0,7801.0,7511.0,916900.0,131351.0
Thursday,17,94127.0,Taraval,7,19289.0,10895.0,7801.0,7511.0,916900.0,131351.0
Thursday,17,94130.0,Southern,2,2880.0,3196.0,786.0,656.0,,37500.0
Thursday,17,94131.0,Ingleside,11,26881.0,12926.0,13427.0,12618.0,859700.0,96889.0
Thursday,17,94131.0,Park,5,26881.0,12926.0,13427.0,12618.0,859700.0,96889.0
Thursday,17,94132.0,Taraval,19,28129.0,9045.0,10769.0,9993.0,733100.0,69223.0
Thursday,17,94134.0,Bayview,43,40798.0,17001.0,11867.0,11244.0,547800.0,56716.0
Thursday,17,94134.0,Ingleside,19,40798.0,17001.0,11867.0,11244.0,547800.0,56716.0
Thursday,17,94158.0,Bayview,13,4792.0,7288.0,2482.0,2271.0,643900.0,82195.0
Thursday,17,94158.0,Ingleside,1,4792.0,7288.0,2482.0,2271.0,643900.0,82195.0
Thursday,17,94158.0,Mission,7,4792.0,7288.0,2482.0,2271.0,643900.0,82195.0
Thursday,17,94158.0,Out of SF,2,4792.0,7288.0,2482.0,2271.0,643900.0,82195.0
Thursday,17,94158.0,Southern,11,4792.0,7288.0,2482.0,2271.0,643900.0,82195.0
Thursday,18,94102.0,Ingleside,1,31176.0,46472.0,18758.0,16844.0,574100.0,22517.0
Thursday,18,94102.0,Mission,20,31176.0,46472.0,18758.0,16844.0,574100.0,22517.0
Thursday,18,94102.0,Northern,64,31176.0,46472.0,18758.0,16844.0,574100.0,22517.0
Thursday,18,94102.0,Out of SF,2,31176.0,46472.0,18758.0,16844.0,574100.0,22517.0
Thursday,18,94102.0,Southern,14,31176.0,46472.0,18758.0,16844.0,574100.0,22517.0
Thursday,18,94102.0,Tenderloin,23,31176.0,46472.0,18758.0,16844.0,574100.0,22517.0
Thursday,18,94103.0,Central,2,27170.0,20036.0,14778.0,13098.0,628000.0,43364.0
Thursday,18,94103.0,Mission,4,27170.0,20036.0,14778.0,13098.0,628000.0,43364.0
Thursday,18,94103.0,Out of SF,1,27170.0,20036.0,14778.0,13098.0,628000.0,43364.0
Thursday,18,94103.0,Southern,67,27170.0,20036.0,14778.0,13098.0,628000.0,43364.0
Thursday,18,94103.0,Tenderloin,79,27170.0,20036.0,14778.0,13098.0,628000.0,43364.0
Thursday,18,94104.0,Central,70,406.0,5232.0,368.0,207.0,1000001.0,48750.0
Thursday,18,94104.0,Southern,3,406.0,5232.0,368.0,207.0,1000001.0,48750.0
Thursday,18,94104.0,Tenderloin,3,406.0,5232.0,368.0,207.0,1000001.0,48750.0
Thursday,18,94105.0,Central,5,5846.0,15826.0,4601.0,3586.0,740900.0,163949.0
Thursday,18,94105.0,Southern,17,5846.0,15826.0,4601.0,3586.0,740900.0,163949.0
Thursday,18,94107.0,Bayview,9,26599.0,14845.0,15141.0,13736.0,719700.0,114439.0
Thursday,18,94107.0,Out of SF,1,26599.0,14845.0,15141.0,13736.0,719700.0,114439.0
Thursday,18,94107.0,Southern,1,26599.0,14845.0,15141.0,13736.0,719700.0,114439.0
Thursday,18,94108.0,Central,88,13768.0,50983.0,8843.0,7628.0,856900.0,35427.0
Thursday,18,94108.0,Tenderloin,16,13768.0,50983.0,8843.0,7628.0,856900.0,35427.0
Thursday,18,94109.0,Central,16,55984.0,47129.0,37182.0,33342.0,723200.0,60722.0
Thursday,18,94109.0,Northern,39,55984.0,47129.0,37182.0,33342.0,723200.0,60722.0
Thursday,18,94109.0,Tenderloin,5,55984.0,47129.0,37182.0,33342.0,723200.0,60722.0
Thursday,18,94110.0,Bayview,22,69333.0,29816.0,28913.0,27128.0,768200.0,82111.0
Thursday,18,94110.0,Ingleside,25,69333.0,29816.0,28913.0,27128.0,768200.0,82111.0
Thursday,18,94110.0,Mission,86,69333.0,29816.0,28913.0,27128.0,768200.0,82111.0
Thursday,18,94110.0,Southern,1,69333.0,29816.0,28913.0,27128.0,768200.0,82111.0
Thursday,18,94111.0,Central,47,3713.0,10791.0,2811.0,2365.0,882000.0,89722.0
Thursday,18,94112.0,Ingleside,40,79407.0,23606.0,23081.0,21975.0,602400.0,71625.0
Thursday,18,94112.0,Out of SF,1,79407.0,23606.0,23081.0,21975.0,602400.0,71625.0
Thursday,18,94112.0,Taraval,4,79407.0,23606.0,23081.0,21975.0,602400.0,71625.0
Thursday,18,94114.0,Mission,20,31124.0,21837.0,17634.0,16281.0,1000001.0,114689.0
Thursday,18,94114.0,Park,7,31124.0,21837.0,17634.0,16281.0,1000001.0,114689.0
Thursday,18,94115.0,Northern,33,33021.0,29596.0,18884.0,17289.0,965800.0,76952.0
Thursday,18,94115.0,Park,2,33021.0,29596.0,18884.0,17289.0,965800.0,76952.0
Thursday,18,94115.0,Richmond,6,33021.0,29596.0,18884.0,17289.0,965800.0,76952.0
Thursday,18,94116.0,Out of SF,1,43698.0,16901.0,16283.0,15445.0,734400.0,83407.0
Thursday,18,94116.0,Taraval,27,43698.0,16901.0,16283.0,15445.0,734400.0,83407.0
Thursday,18,94117.0,Mission,7,39169.0,23211.0,19255.0,17939.0,911500.0,94479.0
Thursday,18,94117.0,Northern,16,39169.0,23211.0,19255.0,17939.0,911500.0,94479.0
Thursday,18,94117.0,Park,24,39169.0,23211.0,19255.0,17939.0,911500.0,94479.0
Thursday,18,94117.0,Southern,1,39169.0,23211.0,19255.0,17939.0,911500.0,94479.0
Thursday,18,94118.0,Park,3,38319.0,19663.0,18633.0,17171.0,1000001.0,82857.0
Thursday,18,94118.0,Richmond,40,38319.0,19663.0,18633.0,17171.0,1000001.0,82857.0
Thursday,18,94122.0,Park,2,56023.0,23699.0,23633.0,22162.0,774500.0,81768.0
Thursday,18,94122.0,Richmond,23,56023.0,23699.0,23633.0,22162.0,774500.0,81768.0
Thursday,18,94122.0,Taraval,40,56023.0,23699.0,23633.0,22162.0,774500.0,81768.0
Thursday,18,94123.0,Central,2,23088.0,22622.0,15083.0,13717.0,1000001.0,112650.0
Thursday,18,94123.0,Northern,38,23088.0,22622.0,15083.0,13717.0,1000001.0,112650.0
Thursday,18,94124.0,Bayview,30,33996.0,6901.0,10812.0,9717.0,470400.0,50146.0
Thursday,18,94124.0,Central,3,33996.0,6901.0,10812.0,9717.0,470400.0,50146.0
Thursday,18,94127.0,Ingleside,9,19289.0,10895.0,7801.0,7511.0,916900.0,131351.0
Thursday,18,94127.0,Taraval,10,19289.0,10895.0,7801.0,7511.0,916900.0,131351.0
Thursday,18,94129.0,Central,1,3183.0,1381.0,1132.0,1086.0,,143320.0
Thursday,18,94130.0,Southern,4,2880.0,3196.0,786.0,656.0,,37500.0
Thursday,18,94131.0,Ingleside,14,26881.0,12926.0,13427.0,12618.0,859700.0,96889.0
Thursday,18,94131.0,Mission,5,26881.0,12926.0,13427.0,12618.0,859700.0,96889.0
Thursday,18,94131.0,Park,5,26881.0,12926.0,13427.0,12618.0,859700.0,96889.0
Thursday,18,94132.0,Taraval,43,28129.0,9045.0,10769.0,9993.0,733100.0,69223.0
Thursday,18,94134.0,Bayview,33,40798.0,17001.0,11867.0,11244.0,547800.0,56716.0
Thursday,18,94134.0,Ingleside,30,40798.0,17001.0,11867.0,11244.0,547800.0,56716.0
Thursday,18,94158.0,Bayview,9,4792.0,7288.0,2482.0,2271.0,643900.0,82195.0
Thursday,18,94158.0,Mission,6,4792.0,7288.0,2482.0,2271.0,643900.0,82195.0
Thursday,18,94158.0,Out of SF,1,4792.0,7288.0,2482.0,2271.0,643900.0,82195.0
Thursday,18,94158.0,Southern,26,4792.0,7288.0,2482.0,2271.0,643900.0,82195.0
Thursday,19,94102.0,Central,1,31176.0,46472.0,18758.0,16844.0,574100.0,22517.0
Thursday,19,94102.0,Mission,23,31176.0,46472.0,18758.0,16844.0,574100.0,22517.0
Thursday,19,94102.0,Northern,77,31176.0,46472.0,18758.0,16844.0,574100.0,22517.0
Thursday,19,94102.0,Out of SF,2,31176.0,46472.0,18758.0,16844.0,574100.0,22517.0
Thursday,19,94102.0,Southern,17,31176.0,46472.0,18758.0,16844.0,574100.0,22517.0
Thursday,19,94102.0,Tenderloin,20,31176.0,46472.0,18758.0,16844.0,574100.0,22517.0
Thursday,19,94103.0,Bayview,1,27170.0,20036.0,14778.0,13098.0,628000.0,43364.0
Thursday,19,94103.0,Central,3,27170.0,20036.0,14778.0,13098.0,628000.0,43364.0
Thursday,19,94103.0,Mission,12,27170.0,20036.0,14778.0,13098.0,628000.0,43364.0
Thursday,19,94103.0,Northern,1,27170.0,20036.0,14778.0,13098.0,628000.0,43364.0
Thursday,19,94103.0,Out of SF,6,27170.0,20036.0,14778.0,13098.0,628000.0,43364.0
Thursday,19,94103.0,Southern,55,27170.0,20036.0,14778.0,13098.0,628000.0,43364.0
Thursday,19,94103.0,Tenderloin,58,27170.0,20036.0,14778.0,13098.0,628000.0,43364.0
Thursday,19,94104.0,Central,66,406.0,5232.0,368.0,207.0,1000001.0,48750.0
Thursday,19,94104.0,Southern,7,406.0,5232.0,368.0,207.0,1000001.0,48750.0
Thursday,19,94104.0,Tenderloin,1,406.0,5232.0,368.0,207.0,1000001.0,48750.0
Thursday,19,94105.0,Central,9,5846.0,15826.0,4601.0,3586.0,740900.0,163949.0
Thursday,19,94105.0,Southern,39,5846.0,15826.0,4601.0,3586.0,740900.0,163949.0
Thursday,19,94107.0,Bayview,17,26599.0,14845.0,15141.0,13736.0,719700.0,114439.0
Thursday,19,94107.0,Mission,1,26599.0,14845.0,15141.0,13736.0,719700.0,114439.0
Thursday,19,94107.0,Southern,2,26599.0,14845.0,15141.0,13736.0,719700.0,114439.0
Thursday,19,94108.0,Central,70,13768.0,50983.0,8843.0,7628.0,856900.0,35427.0
Thursday,19,94108.0,Tenderloin,14,13768.0,50983.0,8843.0,7628.0,856900.0,35427.0
Thursday,19,94109.0,Central,14,55984.0,47129.0,37182.0,33342.0,723200.0,60722.0
Thursday,19,94109.0,Northern,31,55984.0,47129.0,37182.0,33342.0,723200.0,60722.0
Thursday,19,94109.0,Richmond,1,55984.0,47129.0,37182.0,33342.0,723200.0,60722.0
Thursday,19,94109.0,Southern,1,55984.0,47129.0,37182.0,33342.0,723200.0,60722.0
Thursday,19,94109.0,Tenderloin,2,55984.0,47129.0,37182.0,33342.0,723200.0,60722.0
Thursday,19,94110.0,Bayview,14,69333.0,29816.0,28913.0,27128.0,768200.0,82111.0
Thursday,19,94110.0,Ingleside,20,69333.0,29816.0,28913.0,27128.0,768200.0,82111.0
Thursday,19,94110.0,Mission,62,69333.0,29816.0,28913.0,27128.0,768200.0,82111.0
Thursday,19,94110.0,Out of SF,2,69333.0,29816.0,28913.0,27128.0,768200.0,82111.0
Thursday,19,94111.0,Central,59,3713.0,10791.0,2811.0,2365.0,882000.0,89722.0
Thursday,19,94112.0,Ingleside,30,79407.0,23606.0,23081.0,21975.0,602400.0,71625.0
Thursday,19,94112.0,Taraval,3,79407.0,23606.0,23081.0,21975.0,602400.0,71625.0
Thursday,19,94114.0,Mission,28,31124.0,21837.0,17634.0,16281.0,1000001.0,114689.0
Thursday,19,94114.0,Park,8,31124.0,21837.0,17634.0,16281.0,1000001.0,114689.0
Thursday,19,94115.0,Central,1,33021.0,29596.0,18884.0,17289.0,965800.0,76952.0
Thursday,19,94115.0,Northern,28,33021.0,29596.0,18884.0,17289.0,965800.0,76952.0
Thursday,19,94115.0,Park,1,33021.0,29596.0,18884.0,17289.0,965800.0,76952.0
Thursday,19,94115.0,Richmond,4,33021.0,29596.0,18884.0,17289.0,965800.0,76952.0
Thursday,19,94116.0,Taraval,30,43698.0,16901.0,16283.0,15445.0,734400.0,83407.0
Thursday,19,94117.0,Mission,13,39169.0,23211.0,19255.0,17939.0,911500.0,94479.0
Thursday,19,94117.0,Northern,5,39169.0,23211.0,19255.0,17939.0,911500.0,94479.0
Thursday,19,94117.0,Park,21,39169.0,23211.0,19255.0,17939.0,911500.0,94479.0
Thursday,19,94118.0,Park,4,38319.0,19663.0,18633.0,17171.0,1000001.0,82857.0
Thursday,19,94118.0,Richmond,47,38319.0,19663.0,18633.0,17171.0,1000001.0,82857.0
Thursday,19,94122.0,Richmond,29,56023.0,23699.0,23633.0,22162.0,774500.0,81768.0
Thursday,19,94122.0,Southern,4,56023.0,23699.0,23633.0,22162.0,774500.0,81768.0
Thursday,19,94122.0,Taraval,17,56023.0,23699.0,23633.0,22162.0,774500.0,81768.0
Thursday,19,94123.0,Northern,28,23088.0,22622.0,15083.0,13717.0,1000001.0,112650.0
Thursday,19,94124.0,Bayview,37,33996.0,6901.0,10812.0,9717.0,470400.0,50146.0
Thursday,19,94124.0,Central,2,33996.0,6901.0,10812.0,9717.0,470400.0,50146.0
Thursday,19,94124.0,Out of SF,1,33996.0,6901.0,10812.0,9717.0,470400.0,50146.0
Thursday,19,94127.0,Ingleside,7,19289.0,10895.0,7801.0,7511.0,916900.0,131351.0
Thursday,19,94127.0,Taraval,8,19289.0,10895.0,7801.0,7511.0,916900.0,131351.0
Thursday,19,94129.0,Northern,1,3183.0,1381.0,1132.0,1086.0,,143320.0
Thursday,19,94130.0,Northern,1,2880.0,3196.0,786.0,656.0,,37500.0
Thursday,19,94130.0,Southern,4,2880.0,3196.0,786.0,656.0,,37500.0
Thursday,19,94131.0,Ingleside,9,26881.0,12926.0,13427.0,12618.0,859700.0,96889.0
Thursday,19,94131.0,Mission,4,26881.0,12926.0,13427.0,12618.0,859700.0,96889.0
Thursday,19,94131.0,Park,3,26881.0,12926.0,13427.0,12618.0,859700.0,96889.0
Thursday,19,94132.0,Richmond,1,28129.0,9045.0,10769.0,9993.0,733100.0,69223.0
Thursday,19,94132.0,Taraval,17,28129.0,9045.0,10769.0,9993.0,733100.0,69223.0
Thursday,19,94134.0,Bayview,16,40798.0,17001.0,11867.0,11244.0,547800.0,56716.0
Thursday,19,94134.0,Ingleside,10,40798.0,17001.0,11867.0,11244.0,547800.0,56716.0
Thursday,19,94134.0,Out of SF,3,40798.0,17001.0,11867.0,11244.0,547800.0,56716.0
Thursday,19,94158.0,Bayview,12,4792.0,7288.0,2482.0,2271.0,643900.0,82195.0
Thursday,19,94158.0,Mission,5,4792.0,7288.0,2482.0,2271.0,643900.0,82195.0
Thursday,19,94158.0,Southern,27,4792.0,7288.0,2482.0,2271.0,643900.0,82195.0
Thursday,19,94158.0,Taraval,1,4792.0,7288.0,2482.0,2271.0,643900.0,82195.0
Thursday,20,94102.0,Mission,26,31176.0,46472.0,18758.0,16844.0,574100.0,22517.0
Thursday,20,94102.0,Northern,57,31176.0,46472.0,18758.0,16844.0,574100.0,22517.0
Thursday,20,94102.0,Out of SF,2,31176.0,46472.0,18758.0,16844.0,574100.0,22517.0
Thursday,20,94102.0,Southern,7,31176.0,46472.0,18758.0,16844.0,574100.0,22517.0
Thursday,20,94102.0,Tenderloin,17,31176.0,46472.0,18758.0,16844.0,574100.0,22517.0
Thursday,20,94103.0,Central,3,27170.0,20036.0,14778.0,13098.0,628000.0,43364.0
Thursday,20,94103.0,Mission,5,27170.0,20036.0,14778.0,13098.0,628000.0,43364.0
Thursday,20,94103.0,Out of SF,3,27170.0,20036.0,14778.0,13098.0,628000.0,43364.0
Thursday,20,94103.0,Southern,58,27170.0,20036.0,14778.0,13098.0,628000.0,43364.0
Thursday,20,94103.0,Tenderloin,53,27170.0,20036.0,14778.0,13098.0,628000.0,43364.0
Thursday,20,94104.0,Central,47,406.0,5232.0,368.0,207.0,1000001.0,48750.0
Thursday,20,94104.0,Southern,6,406.0,5232.0,368.0,207.0,1000001.0,48750.0
Thursday,20,94104.0,Tenderloin,1,406.0,5232.0,368.0,207.0,1000001.0,48750.0
Thursday,20,94105.0,Central,1,5846.0,15826.0,4601.0,3586.0,740900.0,163949.0
Thursday,20,94105.0,Southern,31,5846.0,15826.0,4601.0,3586.0,740900.0,163949.0
Thursday,20,94107.0,Bayview,12,26599.0,14845.0,15141.0,13736.0,719700.0,114439.0
Thursday,20,94107.0,Southern,1,26599.0,14845.0,15141.0,13736.0,719700.0,114439.0
Thursday,20,94108.0,Central,70,13768.0,50983.0,8843.0,7628.0,856900.0,35427.0
Thursday,20,94108.0,Tenderloin,8,13768.0,50983.0,8843.0,7628.0,856900.0,35427.0
Thursday,20,94109.0,Central,16,55984.0,47129.0,37182.0,33342.0,723200.0,60722.0
Thursday,20,94109.0,Northern,38,55984.0,47129.0,37182.0,33342.0,723200.0,60722.0
Thursday,20,94109.0,Tenderloin,4,55984.0,47129.0,37182.0,33342.0,723200.0,60722.0
Thursday,20,94110.0,Bayview,10,69333.0,29816.0,28913.0,27128.0,768200.0,82111.0
Thursday,20,94110.0,Ingleside,17,69333.0,29816.0,28913.0,27128.0,768200.0,82111.0
Thursday,20,94110.0,Mission,68,69333.0,29816.0,28913.0,27128.0,768200.0,82111.0
Thursday,20,94111.0,Central,61,3713.0,10791.0,2811.0,2365.0,882000.0,89722.0
Thursday,20,94112.0,Ingleside,39,79407.0,23606.0,23081.0,21975.0,602400.0,71625.0
Thursday,20,94112.0,Taraval,4,79407.0,23606.0,23081.0,21975.0,602400.0,71625.0
Thursday,20,94114.0,Mission,23,31124.0,21837.0,17634.0,16281.0,1000001.0,114689.0
Thursday,20,94114.0,Park,6,31124.0,21837.0,17634.0,16281.0,1000001.0,114689.0
Thursday,20,94115.0,Northern,25,33021.0,29596.0,18884.0,17289.0,965800.0,76952.0
Thursday,20,94115.0,Richmond,14,33021.0,29596.0,18884.0,17289.0,965800.0,76952.0
Thursday,20,94116.0,Park,1,43698.0,16901.0,16283.0,15445.0,734400.0,83407.0
Thursday,20,94116.0,Taraval,20,43698.0,16901.0,16283.0,15445.0,734400.0,83407.0
Thursday,20,94117.0,Bayview,1,39169.0,23211.0,19255.0,17939.0,911500.0,94479.0
Thursday,20,94117.0,Mission,10,39169.0,23211.0,19255.0,17939.0,911500.0,94479.0
Thursday,20,94117.0,Northern,9,39169.0,23211.0,19255.0,17939.0,911500.0,94479.0
Thursday,20,94117.0,Out of SF,1,39169.0,23211.0,19255.0,17939.0,911500.0,94479.0
Thursday,20,94117.0,Park,16,39169.0,23211.0,19255.0,17939.0,911500.0,94479.0
Thursday,20,94118.0,Park,4,38319.0,19663.0,18633.0,17171.0,1000001.0,82857.0
Thursday,20,94118.0,Richmond,62,38319.0,19663.0,18633.0,17171.0,1000001.0,82857.0
Thursday,20,94122.0,Park,4,56023.0,23699.0,23633.0,22162.0,774500.0,81768.0
Thursday,20,94122.0,Richmond,20,56023.0,23699.0,23633.0,22162.0,774500.0,81768.0
Thursday,20,94122.0,Taraval,23,56023.0,23699.0,23633.0,22162.0,774500.0,81768.0
Thursday,20,94123.0,Central,1,23088.0,22622.0,15083.0,13717.0,1000001.0,112650.0
Thursday,20,94123.0,Northern,35,23088.0,22622.0,15083.0,13717.0,1000001.0,112650.0
Thursday,20,94124.0,Bayview,25,33996.0,6901.0,10812.0,9717.0,470400.0,50146.0
Thursday,20,94124.0,Central,2,33996.0,6901.0,10812.0,9717.0,470400.0,50146.0
Thursday,20,94124.0,Out of SF,2,33996.0,6901.0,10812.0,9717.0,470400.0,50146.0
Thursday,20,94127.0,Ingleside,9,19289.0,10895.0,7801.0,7511.0,916900.0,131351.0
Thursday,20,94127.0,Taraval,18,19289.0,10895.0,7801.0,7511.0,916900.0,131351.0
Thursday,20,94129.0,Central,1,3183.0,1381.0,1132.0,1086.0,,143320.0
Thursday,20,94130.0,Southern,4,2880.0,3196.0,786.0,656.0,,37500.0
Thursday,20,94131.0,Ingleside,5,26881.0,12926.0,13427.0,12618.0,859700.0,96889.0
Thursday,20,94131.0,Mission,2,26881.0,12926.0,13427.0,12618.0,859700.0,96889.0
Thursday,20,94131.0,Park,8,26881.0,12926.0,13427.0,12618.0,859700.0,96889.0
Thursday,20,94132.0,Taraval,12,28129.0,9045.0,10769.0,9993.0,733100.0,69223.0
Thursday,20,94134.0,Bayview,18,40798.0,17001.0,11867.0,11244.0,547800.0,56716.0
Thursday,20,94134.0,Ingleside,14,40798.0,17001.0,11867.0,11244.0,547800.0,56716.0
Thursday,20,94158.0,Bayview,8,4792.0,7288.0,2482.0,2271.0,643900.0,82195.0
Thursday,20,94158.0,Mission,2,4792.0,7288.0,2482.0,2271.0,643900.0,82195.0
Thursday,20,94158.0,Out of SF,2,4792.0,7288.0,2482.0,2271.0,643900.0,82195.0
Thursday,20,94158.0,Southern,15,4792.0,7288.0,2482.0,2271.0,643900.0,82195.0
Thursday,21,94102.0,Mission,24,31176.0,46472.0,18758.0,16844.0,574100.0,22517.0
Thursday,21,94102.0,Northern,41,31176.0,46472.0,18758.0,16844.0,574100.0,22517.0
Thursday,21,94102.0,Park,1,31176.0,46472.0,18758.0,16844.0,574100.0,22517.0
Thursday,21,94102.0,Southern,6,31176.0,46472.0,18758.0,16844.0,574100.0,22517.0
Thursday,21,94102.0,Tenderloin,12,31176.0,46472.0,18758.0,16844.0,574100.0,22517.0
Thursday,21,94103.0,Central,4,27170.0,20036.0,14778.0,13098.0,628000.0,43364.0
Thursday,21,94103.0,Mission,5,27170.0,20036.0,14778.0,13098.0,628000.0,43364.0
Thursday,21,94103.0,Out of SF,3,27170.0,20036.0,14778.0,13098.0,628000.0,43364.0
Thursday,21,94103.0,Southern,46,27170.0,20036.0,14778.0,13098.0,628000.0,43364.0
Thursday,21,94103.0,Tenderloin,34,27170.0,20036.0,14778.0,13098.0,628000.0,43364.0
Thursday,21,94104.0,Central,31,406.0,5232.0,368.0,207.0,1000001.0,48750.0
Thursday,21,94104.0,Southern,7,406.0,5232.0,368.0,207.0,1000001.0,48750.0
Thursday,21,94105.0,Central,7,5846.0,15826.0,4601.0,3586.0,740900.0,163949.0
Thursday,21,94105.0,Southern,36,5846.0,15826.0,4601.0,3586.0,740900.0,163949.0
Thursday,21,94107.0,Bayview,3,26599.0,14845.0,15141.0,13736.0,719700.0,114439.0
Thursday,21,94107.0,Southern,2,26599.0,14845.0,15141.0,13736.0,719700.0,114439.0
Thursday,21,94108.0,Central,50,13768.0,50983.0,8843.0,7628.0,856900.0,35427.0
Thursday,21,94108.0,Tenderloin,2,13768.0,50983.0,8843.0,7628.0,856900.0,35427.0
Thursday,21,94109.0,Central,14,55984.0,47129.0,37182.0,33342.0,723200.0,60722.0
Thursday,21,94109.0,Northern,45,55984.0,47129.0,37182.0,33342.0,723200.0,60722.0
Thursday,21,94109.0,Tenderloin,3,55984.0,47129.0,37182.0,33342.0,723200.0,60722.0
Thursday,21,94110.0,Bayview,10,69333.0,29816.0,28913.0,27128.0,768200.0,82111.0
Thursday,21,94110.0,Ingleside,19,69333.0,29816.0,28913.0,27128.0,768200.0,82111.0
Thursday,21,94110.0,Mission,66,69333.0,29816.0,28913.0,27128.0,768200.0,82111.0
Thursday,21,94110.0,Southern,2,69333.0,29816.0,28913.0,27128.0,768200.0,82111.0
Thursday,21,94111.0,Central,57,3713.0,10791.0,2811.0,2365.0,882000.0,89722.0
Thursday,21,94112.0,Ingleside,22,79407.0,23606.0,23081.0,21975.0,602400.0,71625.0
Thursday,21,94112.0,Mission,1,79407.0,23606.0,23081.0,21975.0,602400.0,71625.0
Thursday,21,94112.0,Taraval,4,79407.0,23606.0,23081.0,21975.0,602400.0,71625.0
Thursday,21,94114.0,Mission,14,31124.0,21837.0,17634.0,16281.0,1000001.0,114689.0
Thursday,21,94114.0,Park,4,31124.0,21837.0,17634.0,16281.0,1000001.0,114689.0
Thursday,21,94115.0,Northern,28,33021.0,29596.0,18884.0,17289.0,965800.0,76952.0
Thursday,21,94115.0,Park,1,33021.0,29596.0,18884.0,17289.0,965800.0,76952.0
Thursday,21,94115.0,Richmond,12,33021.0,29596.0,18884.0,17289.0,965800.0,76952.0
Thursday,21,94116.0,Taraval,27,43698.0,16901.0,16283.0,15445.0,734400.0,83407.0
Thursday,21,94117.0,Mission,6,39169.0,23211.0,19255.0,17939.0,911500.0,94479.0
Thursday,21,94117.0,Northern,16,39169.0,23211.0,19255.0,17939.0,911500.0,94479.0
Thursday,21,94117.0,Park,22,39169.0,23211.0,19255.0,17939.0,911500.0,94479.0
Thursday,21,94118.0,Park,4,38319.0,19663.0,18633.0,17171.0,1000001.0,82857.0
Thursday,21,94118.0,Richmond,42,38319.0,19663.0,18633.0,17171.0,1000001.0,82857.0
Thursday,21,94118.0,Southern,1,38319.0,19663.0,18633.0,17171.0,1000001.0,82857.0
Thursday,21,94122.0,Park,4,56023.0,23699.0,23633.0,22162.0,774500.0,81768.0
Thursday,21,94122.0,Richmond,24,56023.0,23699.0,23633.0,22162.0,774500.0,81768.0
Thursday,21,94122.0,Taraval,21,56023.0,23699.0,23633.0,22162.0,774500.0,81768.0
Thursday,21,94123.0,Central,1,23088.0,22622.0,15083.0,13717.0,1000001.0,112650.0
Thursday,21,94123.0,Northern,17,23088.0,22622.0,15083.0,13717.0,1000001.0,112650.0
Thursday,21,94124.0,Bayview,40,33996.0,6901.0,10812.0,9717.0,470400.0,50146.0
Thursday,21,94127.0,Ingleside,3,19289.0,10895.0,7801.0,7511.0,916900.0,131351.0
Thursday,21,94127.0,Taraval,4,19289.0,10895.0,7801.0,7511.0,916900.0,131351.0
Thursday,21,94130.0,Southern,1,2880.0,3196.0,786.0,656.0,,37500.0
Thursday,21,94131.0,Ingleside,5,26881.0,12926.0,13427.0,12618.0,859700.0,96889.0
Thursday,21,94131.0,Mission,1,26881.0,12926.0,13427.0,12618.0,859700.0,96889.0
Thursday,21,94131.0,Park,6,26881.0,12926.0,13427.0,12618.0,859700.0,96889.0
Thursday,21,94132.0,Taraval,14,28129.0,9045.0,10769.0,9993.0,733100.0,69223.0
Thursday,21,94134.0,Bayview,15,40798.0,17001.0,11867.0,11244.0,547800.0,56716.0
Thursday,21,94134.0,Ingleside,17,40798.0,17001.0,11867.0,11244.0,547800.0,56716.0
Thursday,21,94158.0,Bayview,8,4792.0,7288.0,2482.0,2271.0,643900.0,82195.0
Thursday,21,94158.0,Mission,5,4792.0,7288.0,2482.0,2271.0,643900.0,82195.0
Thursday,21,94158.0,Out of SF,1,4792.0,7288.0,2482.0,2271.0,643900.0,82195.0
Thursday,21,94158.0,Southern,11,4792.0,7288.0,2482.0,2271.0,643900.0,82195.0
Thursday,22,94102.0,Mission,9,31176.0,46472.0,18758.0,16844.0,574100.0,22517.0
Thursday,22,94102.0,Northern,41,31176.0,46472.0,18758.0,16844.0,574100.0,22517.0
Thursday,22,94102.0,Southern,9,31176.0,46472.0,18758.0,16844.0,574100.0,22517.0
Thursday,22,94102.0,Tenderloin,20,31176.0,46472.0,18758.0,16844.0,574100.0,22517.0
Thursday,22,94103.0,Mission,2,27170.0,20036.0,14778.0,13098.0,628000.0,43364.0
Thursday,22,94103.0,Southern,45,27170.0,20036.0,14778.0,13098.0,628000.0,43364.0
Thursday,22,94103.0,Tenderloin,41,27170.0,20036.0,14778.0,13098.0,628000.0,43364.0
Thursday,22,94104.0,Central,39,406.0,5232.0,368.0,207.0,1000001.0,48750.0
Thursday,22,94104.0,Southern,1,406.0,5232.0,368.0,207.0,1000001.0,48750.0
Thursday,22,94105.0,Central,8,5846.0,15826.0,4601.0,3586.0,740900.0,163949.0
Thursday,22,94105.0,Southern,17,5846.0,15826.0,4601.0,3586.0,740900.0,163949.0
Thursday,22,94107.0,Bayview,3,26599.0,14845.0,15141.0,13736.0,719700.0,114439.0
Thursday,22,94107.0,Southern,1,26599.0,14845.0,15141.0,13736.0,719700.0,114439.0
Thursday,22,94108.0,Central,46,13768.0,50983.0,8843.0,7628.0,856900.0,35427.0
Thursday,22,94108.0,Out of SF,4,13768.0,50983.0,8843.0,7628.0,856900.0,35427.0
Thursday,22,94108.0,Tenderloin,7,13768.0,50983.0,8843.0,7628.0,856900.0,35427.0
Thursday,22,94109.0,Central,23,55984.0,47129.0,37182.0,33342.0,723200.0,60722.0
Thursday,22,94109.0,Northern,23,55984.0,47129.0,37182.0,33342.0,723200.0,60722.0
Thursday,22,94109.0,Tenderloin,3,55984.0,47129.0,37182.0,33342.0,723200.0,60722.0
Thursday,22,94110.0,Bayview,10,69333.0,29816.0,28913.0,27128.0,768200.0,82111.0
Thursday,22,94110.0,Ingleside,14,69333.0,29816.0,28913.0,27128.0,768200.0,82111.0
Thursday,22,94110.0,Mission,59,69333.0,29816.0,28913.0,27128.0,768200.0,82111.0
Thursday,22,94110.0,Southern,1,69333.0,29816.0,28913.0,27128.0,768200.0,82111.0
Thursday,22,94111.0,Central,47,3713.0,10791.0,2811.0,2365.0,882000.0,89722.0
Thursday,22,94112.0,Ingleside,40,79407.0,23606.0,23081.0,21975.0,602400.0,71625.0
Thursday,22,94112.0,Taraval,2,79407.0,23606.0,23081.0,21975.0,602400.0,71625.0
Thursday,22,94114.0,Mission,13,31124.0,21837.0,17634.0,16281.0,1000001.0,114689.0
Thursday,22,94114.0,Park,9,31124.0,21837.0,17634.0,16281.0,1000001.0,114689.0
Thursday,22,94115.0,Northern,10,33021.0,29596.0,18884.0,17289.0,965800.0,76952.0
Thursday,22,94115.0,Richmond,7,33021.0,29596.0,18884.0,17289.0,965800.0,76952.0
Thursday,22,94116.0,Taraval,16,43698.0,16901.0,16283.0,15445.0,734400.0,83407.0
Thursday,22,94117.0,Mission,7,39169.0,23211.0,19255.0,17939.0,911500.0,94479.0
Thursday,22,94117.0,Northern,9,39169.0,23211.0,19255.0,17939.0,911500.0,94479.0
Thursday,22,94117.0,Park,15,39169.0,23211.0,19255.0,17939.0,911500.0,94479.0
Thursday,22,94117.0,Southern,3,39169.0,23211.0,19255.0,17939.0,911500.0,94479.0
Thursday,22,94117.0,Taraval,1,39169.0,23211.0,19255.0,17939.0,911500.0,94479.0
Thursday,22,94118.0,Park,2,38319.0,19663.0,18633.0,17171.0,1000001.0,82857.0
Thursday,22,94118.0,Richmond,30,38319.0,19663.0,18633.0,17171.0,1000001.0,82857.0
Thursday,22,94122.0,Park,3,56023.0,23699.0,23633.0,22162.0,774500.0,81768.0
Thursday,22,94122.0,Richmond,11,56023.0,23699.0,23633.0,22162.0,774500.0,81768.0
Thursday,22,94122.0,Taraval,22,56023.0,23699.0,23633.0,22162.0,774500.0,81768.0
Thursday,22,94123.0,Northern,16,23088.0,22622.0,15083.0,13717.0,1000001.0,112650.0
Thursday,22,94124.0,Bayview,44,33996.0,6901.0,10812.0,9717.0,470400.0,50146.0
Thursday,22,94127.0,Ingleside,3,19289.0,10895.0,7801.0,7511.0,916900.0,131351.0
Thursday,22,94127.0,Taraval,11,19289.0,10895.0,7801.0,7511.0,916900.0,131351.0
Thursday,22,94129.0,Northern,1,3183.0,1381.0,1132.0,1086.0,,143320.0
Thursday,22,94130.0,Southern,1,2880.0,3196.0,786.0,656.0,,37500.0
Thursday,22,94131.0,Ingleside,3,26881.0,12926.0,13427.0,12618.0,859700.0,96889.0
Thursday,22,94131.0,Mission,4,26881.0,12926.0,13427.0,12618.0,859700.0,96889.0
Thursday,22,94131.0,Park,6,26881.0,12926.0,13427.0,12618.0,859700.0,96889.0
Thursday,22,94132.0,Out of SF,1,28129.0,9045.0,10769.0,9993.0,733100.0,69223.0
Thursday,22,94132.0,Taraval,15,28129.0,9045.0,10769.0,9993.0,733100.0,69223.0
Thursday,22,94134.0,Bayview,27,40798.0,17001.0,11867.0,11244.0,547800.0,56716.0
Thursday,22,94134.0,Ingleside,10,40798.0,17001.0,11867.0,11244.0,547800.0,56716.0
Thursday,22,94158.0,Bayview,8,4792.0,7288.0,2482.0,2271.0,643900.0,82195.0
Thursday,22,94158.0,Mission,2,4792.0,7288.0,2482.0,2271.0,643900.0,82195.0
Thursday,22,94158.0,Southern,15,4792.0,7288.0,2482.0,2271.0,643900.0,82195.0
Thursday,23,94102.0,Mission,12,31176.0,46472.0,18758.0,16844.0,574100.0,22517.0
Thursday,23,94102.0,Northern,30,31176.0,46472.0,18758.0,16844.0,574100.0,22517.0
Thursday,23,94102.0,Southern,4,31176.0,46472.0,18758.0,16844.0,574100.0,22517.0
Thursday,23,94102.0,Tenderloin,12,31176.0,46472.0,18758.0,16844.0,574100.0,22517.0
Thursday,23,94103.0,Mission,4,27170.0,20036.0,14778.0,13098.0,628000.0,43364.0
Thursday,23,94103.0,Out of SF,1,27170.0,20036.0,14778.0,13098.0,628000.0,43364.0
Thursday,23,94103.0,Southern,43,27170.0,20036.0,14778.0,13098.0,628000.0,43364.0
Thursday,23,94103.0,Tenderloin,42,27170.0,20036.0,14778.0,13098.0,628000.0,43364.0
Thursday,23,94104.0,Central,25,406.0,5232.0,368.0,207.0,1000001.0,48750.0
Thursday,23,94104.0,Southern,3,406.0,5232.0,368.0,207.0,1000001.0,48750.0
Thursday,23,94105.0,Southern,25,5846.0,15826.0,4601.0,3586.0,740900.0,163949.0
Thursday,23,94107.0,Bayview,1,26599.0,14845.0,15141.0,13736.0,719700.0,114439.0
Thursday,23,94107.0,Southern,1,26599.0,14845.0,15141.0,13736.0,719700.0,114439.0
Thursday,23,94108.0,Central,46,13768.0,50983.0,8843.0,7628.0,856900.0,35427.0
Thursday,23,94109.0,Central,28,55984.0,47129.0,37182.0,33342.0,723200.0,60722.0
Thursday,23,94109.0,Northern,31,55984.0,47129.0,37182.0,33342.0,723200.0,60722.0
Thursday,23,94109.0,Tenderloin,1,55984.0,47129.0,37182.0,33342.0,723200.0,60722.0
Thursday,23,94110.0,Bayview,8,69333.0,29816.0,28913.0,27128.0,768200.0,82111.0
Thursday,23,94110.0,Ingleside,21,69333.0,29816.0,28913.0,27128.0,768200.0,82111.0
Thursday,23,94110.0,Mission,94,69333.0,29816.0,28913.0,27128.0,768200.0,82111.0
Thursday,23,94110.0,Southern,1,69333.0,29816.0,28913.0,27128.0,768200.0,82111.0
Thursday,23,94111.0,Central,27,3713.0,10791.0,2811.0,2365.0,882000.0,89722.0
Thursday,23,94112.0,Ingleside,11,79407.0,23606.0,23081.0,21975.0,602400.0,71625.0
Thursday,23,94112.0,Taraval,3,79407.0,23606.0,23081.0,21975.0,602400.0,71625.0
Thursday,23,94114.0,Mission,27,31124.0,21837.0,17634.0,16281.0,1000001.0,114689.0
Thursday,23,94114.0,Park,4,31124.0,21837.0,17634.0,16281.0,1000001.0,114689.0
Thursday,23,94115.0,Northern,9,33021.0,29596.0,18884.0,17289.0,965800.0,76952.0
Thursday,23,94115.0,Richmond,7,33021.0,29596.0,18884.0,17289.0,965800.0,76952.0
Thursday,23,94116.0,Out of SF,3,43698.0,16901.0,16283.0,15445.0,734400.0,83407.0
Thursday,23,94116.0,Taraval,5,43698.0,16901.0,16283.0,15445.0,734400.0,83407.0
Thursday,23,94117.0,Mission,2,39169.0,23211.0,19255.0,17939.0,911500.0,94479.0
Thursday,23,94117.0,Northern,8,39169.0,23211.0,19255.0,17939.0,911500.0,94479.0
Thursday,23,94117.0,Park,1,39169.0,23211.0,19255.0,17939.0,911500.0,94479.0
Thursday,23,94118.0,Park,2,38319.0,19663.0,18633.0,17171.0,1000001.0,82857.0
Thursday,23,94118.0,Richmond,13,38319.0,19663.0,18633.0,17171.0,1000001.0,82857.0
Thursday,23,94122.0,Park,1,56023.0,23699.0,23633.0,22162.0,774500.0,81768.0
Thursday,23,94122.0,Richmond,8,56023.0,23699.0,23633.0,22162.0,774500.0,81768.0
Thursday,23,94122.0,Taraval,15,56023.0,23699.0,23633.0,22162.0,774500.0,81768.0
Thursday,23,94123.0,Northern,16,23088.0,22622.0,15083.0,13717.0,1000001.0,112650.0
Thursday,23,94124.0,Bayview,30,33996.0,6901.0,10812.0,9717.0,470400.0,50146.0
Thursday,23,94127.0,Ingleside,2,19289.0,10895.0,7801.0,7511.0,916900.0,131351.0
Thursday,23,94127.0,Taraval,5,19289.0,10895.0,7801.0,7511.0,916900.0,131351.0
Thursday,23,94131.0,Ingleside,7,26881.0,12926.0,13427.0,12618.0,859700.0,96889.0
Thursday,23,94131.0,Mission,1,26881.0,12926.0,13427.0,12618.0,859700.0,96889.0
Thursday,23,94131.0,Park,4,26881.0,12926.0,13427.0,12618.0,859700.0,96889.0
Thursday,23,94131.0,Taraval,1,26881.0,12926.0,13427.0,12618.0,859700.0,96889.0
Thursday,23,94132.0,Taraval,12,28129.0,9045.0,10769.0,9993.0,733100.0,69223.0
Thursday,23,94134.0,Bayview,9,40798.0,17001.0,11867.0,11244.0,547800.0,56716.0
Thursday,23,94134.0,Ingleside,8,40798.0,17001.0,11867.0,11244.0,547800.0,56716.0
Thursday,23,94158.0,Bayview,5,4792.0,7288.0,2482.0,2271.0,643900.0,82195.0
Thursday,23,94158.0,Mission,2,4792.0,7288.0,2482.0,2271.0,643900.0,82195.0
Thursday,23,94158.0,Out of SF,2,4792.0,7288.0,2482.0,2271.0,643900.0,82195.0
Thursday,23,94158.0,Southern,11,4792.0,7288.0,2482.0,2271.0,643900.0,82195.0
Tuesday,0,94102.0,Mission,9,31176.0,46472.0,18758.0,16844.0,574100.0,22517.0
Tuesday,0,94102.0,Northern,46,31176.0,46472.0,18758.0,16844.0,574100.0,22517.0
Tuesday,0,94102.0,Southern,7,31176.0,46472.0,18758.0,16844.0,574100.0,22517.0
Tuesday,0,94102.0,Taraval,1,31176.0,46472.0,18758.0,16844.0,574100.0,22517.0
Tuesday,0,94102.0,Tenderloin,16,31176.0,46472.0,18758.0,16844.0,574100.0,22517.0
Tuesday,0,94103.0,Central,1,27170.0,20036.0,14778.0,13098.0,628000.0,43364.0
Tuesday,0,94103.0,Mission,2,27170.0,20036.0,14778.0,13098.0,628000.0,43364.0
Tuesday,0,94103.0,Out of SF,10,27170.0,20036.0,14778.0,13098.0,628000.0,43364.0
Tuesday,0,94103.0,Richmond,1,27170.0,20036.0,14778.0,13098.0,628000.0,43364.0
Tuesday,0,94103.0,Southern,46,27170.0,20036.0,14778.0,13098.0,628000.0,43364.0
Tuesday,0,94103.0,Tenderloin,52,27170.0,20036.0,14778.0,13098.0,628000.0,43364.0
Tuesday,0,94104.0,Central,33,406.0,5232.0,368.0,207.0,1000001.0,48750.0
Tuesday,0,94104.0,Southern,1,406.0,5232.0,368.0,207.0,1000001.0,48750.0
Tuesday,0,94104.0,Tenderloin,2,406.0,5232.0,368.0,207.0,1000001.0,48750.0
Tuesday,0,94105.0,Central,3,5846.0,15826.0,4601.0,3586.0,740900.0,163949.0
Tuesday,0,94105.0,Mission,1,5846.0,15826.0,4601.0,3586.0,740900.0,163949.0
Tuesday,0,94105.0,Southern,30,5846.0,15826.0,4601.0,3586.0,740900.0,163949.0
Tuesday,0,94107.0,Bayview,1,26599.0,14845.0,15141.0,13736.0,719700.0,114439.0
Tuesday,0,94107.0,Southern,2,26599.0,14845.0,15141.0,13736.0,719700.0,114439.0
Tuesday,0,94108.0,Central,55,13768.0,50983.0,8843.0,7628.0,856900.0,35427.0
Tuesday,0,94108.0,Out of SF,7,13768.0,50983.0,8843.0,7628.0,856900.0,35427.0
Tuesday,0,94108.0,Tenderloin,3,13768.0,50983.0,8843.0,7628.0,856900.0,35427.0
Tuesday,0,94109.0,Central,21,55984.0,47129.0,37182.0,33342.0,723200.0,60722.0
Tuesday,0,94109.0,Northern,27,55984.0,47129.0,37182.0,33342.0,723200.0,60722.0
Tuesday,0,94109.0,Tenderloin,6,55984.0,47129.0,37182.0,33342.0,723200.0,60722.0
Tuesday,0,94110.0,Bayview,9,69333.0,29816.0,28913.0,27128.0,768200.0,82111.0
Tuesday,0,94110.0,Ingleside,15,69333.0,29816.0,28913.0,27128.0,768200.0,82111.0
Tuesday,0,94110.0,Mission,75,69333.0,29816.0,28913.0,27128.0,768200.0,82111.0
Tuesday,0,94110.0,Southern,1,69333.0,29816.0,28913.0,27128.0,768200.0,82111.0
Tuesday,0,94111.0,Central,13,3713.0,10791.0,2811.0,2365.0,882000.0,89722.0
Tuesday,0,94111.0,Northern,2,3713.0,10791.0,2811.0,2365.0,882000.0,89722.0
Tuesday,0,94111.0,Out of SF,2,3713.0,10791.0,2811.0,2365.0,882000.0,89722.0
Tuesday,0,94112.0,Ingleside,26,79407.0,23606.0,23081.0,21975.0,602400.0,71625.0
Tuesday,0,94112.0,Taraval,7,79407.0,23606.0,23081.0,21975.0,602400.0,71625.0
Tuesday,0,94114.0,Mission,18,31124.0,21837.0,17634.0,16281.0,1000001.0,114689.0
Tuesday,0,94114.0,Park,11,31124.0,21837.0,17634.0,16281.0,1000001.0,114689.0
Tuesday,0,94115.0,Northern,19,33021.0,29596.0,18884.0,17289.0,965800.0,76952.0
Tuesday,0,94115.0,Park,2,33021.0,29596.0,18884.0,17289.0,965800.0,76952.0
Tuesday,0,94115.0,Richmond,14,33021.0,29596.0,18884.0,17289.0,965800.0,76952.0
Tuesday,0,94116.0,Central,1,43698.0,16901.0,16283.0,15445.0,734400.0,83407.0
Tuesday,0,94116.0,Taraval,20,43698.0,16901.0,16283.0,15445.0,734400.0,83407.0
Tuesday,0,94117.0,Mission,11,39169.0,23211.0,19255.0,17939.0,911500.0,94479.0
Tuesday,0,94117.0,Northern,14,39169.0,23211.0,19255.0,17939.0,911500.0,94479.0
Tuesday,0,94117.0,Park,11,39169.0,23211.0,19255.0,17939.0,911500.0,94479.0
Tuesday,0,94118.0,Out of SF,2,38319.0,19663.0,18633.0,17171.0,1000001.0,82857.0
Tuesday,0,94118.0,Park,3,38319.0,19663.0,18633.0,17171.0,1000001.0,82857.0
Tuesday,0,94118.0,Richmond,28,38319.0,19663.0,18633.0,17171.0,1000001.0,82857.0
Tuesday,0,94122.0,Richmond,9,56023.0,23699.0,23633.0,22162.0,774500.0,81768.0
Tuesday,0,94122.0,Taraval,24,56023.0,23699.0,23633.0,22162.0,774500.0,81768.0
Tuesday,0,94123.0,Northern,18,23088.0,22622.0,15083.0,13717.0,1000001.0,112650.0
Tuesday,0,94124.0,Bayview,47,33996.0,6901.0,10812.0,9717.0,470400.0,50146.0
Tuesday,0,94124.0,Out of SF,6,33996.0,6901.0,10812.0,9717.0,470400.0,50146.0
Tuesday,0,94127.0,Ingleside,6,19289.0,10895.0,7801.0,7511.0,916900.0,131351.0
Tuesday,0,94127.0,Park,1,19289.0,10895.0,7801.0,7511.0,916900.0,131351.0
Tuesday,0,94127.0,Taraval,11,19289.0,10895.0,7801.0,7511.0,916900.0,131351.0
Tuesday,0,94130.0,Southern,6,2880.0,3196.0,786.0,656.0,,37500.0
Tuesday,0,94131.0,Ingleside,4,26881.0,12926.0,13427.0,12618.0,859700.0,96889.0
Tuesday,0,94131.0,Mission,2,26881.0,12926.0,13427.0,12618.0,859700.0,96889.0
Tuesday,0,94131.0,Park,8,26881.0,12926.0,13427.0,12618.0,859700.0,96889.0
Tuesday,0,94132.0,Out of SF,1,28129.0,9045.0,10769.0,9993.0,733100.0,69223.0
Tuesday,0,94132.0,Taraval,13,28129.0,9045.0,10769.0,9993.0,733100.0,69223.0
Tuesday,0,94134.0,Bayview,20,40798.0,17001.0,11867.0,11244.0,547800.0,56716.0
Tuesday,0,94134.0,Ingleside,18,40798.0,17001.0,11867.0,11244.0,547800.0,56716.0
Tuesday,0,94158.0,Bayview,9,4792.0,7288.0,2482.0,2271.0,643900.0,82195.0
Tuesday,0,94158.0,Mission,1,4792.0,7288.0,2482.0,2271.0,643900.0,82195.0
Tuesday,0,94158.0,Out of SF,7,4792.0,7288.0,2482.0,2271.0,643900.0,82195.0
Tuesday,0,94158.0,Southern,21,4792.0,7288.0,2482.0,2271.0,643900.0,82195.0
Tuesday,1,94102.0,Mission,9,31176.0,46472.0,18758.0,16844.0,574100.0,22517.0
Tuesday,1,94102.0,Northern,22,31176.0,46472.0,18758.0,16844.0,574100.0,22517.0
Tuesday,1,94102.0,Southern,2,31176.0,46472.0,18758.0,16844.0,574100.0,22517.0
Tuesday,1,94102.0,Tenderloin,10,31176.0,46472.0,18758.0,16844.0,574100.0,22517.0
Tuesday,1,94103.0,Mission,1,27170.0,20036.0,14778.0,13098.0,628000.0,43364.0
Tuesday,1,94103.0,Out of SF,1,27170.0,20036.0,14778.0,13098.0,628000.0,43364.0
Tuesday,1,94103.0,Southern,27,27170.0,20036.0,14778.0,13098.0,628000.0,43364.0
Tuesday,1,94103.0,Tenderloin,13,27170.0,20036.0,14778.0,13098.0,628000.0,43364.0
Tuesday,1,94104.0,Central,8,406.0,5232.0,368.0,207.0,1000001.0,48750.0
Tuesday,1,94105.0,Central,1,5846.0,15826.0,4601.0,3586.0,740900.0,163949.0
Tuesday,1,94105.0,Southern,15,5846.0,15826.0,4601.0,3586.0,740900.0,163949.0
Tuesday,1,94108.0,Central,21,13768.0,50983.0,8843.0,7628.0,856900.0,35427.0
Tuesday,1,94108.0,Tenderloin,2,13768.0,50983.0,8843.0,7628.0,856900.0,35427.0
Tuesday,1,94109.0,Central,7,55984.0,47129.0,37182.0,33342.0,723200.0,60722.0
Tuesday,1,94109.0,Northern,26,55984.0,47129.0,37182.0,33342.0,723200.0,60722.0
Tuesday,1,94109.0,Tenderloin,3,55984.0,47129.0,37182.0,33342.0,723200.0,60722.0
Tuesday,1,94110.0,Bayview,3,69333.0,29816.0,28913.0,27128.0,768200.0,82111.0
Tuesday,1,94110.0,Ingleside,9,69333.0,29816.0,28913.0,27128.0,768200.0,82111.0
Tuesday,1,94110.0,Mission,42,69333.0,29816.0,28913.0,27128.0,768200.0,82111.0
Tuesday,1,94111.0,Central,11,3713.0,10791.0,2811.0,2365.0,882000.0,89722.0
Tuesday,1,94112.0,Ingleside,13,79407.0,23606.0,23081.0,21975.0,602400.0,71625.0
Tuesday,1,94112.0,Taraval,5,79407.0,23606.0,23081.0,21975.0,602400.0,71625.0
Tuesday,1,94114.0,Mission,17,31124.0,21837.0,17634.0,16281.0,1000001.0,114689.0
Tuesday,1,94114.0,Park,1,31124.0,21837.0,17634.0,16281.0,1000001.0,114689.0
Tuesday,1,94115.0,Northern,6,33021.0,29596.0,18884.0,17289.0,965800.0,76952.0
Tuesday,1,94115.0,Richmond,2,33021.0,29596.0,18884.0,17289.0,965800.0,76952.0
Tuesday,1,94116.0,Taraval,8,43698.0,16901.0,16283.0,15445.0,734400.0,83407.0
Tuesday,1,94117.0,Mission,4,39169.0,23211.0,19255.0,17939.0,911500.0,94479.0
Tuesday,1,94117.0,Northern,9,39169.0,23211.0,19255.0,17939.0,911500.0,94479.0
Tuesday,1,94117.0,Park,12,39169.0,23211.0,19255.0,17939.0,911500.0,94479.0
Tuesday,1,94118.0,Park,4,38319.0,19663.0,18633.0,17171.0,1000001.0,82857.0
Tuesday,1,94118.0,Richmond,15,38319.0,19663.0,18633.0,17171.0,1000001.0,82857.0
Tuesday,1,94122.0,Richmond,5,56023.0,23699.0,23633.0,22162.0,774500.0,81768.0
Tuesday,1,94122.0,Taraval,13,56023.0,23699.0,23633.0,22162.0,774500.0,81768.0
Tuesday,1,94123.0,Northern,7,23088.0,22622.0,15083.0,13717.0,1000001.0,112650.0
Tuesday,1,94124.0,Bayview,25,33996.0,6901.0,10812.0,9717.0,470400.0,50146.0
Tuesday,1,94127.0,Ingleside,2,19289.0,10895.0,7801.0,7511.0,916900.0,131351.0
Tuesday,1,94127.0,Taraval,15,19289.0,10895.0,7801.0,7511.0,916900.0,131351.0
Tuesday,1,94129.0,Central,2,3183.0,1381.0,1132.0,1086.0,,143320.0
Tuesday,1,94131.0,Ingleside,1,26881.0,12926.0,13427.0,12618.0,859700.0,96889.0
Tuesday,1,94131.0,Mission,1,26881.0,12926.0,13427.0,12618.0,859700.0,96889.0
Tuesday,1,94131.0,Park,2,26881.0,12926.0,13427.0,12618.0,859700.0,96889.0
Tuesday,1,94131.0,Taraval,2,26881.0,12926.0,13427.0,12618.0,859700.0,96889.0
Tuesday,1,94132.0,Taraval,3,28129.0,9045.0,10769.0,9993.0,733100.0,69223.0
Tuesday,1,94134.0,Bayview,2,40798.0,17001.0,11867.0,11244.0,547800.0,56716.0
Tuesday,1,94134.0,Ingleside,6,40798.0,17001.0,11867.0,11244.0,547800.0,56716.0
Tuesday,1,94158.0,Bayview,2,4792.0,7288.0,2482.0,2271.0,643900.0,82195.0
Tuesday,1,94158.0,Out of SF,1,4792.0,7288.0,2482.0,2271.0,643900.0,82195.0
Tuesday,1,94158.0,Southern,7,4792.0,7288.0,2482.0,2271.0,643900.0,82195.0
Tuesday,2,94102.0,Mission,7,31176.0,46472.0,18758.0,16844.0,574100.0,22517.0
Tuesday,2,94102.0,Northern,20,31176.0,46472.0,18758.0,16844.0,574100.0,22517.0
Tuesday,2,94102.0,Southern,9,31176.0,46472.0,18758.0,16844.0,574100.0,22517.0
Tuesday,2,94102.0,Tenderloin,6,31176.0,46472.0,18758.0,16844.0,574100.0,22517.0
Tuesday,2,94103.0,Mission,4,27170.0,20036.0,14778.0,13098.0,628000.0,43364.0
Tuesday,2,94103.0,Out of SF,2,27170.0,20036.0,14778.0,13098.0,628000.0,43364.0
Tuesday,2,94103.0,Southern,16,27170.0,20036.0,14778.0,13098.0,628000.0,43364.0
Tuesday,2,94103.0,Tenderloin,13,27170.0,20036.0,14778.0,13098.0,628000.0,43364.0
Tuesday,2,94104.0,Central,14,406.0,5232.0,368.0,207.0,1000001.0,48750.0
Tuesday,2,94104.0,Southern,2,406.0,5232.0,368.0,207.0,1000001.0,48750.0
Tuesday,2,94105.0,Central,1,5846.0,15826.0,4601.0,3586.0,740900.0,163949.0
Tuesday,2,94105.0,Southern,3,5846.0,15826.0,4601.0,3586.0,740900.0,163949.0
Tuesday,2,94107.0,Bayview,1,26599.0,14845.0,15141.0,13736.0,719700.0,114439.0
Tuesday,2,94108.0,Central,28,13768.0,50983.0,8843.0,7628.0,856900.0,35427.0
Tuesday,2,94108.0,Tenderloin,4,13768.0,50983.0,8843.0,7628.0,856900.0,35427.0
Tuesday,2,94109.0,Central,8,55984.0,47129.0,37182.0,33342.0,723200.0,60722.0
Tuesday,2,94109.0,Northern,14,55984.0,47129.0,37182.0,33342.0,723200.0,60722.0
Tuesday,2,94110.0,Bayview,3,69333.0,29816.0,28913.0,27128.0,768200.0,82111.0
Tuesday,2,94110.0,Ingleside,9,69333.0,29816.0,28913.0,27128.0,768200.0,82111.0
Tuesday,2,94110.0,Mission,33,69333.0,29816.0,28913.0,27128.0,768200.0,82111.0
Tuesday,2,94111.0,Central,7,3713.0,10791.0,2811.0,2365.0,882000.0,89722.0
Tuesday,2,94112.0,Ingleside,6,79407.0,23606.0,23081.0,21975.0,602400.0,71625.0
Tuesday,2,94112.0,Taraval,2,79407.0,23606.0,23081.0,21975.0,602400.0,71625.0
Tuesday,2,94114.0,Mission,15,31124.0,21837.0,17634.0,16281.0,1000001.0,114689.0
Tuesday,2,94114.0,Park,5,31124.0,21837.0,17634.0,16281.0,1000001.0,114689.0
Tuesday,2,94115.0,Northern,9,33021.0,29596.0,18884.0,17289.0,965800.0,76952.0
Tuesday,2,94115.0,Richmond,4,33021.0,29596.0,18884.0,17289.0,965800.0,76952.0
Tuesday,2,94116.0,Taraval,15,43698.0,16901.0,16283.0,15445.0,734400.0,83407.0
Tuesday,2,94117.0,Mission,6,39169.0,23211.0,19255.0,17939.0,911500.0,94479.0
Tuesday,2,94117.0,Northern,3,39169.0,23211.0,19255.0,17939.0,911500.0,94479.0
Tuesday,2,94117.0,Park,6,39169.0,23211.0,19255.0,17939.0,911500.0,94479.0
Tuesday,2,94118.0,Richmond,4,38319.0,19663.0,18633.0,17171.0,1000001.0,82857.0
Tuesday,2,94122.0,Park,3,56023.0,23699.0,23633.0,22162.0,774500.0,81768.0
Tuesday,2,94122.0,Richmond,9,56023.0,23699.0,23633.0,22162.0,774500.0,81768.0
Tuesday,2,94122.0,Taraval,7,56023.0,23699.0,23633.0,22162.0,774500.0,81768.0
Tuesday,2,94123.0,Northern,3,23088.0,22622.0,15083.0,13717.0,1000001.0,112650.0
Tuesday,2,94124.0,Bayview,14,33996.0,6901.0,10812.0,9717.0,470400.0,50146.0
Tuesday,2,94127.0,Taraval,1,19289.0,10895.0,7801.0,7511.0,916900.0,131351.0
Tuesday,2,94132.0,Taraval,2,28129.0,9045.0,10769.0,9993.0,733100.0,69223.0
Tuesday,2,94134.0,Bayview,5,40798.0,17001.0,11867.0,11244.0,547800.0,56716.0
Tuesday,2,94134.0,Ingleside,8,40798.0,17001.0,11867.0,11244.0,547800.0,56716.0
Tuesday,2,94158.0,Bayview,2,4792.0,7288.0,2482.0,2271.0,643900.0,82195.0
Tuesday,2,94158.0,Out of SF,2,4792.0,7288.0,2482.0,2271.0,643900.0,82195.0
Tuesday,2,94158.0,Southern,6,4792.0,7288.0,2482.0,2271.0,643900.0,82195.0
Tuesday,3,94102.0,Mission,6,31176.0,46472.0,18758.0,16844.0,574100.0,22517.0
Tuesday,3,94102.0,Northern,21,31176.0,46472.0,18758.0,16844.0,574100.0,22517.0
Tuesday,3,94102.0,Southern,8,31176.0,46472.0,18758.0,16844.0,574100.0,22517.0
Tuesday,3,94102.0,Tenderloin,2,31176.0,46472.0,18758.0,16844.0,574100.0,22517.0
Tuesday,3,94103.0,Mission,3,27170.0,20036.0,14778.0,13098.0,628000.0,43364.0
Tuesday,3,94103.0,Out of SF,2,27170.0,20036.0,14778.0,13098.0,628000.0,43364.0
Tuesday,3,94103.0,Southern,22,27170.0,20036.0,14778.0,13098.0,628000.0,43364.0
Tuesday,3,94103.0,Tenderloin,15,27170.0,20036.0,14778.0,13098.0,628000.0,43364.0
Tuesday,3,94104.0,Central,11,406.0,5232.0,368.0,207.0,1000001.0,48750.0
Tuesday,3,94105.0,Central,1,5846.0,15826.0,4601.0,3586.0,740900.0,163949.0
Tuesday,3,94105.0,Southern,14,5846.0,15826.0,4601.0,3586.0,740900.0,163949.0
Tuesday,3,94108.0,Central,35,13768.0,50983.0,8843.0,7628.0,856900.0,35427.0
Tuesday,3,94108.0,Tenderloin,2,13768.0,50983.0,8843.0,7628.0,856900.0,35427.0
Tuesday,3,94109.0,Central,7,55984.0,47129.0,37182.0,33342.0,723200.0,60722.0
Tuesday,3,94109.0,Northern,25,55984.0,47129.0,37182.0,33342.0,723200.0,60722.0
Tuesday,3,94109.0,Tenderloin,4,55984.0,47129.0,37182.0,33342.0,723200.0,60722.0
Tuesday,3,94110.0,Bayview,1,69333.0,29816.0,28913.0,27128.0,768200.0,82111.0
Tuesday,3,94110.0,Ingleside,5,69333.0,29816.0,28913.0,27128.0,768200.0,82111.0
Tuesday,3,94110.0,Mission,45,69333.0,29816.0,28913.0,27128.0,768200.0,82111.0
Tuesday,3,94111.0,Central,8,3713.0,10791.0,2811.0,2365.0,882000.0,89722.0
Tuesday,3,94112.0,Ingleside,4,79407.0,23606.0,23081.0,21975.0,602400.0,71625.0
Tuesday,3,94112.0,Taraval,1,79407.0,23606.0,23081.0,21975.0,602400.0,71625.0
Tuesday,3,94114.0,Mission,12,31124.0,21837.0,17634.0,16281.0,1000001.0,114689.0
Tuesday,3,94114.0,Park,1,31124.0,21837.0,17634.0,16281.0,1000001.0,114689.0
Tuesday,3,94115.0,Northern,3,33021.0,29596.0,18884.0,17289.0,965800.0,76952.0
Tuesday,3,94115.0,Park,1,33021.0,29596.0,18884.0,17289.0,965800.0,76952.0
Tuesday,3,94115.0,Richmond,1,33021.0,29596.0,18884.0,17289.0,965800.0,76952.0
Tuesday,3,94116.0,Taraval,4,43698.0,16901.0,16283.0,15445.0,734400.0,83407.0
Tuesday,3,94117.0,Mission,2,39169.0,23211.0,19255.0,17939.0,911500.0,94479.0
Tuesday,3,94117.0,Northern,7,39169.0,23211.0,19255.0,17939.0,911500.0,94479.0
Tuesday,3,94117.0,Park,8,39169.0,23211.0,19255.0,17939.0,911500.0,94479.0
Tuesday,3,94118.0,Park,3,38319.0,19663.0,18633.0,17171.0,1000001.0,82857.0
Tuesday,3,94118.0,Richmond,6,38319.0,19663.0,18633.0,17171.0,1000001.0,82857.0
Tuesday,3,94118.0,Southern,1,38319.0,19663.0,18633.0,17171.0,1000001.0,82857.0
Tuesday,3,94122.0,Richmond,3,56023.0,23699.0,23633.0,22162.0,774500.0,81768.0
Tuesday,3,94122.0,Taraval,10,56023.0,23699.0,23633.0,22162.0,774500.0,81768.0
Tuesday,3,94123.0,Northern,7,23088.0,22622.0,15083.0,13717.0,1000001.0,112650.0
Tuesday,3,94124.0,Bayview,9,33996.0,6901.0,10812.0,9717.0,470400.0,50146.0
Tuesday,3,94127.0,Ingleside,1,19289.0,10895.0,7801.0,7511.0,916900.0,131351.0
Tuesday,3,94127.0,Taraval,2,19289.0,10895.0,7801.0,7511.0,916900.0,131351.0
Tuesday,3,94129.0,Central,1,3183.0,1381.0,1132.0,1086.0,,143320.0
Tuesday,3,94130.0,Park,1,2880.0,3196.0,786.0,656.0,,37500.0
Tuesday,3,94131.0,Ingleside,3,26881.0,12926.0,13427.0,12618.0,859700.0,96889.0
Tuesday,3,94131.0,Mission,2,26881.0,12926.0,13427.0,12618.0,859700.0,96889.0
Tuesday,3,94131.0,Park,1,26881.0,12926.0,13427.0,12618.0,859700.0,96889.0
Tuesday,3,94132.0,Taraval,9,28129.0,9045.0,10769.0,9993.0,733100.0,69223.0
Tuesday,3,94134.0,Bayview,6,40798.0,17001.0,11867.0,11244.0,547800.0,56716.0
Tuesday,3,94158.0,Bayview,8,4792.0,7288.0,2482.0,2271.0,643900.0,82195.0
Tuesday,3,94158.0,Southern,2,4792.0,7288.0,2482.0,2271.0,643900.0,82195.0
Tuesday,4,94102.0,Mission,7,31176.0,46472.0,18758.0,16844.0,574100.0,22517.0
Tuesday,4,94102.0,Northern,10,31176.0,46472.0,18758.0,16844.0,574100.0,22517.0
Tuesday,4,94102.0,Southern,5,31176.0,46472.0,18758.0,16844.0,574100.0,22517.0
Tuesday,4,94102.0,Tenderloin,2,31176.0,46472.0,18758.0,16844.0,574100.0,22517.0
Tuesday,4,94103.0,Out of SF,2,27170.0,20036.0,14778.0,13098.0,628000.0,43364.0
Tuesday,4,94103.0,Southern,22,27170.0,20036.0,14778.0,13098.0,628000.0,43364.0
Tuesday,4,94103.0,Tenderloin,8,27170.0,20036.0,14778.0,13098.0,628000.0,43364.0
Tuesday,4,94104.0,Central,9,406.0,5232.0,368.0,207.0,1000001.0,48750.0
Tuesday,4,94105.0,Southern,7,5846.0,15826.0,4601.0,3586.0,740900.0,163949.0
Tuesday,4,94107.0,Bayview,1,26599.0,14845.0,15141.0,13736.0,719700.0,114439.0
Tuesday,4,94108.0,Central,15,13768.0,50983.0,8843.0,7628.0,856900.0,35427.0
Tuesday,4,94109.0,Central,7,55984.0,47129.0,37182.0,33342.0,723200.0,60722.0
Tuesday,4,94109.0,Northern,16,55984.0,47129.0,37182.0,33342.0,723200.0,60722.0
Tuesday,4,94109.0,Tenderloin,2,55984.0,47129.0,37182.0,33342.0,723200.0,60722.0
Tuesday,4,94110.0,Bayview,4,69333.0,29816.0,28913.0,27128.0,768200.0,82111.0
Tuesday,4,94110.0,Ingleside,3,69333.0,29816.0,28913.0,27128.0,768200.0,82111.0
Tuesday,4,94110.0,Mission,25,69333.0,29816.0,28913.0,27128.0,768200.0,82111.0
Tuesday,4,94111.0,Central,9,3713.0,10791.0,2811.0,2365.0,882000.0,89722.0
Tuesday,4,94112.0,Ingleside,3,79407.0,23606.0,23081.0,21975.0,602400.0,71625.0
Tuesday,4,94112.0,Taraval,2,79407.0,23606.0,23081.0,21975.0,602400.0,71625.0
Tuesday,4,94114.0,Mission,2,31124.0,21837.0,17634.0,16281.0,1000001.0,114689.0
Tuesday,4,94115.0,Northern,3,33021.0,29596.0,18884.0,17289.0,965800.0,76952.0
Tuesday,4,94116.0,Taraval,3,43698.0,16901.0,16283.0,15445.0,734400.0,83407.0
Tuesday,4,94117.0,Mission,4,39169.0,23211.0,19255.0,17939.0,911500.0,94479.0
Tuesday,4,94117.0,Northern,1,39169.0,23211.0,19255.0,17939.0,911500.0,94479.0
Tuesday,4,94117.0,Park,7,39169.0,23211.0,19255.0,17939.0,911500.0,94479.0
Tuesday,4,94118.0,Richmond,9,38319.0,19663.0,18633.0,17171.0,1000001.0,82857.0
Tuesday,4,94122.0,Park,1,56023.0,23699.0,23633.0,22162.0,774500.0,81768.0
Tuesday,4,94122.0,Richmond,5,56023.0,23699.0,23633.0,22162.0,774500.0,81768.0
Tuesday,4,94122.0,Taraval,8,56023.0,23699.0,23633.0,22162.0,774500.0,81768.0
Tuesday,4,94123.0,Northern,7,23088.0,22622.0,15083.0,13717.0,1000001.0,112650.0
Tuesday,4,94124.0,Bayview,14,33996.0,6901.0,10812.0,9717.0,470400.0,50146.0
Tuesday,4,94127.0,Ingleside,2,19289.0,10895.0,7801.0,7511.0,916900.0,131351.0
Tuesday,4,94127.0,Taraval,4,19289.0,10895.0,7801.0,7511.0,916900.0,131351.0
Tuesday,4,94131.0,Park,4,26881.0,12926.0,13427.0,12618.0,859700.0,96889.0
Tuesday,4,94132.0,Taraval,2,28129.0,9045.0,10769.0,9993.0,733100.0,69223.0
Tuesday,4,94134.0,Bayview,4,40798.0,17001.0,11867.0,11244.0,547800.0,56716.0
Tuesday,4,94134.0,Ingleside,4,40798.0,17001.0,11867.0,11244.0,547800.0,56716.0
Tuesday,4,94158.0,Bayview,5,4792.0,7288.0,2482.0,2271.0,643900.0,82195.0
Tuesday,4,94158.0,Mission,1,4792.0,7288.0,2482.0,2271.0,643900.0,82195.0
Tuesday,4,94158.0,Southern,2,4792.0,7288.0,2482.0,2271.0,643900.0,82195.0
Tuesday,5,94102.0,Mission,3,31176.0,46472.0,18758.0,16844.0,574100.0,22517.0
Tuesday,5,94102.0,Northern,14,31176.0,46472.0,18758.0,16844.0,574100.0,22517.0
Tuesday,5,94102.0,Southern,2,31176.0,46472.0,18758.0,16844.0,574100.0,22517.0
Tuesday,5,94102.0,Tenderloin,5,31176.0,46472.0,18758.0,16844.0,574100.0,22517.0
Tuesday,5,94103.0,Mission,1,27170.0,20036.0,14778.0,13098.0,628000.0,43364.0
Tuesday,5,94103.0,Southern,12,27170.0,20036.0,14778.0,13098.0,628000.0,43364.0
Tuesday,5,94103.0,Tenderloin,16,27170.0,20036.0,14778.0,13098.0,628000.0,43364.0
Tuesday,5,94104.0,Central,10,406.0,5232.0,368.0,207.0,1000001.0,48750.0
Tuesday,5,94105.0,Central,3,5846.0,15826.0,4601.0,3586.0,740900.0,163949.0
Tuesday,5,94105.0,Southern,5,5846.0,15826.0,4601.0,3586.0,740900.0,163949.0
Tuesday,5,94107.0,Southern,1,26599.0,14845.0,15141.0,13736.0,719700.0,114439.0
Tuesday,5,94108.0,Central,14,13768.0,50983.0,8843.0,7628.0,856900.0,35427.0
Tuesday,5,94108.0,Tenderloin,2,13768.0,50983.0,8843.0,7628.0,856900.0,35427.0
Tuesday,5,94109.0,Central,7,55984.0,47129.0,37182.0,33342.0,723200.0,60722.0
Tuesday,5,94109.0,Northern,16,55984.0,47129.0,37182.0,33342.0,723200.0,60722.0
Tuesday,5,94109.0,Tenderloin,3,55984.0,47129.0,37182.0,33342.0,723200.0,60722.0
Tuesday,5,94110.0,Bayview,2,69333.0,29816.0,28913.0,27128.0,768200.0,82111.0
Tuesday,5,94110.0,Ingleside,2,69333.0,29816.0,28913.0,27128.0,768200.0,82111.0
Tuesday,5,94110.0,Mission,18,69333.0,29816.0,28913.0,27128.0,768200.0,82111.0
Tuesday,5,94111.0,Central,3,3713.0,10791.0,2811.0,2365.0,882000.0,89722.0
Tuesday,5,94112.0,Ingleside,6,79407.0,23606.0,23081.0,21975.0,602400.0,71625.0
Tuesday,5,94114.0,Mission,5,31124.0,21837.0,17634.0,16281.0,1000001.0,114689.0
Tuesday,5,94114.0,Park,1,31124.0,21837.0,17634.0,16281.0,1000001.0,114689.0
Tuesday,5,94115.0,Northern,6,33021.0,29596.0,18884.0,17289.0,965800.0,76952.0
Tuesday,5,94115.0,Richmond,3,33021.0,29596.0,18884.0,17289.0,965800.0,76952.0
Tuesday,5,94116.0,Out of SF,1,43698.0,16901.0,16283.0,15445.0,734400.0,83407.0
Tuesday,5,94116.0,Taraval,5,43698.0,16901.0,16283.0,15445.0,734400.0,83407.0
Tuesday,5,94117.0,Northern,1,39169.0,23211.0,19255.0,17939.0,911500.0,94479.0
Tuesday,5,94117.0,Park,5,39169.0,23211.0,19255.0,17939.0,911500.0,94479.0
Tuesday,5,94118.0,Park,2,38319.0,19663.0,18633.0,17171.0,1000001.0,82857.0
Tuesday,5,94118.0,Richmond,5,38319.0,19663.0,18633.0,17171.0,1000001.0,82857.0
Tuesday,5,94122.0,Richmond,3,56023.0,23699.0,23633.0,22162.0,774500.0,81768.0
Tuesday,5,94122.0,Taraval,6,56023.0,23699.0,23633.0,22162.0,774500.0,81768.0
Tuesday,5,94123.0,Northern,6,23088.0,22622.0,15083.0,13717.0,1000001.0,112650.0
Tuesday,5,94123.0,Richmond,1,23088.0,22622.0,15083.0,13717.0,1000001.0,112650.0
Tuesday,5,94124.0,Bayview,16,33996.0,6901.0,10812.0,9717.0,470400.0,50146.0
Tuesday,5,94127.0,Taraval,2,19289.0,10895.0,7801.0,7511.0,916900.0,131351.0
Tuesday,5,94131.0,Ingleside,1,26881.0,12926.0,13427.0,12618.0,859700.0,96889.0
Tuesday,5,94132.0,Taraval,3,28129.0,9045.0,10769.0,9993.0,733100.0,69223.0
Tuesday,5,94134.0,Bayview,3,40798.0,17001.0,11867.0,11244.0,547800.0,56716.0
Tuesday,5,94134.0,Ingleside,1,40798.0,17001.0,11867.0,11244.0,547800.0,56716.0
Tuesday,5,94158.0,Bayview,4,4792.0,7288.0,2482.0,2271.0,643900.0,82195.0
Tuesday,5,94158.0,Southern,7,4792.0,7288.0,2482.0,2271.0,643900.0,82195.0
Tuesday,6,94102.0,Mission,4,31176.0,46472.0,18758.0,16844.0,574100.0,22517.0
Tuesday,6,94102.0,Northern,15,31176.0,46472.0,18758.0,16844.0,574100.0,22517.0
Tuesday,6,94102.0,Southern,2,31176.0,46472.0,18758.0,16844.0,574100.0,22517.0
Tuesday,6,94102.0,Tenderloin,13,31176.0,46472.0,18758.0,16844.0,574100.0,22517.0
Tuesday,6,94103.0,Bayview,1,27170.0,20036.0,14778.0,13098.0,628000.0,43364.0
Tuesday,6,94103.0,Mission,3,27170.0,20036.0,14778.0,13098.0,628000.0,43364.0
Tuesday,6,94103.0,Out of SF,7,27170.0,20036.0,14778.0,13098.0,628000.0,43364.0
Tuesday,6,94103.0,Southern,15,27170.0,20036.0,14778.0,13098.0,628000.0,43364.0
Tuesday,6,94103.0,Tenderloin,17,27170.0,20036.0,14778.0,13098.0,628000.0,43364.0
Tuesday,6,94104.0,Central,4,406.0,5232.0,368.0,207.0,1000001.0,48750.0
Tuesday,6,94104.0,Northern,1,406.0,5232.0,368.0,207.0,1000001.0,48750.0
Tuesday,6,94105.0,Bayview,3,5846.0,15826.0,4601.0,3586.0,740900.0,163949.0
Tuesday,6,94105.0,Central,4,5846.0,15826.0,4601.0,3586.0,740900.0,163949.0
Tuesday,6,94105.0,Southern,21,5846.0,15826.0,4601.0,3586.0,740900.0,163949.0
Tuesday,6,94107.0,Bayview,3,26599.0,14845.0,15141.0,13736.0,719700.0,114439.0
Tuesday,6,94107.0,Richmond,1,26599.0,14845.0,15141.0,13736.0,719700.0,114439.0
Tuesday,6,94108.0,Central,14,13768.0,50983.0,8843.0,7628.0,856900.0,35427.0
Tuesday,6,94108.0,Tenderloin,3,13768.0,50983.0,8843.0,7628.0,856900.0,35427.0
Tuesday,6,94109.0,Central,6,55984.0,47129.0,37182.0,33342.0,723200.0,60722.0
Tuesday,6,94109.0,Northern,14,55984.0,47129.0,37182.0,33342.0,723200.0,60722.0
Tuesday,6,94109.0,Southern,1,55984.0,47129.0,37182.0,33342.0,723200.0,60722.0
Tuesday,6,94109.0,Tenderloin,1,55984.0,47129.0,37182.0,33342.0,723200.0,60722.0
Tuesday,6,94110.0,Bayview,4,69333.0,29816.0,28913.0,27128.0,768200.0,82111.0
Tuesday,6,94110.0,Ingleside,5,69333.0,29816.0,28913.0,27128.0,768200.0,82111.0
Tuesday,6,94110.0,Mission,28,69333.0,29816.0,28913.0,27128.0,768200.0,82111.0
Tuesday,6,94111.0,Central,2,3713.0,10791.0,2811.0,2365.0,882000.0,89722.0
Tuesday,6,94112.0,Ingleside,10,79407.0,23606.0,23081.0,21975.0,602400.0,71625.0
Tuesday,6,94112.0,Taraval,1,79407.0,23606.0,23081.0,21975.0,602400.0,71625.0
Tuesday,6,94114.0,Mission,5,31124.0,21837.0,17634.0,16281.0,1000001.0,114689.0
Tuesday,6,94114.0,Park,2,31124.0,21837.0,17634.0,16281.0,1000001.0,114689.0
Tuesday,6,94115.0,Northern,7,33021.0,29596.0,18884.0,17289.0,965800.0,76952.0
Tuesday,6,94115.0,Richmond,1,33021.0,29596.0,18884.0,17289.0,965800.0,76952.0
Tuesday,6,94116.0,Taraval,6,43698.0,16901.0,16283.0,15445.0,734400.0,83407.0
Tuesday,6,94117.0,Mission,2,39169.0,23211.0,19255.0,17939.0,911500.0,94479.0
Tuesday,6,94117.0,Northern,5,39169.0,23211.0,19255.0,17939.0,911500.0,94479.0
Tuesday,6,94117.0,Park,14,39169.0,23211.0,19255.0,17939.0,911500.0,94479.0
Tuesday,6,94118.0,Park,4,38319.0,19663.0,18633.0,17171.0,1000001.0,82857.0
Tuesday,6,94118.0,Richmond,10,38319.0,19663.0,18633.0,17171.0,1000001.0,82857.0
Tuesday,6,94122.0,Richmond,5,56023.0,23699.0,23633.0,22162.0,774500.0,81768.0
Tuesday,6,94122.0,Taraval,6,56023.0,23699.0,23633.0,22162.0,774500.0,81768.0
Tuesday,6,94123.0,Northern,11,23088.0,22622.0,15083.0,13717.0,1000001.0,112650.0
Tuesday,6,94124.0,Bayview,23,33996.0,6901.0,10812.0,9717.0,470400.0,50146.0
Tuesday,6,94127.0,Ingleside,4,19289.0,10895.0,7801.0,7511.0,916900.0,131351.0
Tuesday,6,94127.0,Taraval,6,19289.0,10895.0,7801.0,7511.0,916900.0,131351.0
Tuesday,6,94130.0,Southern,3,2880.0,3196.0,786.0,656.0,,37500.0
Tuesday,6,94131.0,Park,4,26881.0,12926.0,13427.0,12618.0,859700.0,96889.0
Tuesday,6,94132.0,Taraval,5,28129.0,9045.0,10769.0,9993.0,733100.0,69223.0
Tuesday,6,94134.0,Bayview,8,40798.0,17001.0,11867.0,11244.0,547800.0,56716.0
Tuesday,6,94134.0,Ingleside,6,40798.0,17001.0,11867.0,11244.0,547800.0,56716.0
Tuesday,6,94158.0,Bayview,2,4792.0,7288.0,2482.0,2271.0,643900.0,82195.0
Tuesday,6,94158.0,Mission,4,4792.0,7288.0,2482.0,2271.0,643900.0,82195.0
Tuesday,6,94158.0,Southern,3,4792.0,7288.0,2482.0,2271.0,643900.0,82195.0
Tuesday,7,94102.0,Mission,15,31176.0,46472.0,18758.0,16844.0,574100.0,22517.0
Tuesday,7,94102.0,Northern,31,31176.0,46472.0,18758.0,16844.0,574100.0,22517.0
Tuesday,7,94102.0,Southern,10,31176.0,46472.0,18758.0,16844.0,574100.0,22517.0
Tuesday,7,94102.0,Tenderloin,19,31176.0,46472.0,18758.0,16844.0,574100.0,22517.0
Tuesday,7,94103.0,Mission,2,27170.0,20036.0,14778.0,13098.0,628000.0,43364.0
Tuesday,7,94103.0,Out of SF,5,27170.0,20036.0,14778.0,13098.0,628000.0,43364.0
Tuesday,7,94103.0,Southern,41,27170.0,20036.0,14778.0,13098.0,628000.0,43364.0
Tuesday,7,94103.0,Taraval,1,27170.0,20036.0,14778.0,13098.0,628000.0,43364.0
Tuesday,7,94103.0,Tenderloin,46,27170.0,20036.0,14778.0,13098.0,628000.0,43364.0
Tuesday,7,94104.0,Central,18,406.0,5232.0,368.0,207.0,1000001.0,48750.0
Tuesday,7,94104.0,Southern,10,406.0,5232.0,368.0,207.0,1000001.0,48750.0
Tuesday,7,94105.0,Central,5,5846.0,15826.0,4601.0,3586.0,740900.0,163949.0
Tuesday,7,94105.0,Southern,5,5846.0,15826.0,4601.0,3586.0,740900.0,163949.0
Tuesday,7,94107.0,Bayview,4,26599.0,14845.0,15141.0,13736.0,719700.0,114439.0
Tuesday,7,94107.0,Southern,1,26599.0,14845.0,15141.0,13736.0,719700.0,114439.0
Tuesday,7,94108.0,Central,37,13768.0,50983.0,8843.0,7628.0,856900.0,35427.0
Tuesday,7,94108.0,Out of SF,3,13768.0,50983.0,8843.0,7628.0,856900.0,35427.0
Tuesday,7,94108.0,Tenderloin,3,13768.0,50983.0,8843.0,7628.0,856900.0,35427.0
Tuesday,7,94109.0,Central,4,55984.0,47129.0,37182.0,33342.0,723200.0,60722.0
Tuesday,7,94109.0,Mission,1,55984.0,47129.0,37182.0,33342.0,723200.0,60722.0
Tuesday,7,94109.0,Northern,16,55984.0,47129.0,37182.0,33342.0,723200.0,60722.0
Tuesday,7,94109.0,Tenderloin,2,55984.0,47129.0,37182.0,33342.0,723200.0,60722.0
Tuesday,7,94110.0,Bayview,7,69333.0,29816.0,28913.0,27128.0,768200.0,82111.0
Tuesday,7,94110.0,Ingleside,9,69333.0,29816.0,28913.0,27128.0,768200.0,82111.0
Tuesday,7,94110.0,Mission,48,69333.0,29816.0,28913.0,27128.0,768200.0,82111.0
Tuesday,7,94110.0,Park,1,69333.0,29816.0,28913.0,27128.0,768200.0,82111.0
Tuesday,7,94111.0,Central,13,3713.0,10791.0,2811.0,2365.0,882000.0,89722.0
Tuesday,7,94112.0,Ingleside,18,79407.0,23606.0,23081.0,21975.0,602400.0,71625.0
Tuesday,7,94114.0,Mission,26,31124.0,21837.0,17634.0,16281.0,1000001.0,114689.0
Tuesday,7,94114.0,Park,4,31124.0,21837.0,17634.0,16281.0,1000001.0,114689.0
Tuesday,7,94114.0,Richmond,1,31124.0,21837.0,17634.0,16281.0,1000001.0,114689.0
Tuesday,7,94115.0,Northern,23,33021.0,29596.0,18884.0,17289.0,965800.0,76952.0
Tuesday,7,94115.0,Richmond,1,33021.0,29596.0,18884.0,17289.0,965800.0,76952.0
Tuesday,7,94116.0,Taraval,9,43698.0,16901.0,16283.0,15445.0,734400.0,83407.0
Tuesday,7,94117.0,Mission,5,39169.0,23211.0,19255.0,17939.0,911500.0,94479.0
Tuesday,7,94117.0,Northern,1,39169.0,23211.0,19255.0,17939.0,911500.0,94479.0
Tuesday,7,94117.0,Park,21,39169.0,23211.0,19255.0,17939.0,911500.0,94479.0
Tuesday,7,94118.0,Park,2,38319.0,19663.0,18633.0,17171.0,1000001.0,82857.0
Tuesday,7,94118.0,Richmond,13,38319.0,19663.0,18633.0,17171.0,1000001.0,82857.0
Tuesday,7,94122.0,Park,1,56023.0,23699.0,23633.0,22162.0,774500.0,81768.0
Tuesday,7,94122.0,Richmond,3,56023.0,23699.0,23633.0,22162.0,774500.0,81768.0
Tuesday,7,94122.0,Southern,1,56023.0,23699.0,23633.0,22162.0,774500.0,81768.0
Tuesday,7,94122.0,Taraval,6,56023.0,23699.0,23633.0,22162.0,774500.0,81768.0
Tuesday,7,94123.0,Central,1,23088.0,22622.0,15083.0,13717.0,1000001.0,112650.0
Tuesday,7,94123.0,Northern,14,23088.0,22622.0,15083.0,13717.0,1000001.0,112650.0
Tuesday,7,94124.0,Bayview,25,33996.0,6901.0,10812.0,9717.0,470400.0,50146.0
Tuesday,7,94127.0,Ingleside,3,19289.0,10895.0,7801.0,7511.0,916900.0,131351.0
Tuesday,7,94127.0,Southern,1,19289.0,10895.0,7801.0,7511.0,916900.0,131351.0
Tuesday,7,94127.0,Taraval,1,19289.0,10895.0,7801.0,7511.0,916900.0,131351.0
Tuesday,7,94130.0,Southern,2,2880.0,3196.0,786.0,656.0,,37500.0
Tuesday,7,94131.0,Ingleside,3,26881.0,12926.0,13427.0,12618.0,859700.0,96889.0
Tuesday,7,94131.0,Park,1,26881.0,12926.0,13427.0,12618.0,859700.0,96889.0
Tuesday,7,94132.0,Taraval,10,28129.0,9045.0,10769.0,9993.0,733100.0,69223.0
Tuesday,7,94134.0,Bayview,12,40798.0,17001.0,11867.0,11244.0,547800.0,56716.0
Tuesday,7,94134.0,Ingleside,9,40798.0,17001.0,11867.0,11244.0,547800.0,56716.0
Tuesday,7,94158.0,Bayview,3,4792.0,7288.0,2482.0,2271.0,643900.0,82195.0
Tuesday,7,94158.0,Mission,3,4792.0,7288.0,2482.0,2271.0,643900.0,82195.0
Tuesday,7,94158.0,Out of SF,2,4792.0,7288.0,2482.0,2271.0,643900.0,82195.0
Tuesday,7,94158.0,Southern,13,4792.0,7288.0,2482.0,2271.0,643900.0,82195.0
Tuesday,8,94102.0,Mission,24,31176.0,46472.0,18758.0,16844.0,574100.0,22517.0
Tuesday,8,94102.0,Northern,53,31176.0,46472.0,18758.0,16844.0,574100.0,22517.0
Tuesday,8,94102.0,Park,1,31176.0,46472.0,18758.0,16844.0,574100.0,22517.0
Tuesday,8,94102.0,Southern,16,31176.0,46472.0,18758.0,16844.0,574100.0,22517.0
Tuesday,8,94102.0,Tenderloin,24,31176.0,46472.0,18758.0,16844.0,574100.0,22517.0
Tuesday,8,94103.0,Ingleside,2,27170.0,20036.0,14778.0,13098.0,628000.0,43364.0
Tuesday,8,94103.0,Mission,4,27170.0,20036.0,14778.0,13098.0,628000.0,43364.0
Tuesday,8,94103.0,Northern,1,27170.0,20036.0,14778.0,13098.0,628000.0,43364.0
Tuesday,8,94103.0,Out of SF,19,27170.0,20036.0,14778.0,13098.0,628000.0,43364.0
Tuesday,8,94103.0,Southern,57,27170.0,20036.0,14778.0,13098.0,628000.0,43364.0
Tuesday,8,94103.0,Tenderloin,29,27170.0,20036.0,14778.0,13098.0,628000.0,43364.0
Tuesday,8,94104.0,Central,23,406.0,5232.0,368.0,207.0,1000001.0,48750.0
Tuesday,8,94104.0,Southern,5,406.0,5232.0,368.0,207.0,1000001.0,48750.0
Tuesday,8,94104.0,Tenderloin,1,406.0,5232.0,368.0,207.0,1000001.0,48750.0
Tuesday,8,94105.0,Central,2,5846.0,15826.0,4601.0,3586.0,740900.0,163949.0
Tuesday,8,94105.0,Southern,14,5846.0,15826.0,4601.0,3586.0,740900.0,163949.0
Tuesday,8,94107.0,Bayview,6,26599.0,14845.0,15141.0,13736.0,719700.0,114439.0
Tuesday,8,94107.0,Out of SF,1,26599.0,14845.0,15141.0,13736.0,719700.0,114439.0
Tuesday,8,94107.0,Southern,1,26599.0,14845.0,15141.0,13736.0,719700.0,114439.0
Tuesday,8,94108.0,Central,32,13768.0,50983.0,8843.0,7628.0,856900.0,35427.0
Tuesday,8,94108.0,Out of SF,1,13768.0,50983.0,8843.0,7628.0,856900.0,35427.0
Tuesday,8,94108.0,Tenderloin,5,13768.0,50983.0,8843.0,7628.0,856900.0,35427.0
Tuesday,8,94109.0,Central,13,55984.0,47129.0,37182.0,33342.0,723200.0,60722.0
Tuesday,8,94109.0,Northern,23,55984.0,47129.0,37182.0,33342.0,723200.0,60722.0
Tuesday,8,94109.0,Tenderloin,1,55984.0,47129.0,37182.0,33342.0,723200.0,60722.0
Tuesday,8,94110.0,Bayview,7,69333.0,29816.0,28913.0,27128.0,768200.0,82111.0
Tuesday,8,94110.0,Ingleside,13,69333.0,29816.0,28913.0,27128.0,768200.0,82111.0
Tuesday,8,94110.0,Mission,49,69333.0,29816.0,28913.0,27128.0,768200.0,82111.0
Tuesday,8,94110.0,Out of SF,1,69333.0,29816.0,28913.0,27128.0,768200.0,82111.0
Tuesday,8,94111.0,Central,17,3713.0,10791.0,2811.0,2365.0,882000.0,89722.0
Tuesday,8,94111.0,Northern,2,3713.0,10791.0,2811.0,2365.0,882000.0,89722.0
Tuesday,8,94112.0,Ingleside,22,79407.0,23606.0,23081.0,21975.0,602400.0,71625.0
Tuesday,8,94112.0,Northern,2,79407.0,23606.0,23081.0,21975.0,602400.0,71625.0
Tuesday,8,94112.0,Taraval,2,79407.0,23606.0,23081.0,21975.0,602400.0,71625.0
Tuesday,8,94114.0,Mission,11,31124.0,21837.0,17634.0,16281.0,1000001.0,114689.0
Tuesday,8,94114.0,Out of SF,2,31124.0,21837.0,17634.0,16281.0,1000001.0,114689.0
Tuesday,8,94114.0,Park,4,31124.0,21837.0,17634.0,16281.0,1000001.0,114689.0
Tuesday,8,94115.0,Northern,21,33021.0,29596.0,18884.0,17289.0,965800.0,76952.0
Tuesday,8,94115.0,Richmond,8,33021.0,29596.0,18884.0,17289.0,965800.0,76952.0
Tuesday,8,94116.0,Taraval,11,43698.0,16901.0,16283.0,15445.0,734400.0,83407.0
Tuesday,8,94117.0,Mission,10,39169.0,23211.0,19255.0,17939.0,911500.0,94479.0
Tuesday,8,94117.0,Northern,9,39169.0,23211.0,19255.0,17939.0,911500.0,94479.0
Tuesday,8,94117.0,Park,46,39169.0,23211.0,19255.0,17939.0,911500.0,94479.0
Tuesday,8,94117.0,Richmond,2,39169.0,23211.0,19255.0,17939.0,911500.0,94479.0
Tuesday,8,94118.0,Out of SF,1,38319.0,19663.0,18633.0,17171.0,1000001.0,82857.0
Tuesday,8,94118.0,Park,5,38319.0,19663.0,18633.0,17171.0,1000001.0,82857.0
Tuesday,8,94118.0,Richmond,30,38319.0,19663.0,18633.0,17171.0,1000001.0,82857.0
Tuesday,8,94122.0,Park,2,56023.0,23699.0,23633.0,22162.0,774500.0,81768.0
Tuesday,8,94122.0,Richmond,17,56023.0,23699.0,23633.0,22162.0,774500.0,81768.0
Tuesday,8,94122.0,Taraval,12,56023.0,23699.0,23633.0,22162.0,774500.0,81768.0
Tuesday,8,94123.0,Central,1,23088.0,22622.0,15083.0,13717.0,1000001.0,112650.0
Tuesday,8,94123.0,Northern,7,23088.0,22622.0,15083.0,13717.0,1000001.0,112650.0
Tuesday,8,94124.0,Bayview,33,33996.0,6901.0,10812.0,9717.0,470400.0,50146.0
Tuesday,8,94124.0,Out of SF,1,33996.0,6901.0,10812.0,9717.0,470400.0,50146.0
Tuesday,8,94127.0,Ingleside,7,19289.0,10895.0,7801.0,7511.0,916900.0,131351.0
Tuesday,8,94127.0,Taraval,7,19289.0,10895.0,7801.0,7511.0,916900.0,131351.0
Tuesday,8,94129.0,Northern,1,3183.0,1381.0,1132.0,1086.0,,143320.0
Tuesday,8,94130.0,Southern,1,2880.0,3196.0,786.0,656.0,,37500.0
Tuesday,8,94131.0,Ingleside,4,26881.0,12926.0,13427.0,12618.0,859700.0,96889.0
Tuesday,8,94131.0,Mission,2,26881.0,12926.0,13427.0,12618.0,859700.0,96889.0
Tuesday,8,94132.0,Ingleside,1,28129.0,9045.0,10769.0,9993.0,733100.0,69223.0
Tuesday,8,94132.0,Out of SF,2,28129.0,9045.0,10769.0,9993.0,733100.0,69223.0
Tuesday,8,94132.0,Taraval,12,28129.0,9045.0,10769.0,9993.0,733100.0,69223.0
Tuesday,8,94134.0,Bayview,14,40798.0,17001.0,11867.0,11244.0,547800.0,56716.0
Tuesday,8,94134.0,Ingleside,15,40798.0,17001.0,11867.0,11244.0,547800.0,56716.0
Tuesday,8,94134.0,Out of SF,1,40798.0,17001.0,11867.0,11244.0,547800.0,56716.0
Tuesday,8,94158.0,Bayview,3,4792.0,7288.0,2482.0,2271.0,643900.0,82195.0
Tuesday,8,94158.0,Mission,4,4792.0,7288.0,2482.0,2271.0,643900.0,82195.0
Tuesday,8,94158.0,Southern,17,4792.0,7288.0,2482.0,2271.0,643900.0,82195.0
Tuesday,9,94102.0,Mission,15,31176.0,46472.0,18758.0,16844.0,574100.0,22517.0
Tuesday,9,94102.0,Northern,31,31176.0,46472.0,18758.0,16844.0,574100.0,22517.0
Tuesday,9,94102.0,Out of SF,1,31176.0,46472.0,18758.0,16844.0,574100.0,22517.0
Tuesday,9,94102.0,Southern,11,31176.0,46472.0,18758.0,16844.0,574100.0,22517.0
Tuesday,9,94102.0,Tenderloin,15,31176.0,46472.0,18758.0,16844.0,574100.0,22517.0
Tuesday,9,94103.0,Central,1,27170.0,20036.0,14778.0,13098.0,628000.0,43364.0
Tuesday,9,94103.0,Ingleside,3,27170.0,20036.0,14778.0,13098.0,628000.0,43364.0
Tuesday,9,94103.0,Mission,2,27170.0,20036.0,14778.0,13098.0,628000.0,43364.0
Tuesday,9,94103.0,Northern,1,27170.0,20036.0,14778.0,13098.0,628000.0,43364.0
Tuesday,9,94103.0,Out of SF,4,27170.0,20036.0,14778.0,13098.0,628000.0,43364.0
Tuesday,9,94103.0,Southern,66,27170.0,20036.0,14778.0,13098.0,628000.0,43364.0
Tuesday,9,94103.0,Tenderloin,44,27170.0,20036.0,14778.0,13098.0,628000.0,43364.0
Tuesday,9,94104.0,Central,36,406.0,5232.0,368.0,207.0,1000001.0,48750.0
Tuesday,9,94104.0,Out of SF,2,406.0,5232.0,368.0,207.0,1000001.0,48750.0
Tuesday,9,94104.0,Southern,2,406.0,5232.0,368.0,207.0,1000001.0,48750.0
Tuesday,9,94104.0,Tenderloin,4,406.0,5232.0,368.0,207.0,1000001.0,48750.0
Tuesday,9,94105.0,Central,11,5846.0,15826.0,4601.0,3586.0,740900.0,163949.0
Tuesday,9,94105.0,Southern,22,5846.0,15826.0,4601.0,3586.0,740900.0,163949.0
Tuesday,9,94107.0,Bayview,2,26599.0,14845.0,15141.0,13736.0,719700.0,114439.0
Tuesday,9,94107.0,Southern,3,26599.0,14845.0,15141.0,13736.0,719700.0,114439.0
Tuesday,9,94108.0,Central,33,13768.0,50983.0,8843.0,7628.0,856900.0,35427.0
Tuesday,9,94108.0,Out of SF,1,13768.0,50983.0,8843.0,7628.0,856900.0,35427.0
Tuesday,9,94108.0,Tenderloin,1,13768.0,50983.0,8843.0,7628.0,856900.0,35427.0
Tuesday,9,94109.0,Central,19,55984.0,47129.0,37182.0,33342.0,723200.0,60722.0
Tuesday,9,94109.0,Northern,32,55984.0,47129.0,37182.0,33342.0,723200.0,60722.0
Tuesday,9,94109.0,Tenderloin,2,55984.0,47129.0,37182.0,33342.0,723200.0,60722.0
Tuesday,9,94110.0,Bayview,7,69333.0,29816.0,28913.0,27128.0,768200.0,82111.0
Tuesday,9,94110.0,Ingleside,6,69333.0,29816.0,28913.0,27128.0,768200.0,82111.0
Tuesday,9,94110.0,Mission,52,69333.0,29816.0,28913.0,27128.0,768200.0,82111.0
Tuesday,9,94110.0,Out of SF,2,69333.0,29816.0,28913.0,27128.0,768200.0,82111.0
Tuesday,9,94110.0,Tenderloin,1,69333.0,29816.0,28913.0,27128.0,768200.0,82111.0
Tuesday,9,94111.0,Central,19,3713.0,10791.0,2811.0,2365.0,882000.0,89722.0
Tuesday,9,94112.0,Ingleside,26,79407.0,23606.0,23081.0,21975.0,602400.0,71625.0
Tuesday,9,94112.0,Taraval,1,79407.0,23606.0,23081.0,21975.0,602400.0,71625.0
Tuesday,9,94114.0,Mission,9,31124.0,21837.0,17634.0,16281.0,1000001.0,114689.0
Tuesday,9,94114.0,Park,8,31124.0,21837.0,17634.0,16281.0,1000001.0,114689.0
Tuesday,9,94114.0,Taraval,1,31124.0,21837.0,17634.0,16281.0,1000001.0,114689.0
Tuesday,9,94115.0,Northern,16,33021.0,29596.0,18884.0,17289.0,965800.0,76952.0
Tuesday,9,94115.0,Richmond,1,33021.0,29596.0,18884.0,17289.0,965800.0,76952.0
Tuesday,9,94116.0,Taraval,21,43698.0,16901.0,16283.0,15445.0,734400.0,83407.0
Tuesday,9,94117.0,Mission,9,39169.0,23211.0,19255.0,17939.0,911500.0,94479.0
Tuesday,9,94117.0,Northern,9,39169.0,23211.0,19255.0,17939.0,911500.0,94479.0
Tuesday,9,94117.0,Park,36,39169.0,23211.0,19255.0,17939.0,911500.0,94479.0
Tuesday,9,94118.0,Park,6,38319.0,19663.0,18633.0,17171.0,1000001.0,82857.0
Tuesday,9,94118.0,Richmond,23,38319.0,19663.0,18633.0,17171.0,1000001.0,82857.0
Tuesday,9,94122.0,Richmond,19,56023.0,23699.0,23633.0,22162.0,774500.0,81768.0
Tuesday,9,94122.0,Taraval,17,56023.0,23699.0,23633.0,22162.0,774500.0,81768.0
Tuesday,9,94123.0,Northern,15,23088.0,22622.0,15083.0,13717.0,1000001.0,112650.0
Tuesday,9,94123.0,Southern,2,23088.0,22622.0,15083.0,13717.0,1000001.0,112650.0
Tuesday,9,94124.0,Bayview,30,33996.0,6901.0,10812.0,9717.0,470400.0,50146.0
Tuesday,9,94127.0,Ingleside,6,19289.0,10895.0,7801.0,7511.0,916900.0,131351.0
Tuesday,9,94127.0,Taraval,10,19289.0,10895.0,7801.0,7511.0,916900.0,131351.0
Tuesday,9,94129.0,Central,2,3183.0,1381.0,1132.0,1086.0,,143320.0
Tuesday,9,94130.0,Southern,11,2880.0,3196.0,786.0,656.0,,37500.0
Tuesday,9,94131.0,Ingleside,1,26881.0,12926.0,13427.0,12618.0,859700.0,96889.0
Tuesday,9,94131.0,Mission,2,26881.0,12926.0,13427.0,12618.0,859700.0,96889.0
Tuesday,9,94131.0,Park,3,26881.0,12926.0,13427.0,12618.0,859700.0,96889.0
Tuesday,9,94132.0,Taraval,10,28129.0,9045.0,10769.0,9993.0,733100.0,69223.0
Tuesday,9,94134.0,Bayview,14,40798.0,17001.0,11867.0,11244.0,547800.0,56716.0
Tuesday,9,94134.0,Ingleside,16,40798.0,17001.0,11867.0,11244.0,547800.0,56716.0
Tuesday,9,94134.0,Out of SF,1,40798.0,17001.0,11867.0,11244.0,547800.0,56716.0
Tuesday,9,94158.0,Bayview,5,4792.0,7288.0,2482.0,2271.0,643900.0,82195.0
Tuesday,9,94158.0,Mission,1,4792.0,7288.0,2482.0,2271.0,643900.0,82195.0
Tuesday,9,94158.0,Southern,14,4792.0,7288.0,2482.0,2271.0,643900.0,82195.0
Tuesday,10,94102.0,Mission,20,31176.0,46472.0,18758.0,16844.0,574100.0,22517.0
Tuesday,10,94102.0,Northern,32,31176.0,46472.0,18758.0,16844.0,574100.0,22517.0
Tuesday,10,94102.0,Out of SF,1,31176.0,46472.0,18758.0,16844.0,574100.0,22517.0
Tuesday,10,94102.0,Southern,3,31176.0,46472.0,18758.0,16844.0,574100.0,22517.0
Tuesday,10,94102.0,Tenderloin,20,31176.0,46472.0,18758.0,16844.0,574100.0,22517.0
Tuesday,10,94103.0,Central,1,27170.0,20036.0,14778.0,13098.0,628000.0,43364.0
Tuesday,10,94103.0,Ingleside,1,27170.0,20036.0,14778.0,13098.0,628000.0,43364.0
Tuesday,10,94103.0,Mission,11,27170.0,20036.0,14778.0,13098.0,628000.0,43364.0
Tuesday,10,94103.0,Southern,78,27170.0,20036.0,14778.0,13098.0,628000.0,43364.0
Tuesday,10,94103.0,Tenderloin,53,27170.0,20036.0,14778.0,13098.0,628000.0,43364.0
Tuesday,10,94104.0,Central,29,406.0,5232.0,368.0,207.0,1000001.0,48750.0
Tuesday,10,94104.0,Southern,3,406.0,5232.0,368.0,207.0,1000001.0,48750.0
Tuesday,10,94104.0,Tenderloin,2,406.0,5232.0,368.0,207.0,1000001.0,48750.0
Tuesday,10,94105.0,Central,1,5846.0,15826.0,4601.0,3586.0,740900.0,163949.0
Tuesday,10,94105.0,Mission,1,5846.0,15826.0,4601.0,3586.0,740900.0,163949.0
Tuesday,10,94105.0,Southern,18,5846.0,15826.0,4601.0,3586.0,740900.0,163949.0
Tuesday,10,94107.0,Bayview,7,26599.0,14845.0,15141.0,13736.0,719700.0,114439.0
Tuesday,10,94107.0,Southern,2,26599.0,14845.0,15141.0,13736.0,719700.0,114439.0
Tuesday,10,94108.0,Central,65,13768.0,50983.0,8843.0,7628.0,856900.0,35427.0
Tuesday,10,94108.0,Out of SF,2,13768.0,50983.0,8843.0,7628.0,856900.0,35427.0
Tuesday,10,94108.0,Tenderloin,5,13768.0,50983.0,8843.0,7628.0,856900.0,35427.0
Tuesday,10,94109.0,Central,12,55984.0,47129.0,37182.0,33342.0,723200.0,60722.0
Tuesday,10,94109.0,Northern,28,55984.0,47129.0,37182.0,33342.0,723200.0,60722.0
Tuesday,10,94109.0,Park,1,55984.0,47129.0,37182.0,33342.0,723200.0,60722.0
Tuesday,10,94109.0,Taraval,1,55984.0,47129.0,37182.0,33342.0,723200.0,60722.0
Tuesday,10,94109.0,Tenderloin,2,55984.0,47129.0,37182.0,33342.0,723200.0,60722.0
Tuesday,10,94110.0,Bayview,13,69333.0,29816.0,28913.0,27128.0,768200.0,82111.0
Tuesday,10,94110.0,Ingleside,20,69333.0,29816.0,28913.0,27128.0,768200.0,82111.0
Tuesday,10,94110.0,Mission,63,69333.0,29816.0,28913.0,27128.0,768200.0,82111.0
Tuesday,10,94111.0,Central,24,3713.0,10791.0,2811.0,2365.0,882000.0,89722.0
Tuesday,10,94112.0,Ingleside,24,79407.0,23606.0,23081.0,21975.0,602400.0,71625.0
Tuesday,10,94114.0,Mission,22,31124.0,21837.0,17634.0,16281.0,1000001.0,114689.0
Tuesday,10,94114.0,Park,11,31124.0,21837.0,17634.0,16281.0,1000001.0,114689.0
Tuesday,10,94115.0,Central,1,33021.0,29596.0,18884.0,17289.0,965800.0,76952.0
Tuesday,10,94115.0,Northern,13,33021.0,29596.0,18884.0,17289.0,965800.0,76952.0
Tuesday,10,94115.0,Park,1,33021.0,29596.0,18884.0,17289.0,965800.0,76952.0
Tuesday,10,94115.0,Richmond,9,33021.0,29596.0,18884.0,17289.0,965800.0,76952.0
Tuesday,10,94116.0,Out of SF,1,43698.0,16901.0,16283.0,15445.0,734400.0,83407.0
Tuesday,10,94116.0,Taraval,25,43698.0,16901.0,16283.0,15445.0,734400.0,83407.0
Tuesday,10,94117.0,Mission,9,39169.0,23211.0,19255.0,17939.0,911500.0,94479.0
Tuesday,10,94117.0,Northern,13,39169.0,23211.0,19255.0,17939.0,911500.0,94479.0
Tuesday,10,94117.0,Park,29,39169.0,23211.0,19255.0,17939.0,911500.0,94479.0
Tuesday,10,94118.0,Bayview,1,38319.0,19663.0,18633.0,17171.0,1000001.0,82857.0
Tuesday,10,94118.0,Northern,1,38319.0,19663.0,18633.0,17171.0,1000001.0,82857.0
Tuesday,10,94118.0,Out of SF,2,38319.0,19663.0,18633.0,17171.0,1000001.0,82857.0
Tuesday,10,94118.0,Park,3,38319.0,19663.0,18633.0,17171.0,1000001.0,82857.0
Tuesday,10,94118.0,Richmond,27,38319.0,19663.0,18633.0,17171.0,1000001.0,82857.0
Tuesday,10,94122.0,Bayview,1,56023.0,23699.0,23633.0,22162.0,774500.0,81768.0
Tuesday,10,94122.0,Park,2,56023.0,23699.0,23633.0,22162.0,774500.0,81768.0
Tuesday,10,94122.0,Richmond,28,56023.0,23699.0,23633.0,22162.0,774500.0,81768.0
Tuesday,10,94122.0,Taraval,21,56023.0,23699.0,23633.0,22162.0,774500.0,81768.0
Tuesday,10,94123.0,Northern,35,23088.0,22622.0,15083.0,13717.0,1000001.0,112650.0
Tuesday,10,94124.0,Bayview,40,33996.0,6901.0,10812.0,9717.0,470400.0,50146.0
Tuesday,10,94124.0,Southern,3,33996.0,6901.0,10812.0,9717.0,470400.0,50146.0
Tuesday,10,94127.0,Ingleside,4,19289.0,10895.0,7801.0,7511.0,916900.0,131351.0
Tuesday,10,94127.0,Taraval,8,19289.0,10895.0,7801.0,7511.0,916900.0,131351.0
Tuesday,10,94130.0,Southern,2,2880.0,3196.0,786.0,656.0,,37500.0
Tuesday,10,94131.0,Bayview,1,26881.0,12926.0,13427.0,12618.0,859700.0,96889.0
Tuesday,10,94131.0,Ingleside,3,26881.0,12926.0,13427.0,12618.0,859700.0,96889.0
Tuesday,10,94131.0,Mission,5,26881.0,12926.0,13427.0,12618.0,859700.0,96889.0
Tuesday,10,94131.0,Park,6,26881.0,12926.0,13427.0,12618.0,859700.0,96889.0
Tuesday,10,94132.0,Taraval,14,28129.0,9045.0,10769.0,9993.0,733100.0,69223.0
Tuesday,10,94134.0,Bayview,14,40798.0,17001.0,11867.0,11244.0,547800.0,56716.0
Tuesday,10,94134.0,Ingleside,20,40798.0,17001.0,11867.0,11244.0,547800.0,56716.0
Tuesday,10,94158.0,Bayview,11,4792.0,7288.0,2482.0,2271.0,643900.0,82195.0
Tuesday,10,94158.0,Mission,3,4792.0,7288.0,2482.0,2271.0,643900.0,82195.0
Tuesday,10,94158.0,Out of SF,3,4792.0,7288.0,2482.0,2271.0,643900.0,82195.0
Tuesday,10,94158.0,Southern,25,4792.0,7288.0,2482.0,2271.0,643900.0,82195.0
Tuesday,11,94102.0,Mission,21,31176.0,46472.0,18758.0,16844.0,574100.0,22517.0
Tuesday,11,94102.0,Northern,42,31176.0,46472.0,18758.0,16844.0,574100.0,22517.0
Tuesday,11,94102.0,Southern,6,31176.0,46472.0,18758.0,16844.0,574100.0,22517.0
Tuesday,11,94102.0,Tenderloin,16,31176.0,46472.0,18758.0,16844.0,574100.0,22517.0
Tuesday,11,94103.0,Ingleside,1,27170.0,20036.0,14778.0,13098.0,628000.0,43364.0
Tuesday,11,94103.0,Mission,11,27170.0,20036.0,14778.0,13098.0,628000.0,43364.0
Tuesday,11,94103.0,Out of SF,1,27170.0,20036.0,14778.0,13098.0,628000.0,43364.0
Tuesday,11,94103.0,Southern,73,27170.0,20036.0,14778.0,13098.0,628000.0,43364.0
Tuesday,11,94103.0,Tenderloin,58,27170.0,20036.0,14778.0,13098.0,628000.0,43364.0
Tuesday,11,94104.0,Central,44,406.0,5232.0,368.0,207.0,1000001.0,48750.0
Tuesday,11,94104.0,Southern,3,406.0,5232.0,368.0,207.0,1000001.0,48750.0
Tuesday,11,94104.0,Tenderloin,1,406.0,5232.0,368.0,207.0,1000001.0,48750.0
Tuesday,11,94105.0,Central,2,5846.0,15826.0,4601.0,3586.0,740900.0,163949.0
Tuesday,11,94105.0,Southern,24,5846.0,15826.0,4601.0,3586.0,740900.0,163949.0
Tuesday,11,94107.0,Bayview,2,26599.0,14845.0,15141.0,13736.0,719700.0,114439.0
Tuesday,11,94107.0,Southern,2,26599.0,14845.0,15141.0,13736.0,719700.0,114439.0
Tuesday,11,94108.0,Central,38,13768.0,50983.0,8843.0,7628.0,856900.0,35427.0
Tuesday,11,94108.0,Northern,1,13768.0,50983.0,8843.0,7628.0,856900.0,35427.0
Tuesday,11,94108.0,Out of SF,2,13768.0,50983.0,8843.0,7628.0,856900.0,35427.0
Tuesday,11,94108.0,Tenderloin,7,13768.0,50983.0,8843.0,7628.0,856900.0,35427.0
Tuesday,11,94109.0,Central,15,55984.0,47129.0,37182.0,33342.0,723200.0,60722.0
Tuesday,11,94109.0,Northern,26,55984.0,47129.0,37182.0,33342.0,723200.0,60722.0
Tuesday,11,94109.0,Tenderloin,5,55984.0,47129.0,37182.0,33342.0,723200.0,60722.0
Tuesday,11,94110.0,Bayview,7,69333.0,29816.0,28913.0,27128.0,768200.0,82111.0
Tuesday,11,94110.0,Ingleside,8,69333.0,29816.0,28913.0,27128.0,768200.0,82111.0
Tuesday,11,94110.0,Mission,68,69333.0,29816.0,28913.0,27128.0,768200.0,82111.0
Tuesday,11,94111.0,Central,46,3713.0,10791.0,2811.0,2365.0,882000.0,89722.0
Tuesday,11,94111.0,Southern,1,3713.0,10791.0,2811.0,2365.0,882000.0,89722.0
Tuesday,11,94112.0,Bayview,1,79407.0,23606.0,23081.0,21975.0,602400.0,71625.0
Tuesday,11,94112.0,Ingleside,25,79407.0,23606.0,23081.0,21975.0,602400.0,71625.0
Tuesday,11,94112.0,Taraval,1,79407.0,23606.0,23081.0,21975.0,602400.0,71625.0
Tuesday,11,94114.0,Mission,17,31124.0,21837.0,17634.0,16281.0,1000001.0,114689.0
Tuesday,11,94114.0,Park,3,31124.0,21837.0,17634.0,16281.0,1000001.0,114689.0
Tuesday,11,94115.0,Northern,21,33021.0,29596.0,18884.0,17289.0,965800.0,76952.0
Tuesday,11,94115.0,Richmond,10,33021.0,29596.0,18884.0,17289.0,965800.0,76952.0
Tuesday,11,94116.0,Taraval,31,43698.0,16901.0,16283.0,15445.0,734400.0,83407.0
Tuesday,11,94117.0,Mission,10,39169.0,23211.0,19255.0,17939.0,911500.0,94479.0
Tuesday,11,94117.0,Northern,17,39169.0,23211.0,19255.0,17939.0,911500.0,94479.0
Tuesday,11,94117.0,Park,25,39169.0,23211.0,19255.0,17939.0,911500.0,94479.0
Tuesday,11,94117.0,Southern,2,39169.0,23211.0,19255.0,17939.0,911500.0,94479.0
Tuesday,11,94118.0,Bayview,1,38319.0,19663.0,18633.0,17171.0,1000001.0,82857.0
Tuesday,11,94118.0,Out of SF,2,38319.0,19663.0,18633.0,17171.0,1000001.0,82857.0
Tuesday,11,94118.0,Park,6,38319.0,19663.0,18633.0,17171.0,1000001.0,82857.0
Tuesday,11,94118.0,Richmond,22,38319.0,19663.0,18633.0,17171.0,1000001.0,82857.0
Tuesday,11,94122.0,Park,3,56023.0,23699.0,23633.0,22162.0,774500.0,81768.0
Tuesday,11,94122.0,Richmond,17,56023.0,23699.0,23633.0,22162.0,774500.0,81768.0
Tuesday,11,94122.0,Taraval,26,56023.0,23699.0,23633.0,22162.0,774500.0,81768.0
Tuesday,11,94123.0,Northern,23,23088.0,22622.0,15083.0,13717.0,1000001.0,112650.0
Tuesday,11,94124.0,Bayview,35,33996.0,6901.0,10812.0,9717.0,470400.0,50146.0
Tuesday,11,94127.0,Ingleside,9,19289.0,10895.0,7801.0,7511.0,916900.0,131351.0
Tuesday,11,94127.0,Taraval,8,19289.0,10895.0,7801.0,7511.0,916900.0,131351.0
Tuesday,11,94130.0,Southern,3,2880.0,3196.0,786.0,656.0,,37500.0
Tuesday,11,94131.0,Ingleside,13,26881.0,12926.0,13427.0,12618.0,859700.0,96889.0
Tuesday,11,94131.0,Mission,2,26881.0,12926.0,13427.0,12618.0,859700.0,96889.0
Tuesday,11,94131.0,Park,7,26881.0,12926.0,13427.0,12618.0,859700.0,96889.0
Tuesday,11,94132.0,Taraval,13,28129.0,9045.0,10769.0,9993.0,733100.0,69223.0
Tuesday,11,94134.0,Bayview,17,40798.0,17001.0,11867.0,11244.0,547800.0,56716.0
Tuesday,11,94134.0,Ingleside,12,40798.0,17001.0,11867.0,11244.0,547800.0,56716.0
Tuesday,11,94134.0,Richmond,2,40798.0,17001.0,11867.0,11244.0,547800.0,56716.0
Tuesday,11,94134.0,Taraval,1,40798.0,17001.0,11867.0,11244.0,547800.0,56716.0
Tuesday,11,94158.0,Bayview,13,4792.0,7288.0,2482.0,2271.0,643900.0,82195.0
Tuesday,11,94158.0,Mission,1,4792.0,7288.0,2482.0,2271.0,643900.0,82195.0
Tuesday,11,94158.0,Out of SF,1,4792.0,7288.0,2482.0,2271.0,643900.0,82195.0
Tuesday,11,94158.0,Southern,21,4792.0,7288.0,2482.0,2271.0,643900.0,82195.0
Tuesday,12,94102.0,Mission,45,31176.0,46472.0,18758.0,16844.0,574100.0,22517.0
Tuesday,12,94102.0,Northern,52,31176.0,46472.0,18758.0,16844.0,574100.0,22517.0
Tuesday,12,94102.0,Out of SF,3,31176.0,46472.0,18758.0,16844.0,574100.0,22517.0
Tuesday,12,94102.0,Southern,11,31176.0,46472.0,18758.0,16844.0,574100.0,22517.0
Tuesday,12,94102.0,Tenderloin,48,31176.0,46472.0,18758.0,16844.0,574100.0,22517.0
Tuesday,12,94103.0,Bayview,2,27170.0,20036.0,14778.0,13098.0,628000.0,43364.0
Tuesday,12,94103.0,Central,4,27170.0,20036.0,14778.0,13098.0,628000.0,43364.0
Tuesday,12,94103.0,Mission,12,27170.0,20036.0,14778.0,13098.0,628000.0,43364.0
Tuesday,12,94103.0,Northern,2,27170.0,20036.0,14778.0,13098.0,628000.0,43364.0
Tuesday,12,94103.0,Out of SF,15,27170.0,20036.0,14778.0,13098.0,628000.0,43364.0
Tuesday,12,94103.0,Southern,85,27170.0,20036.0,14778.0,13098.0,628000.0,43364.0
Tuesday,12,94103.0,Tenderloin,89,27170.0,20036.0,14778.0,13098.0,628000.0,43364.0
Tuesday,12,94104.0,Central,63,406.0,5232.0,368.0,207.0,1000001.0,48750.0
Tuesday,12,94104.0,Southern,6,406.0,5232.0,368.0,207.0,1000001.0,48750.0
Tuesday,12,94104.0,Tenderloin,2,406.0,5232.0,368.0,207.0,1000001.0,48750.0
Tuesday,12,94105.0,Bayview,2,5846.0,15826.0,4601.0,3586.0,740900.0,163949.0
Tuesday,12,94105.0,Central,6,5846.0,15826.0,4601.0,3586.0,740900.0,163949.0
Tuesday,12,94105.0,Southern,22,5846.0,15826.0,4601.0,3586.0,740900.0,163949.0
Tuesday,12,94107.0,Bayview,4,26599.0,14845.0,15141.0,13736.0,719700.0,114439.0
Tuesday,12,94107.0,Southern,6,26599.0,14845.0,15141.0,13736.0,719700.0,114439.0
Tuesday,12,94108.0,Central,67,13768.0,50983.0,8843.0,7628.0,856900.0,35427.0
Tuesday,12,94108.0,Northern,1,13768.0,50983.0,8843.0,7628.0,856900.0,35427.0
Tuesday,12,94108.0,Out of SF,5,13768.0,50983.0,8843.0,7628.0,856900.0,35427.0
Tuesday,12,94108.0,Tenderloin,27,13768.0,50983.0,8843.0,7628.0,856900.0,35427.0
Tuesday,12,94109.0,Central,11,55984.0,47129.0,37182.0,33342.0,723200.0,60722.0
Tuesday,12,94109.0,Northern,38,55984.0,47129.0,37182.0,33342.0,723200.0,60722.0
Tuesday,12,94109.0,Tenderloin,4,55984.0,47129.0,37182.0,33342.0,723200.0,60722.0
Tuesday,12,94110.0,Bayview,15,69333.0,29816.0,28913.0,27128.0,768200.0,82111.0
Tuesday,12,94110.0,Ingleside,14,69333.0,29816.0,28913.0,27128.0,768200.0,82111.0
Tuesday,12,94110.0,Mission,59,69333.0,29816.0,28913.0,27128.0,768200.0,82111.0
Tuesday,12,94110.0,Out of SF,2,69333.0,29816.0,28913.0,27128.0,768200.0,82111.0
Tuesday,12,94111.0,Central,51,3713.0,10791.0,2811.0,2365.0,882000.0,89722.0
Tuesday,12,94111.0,Northern,4,3713.0,10791.0,2811.0,2365.0,882000.0,89722.0
Tuesday,12,94112.0,Ingleside,40,79407.0,23606.0,23081.0,21975.0,602400.0,71625.0
Tuesday,12,94112.0,Mission,2,79407.0,23606.0,23081.0,21975.0,602400.0,71625.0
Tuesday,12,94112.0,Out of SF,2,79407.0,23606.0,23081.0,21975.0,602400.0,71625.0
Tuesday,12,94112.0,Taraval,1,79407.0,23606.0,23081.0,21975.0,602400.0,71625.0
Tuesday,12,94114.0,Mission,14,31124.0,21837.0,17634.0,16281.0,1000001.0,114689.0
Tuesday,12,94114.0,Park,3,31124.0,21837.0,17634.0,16281.0,1000001.0,114689.0
Tuesday,12,94115.0,Mission,1,33021.0,29596.0,18884.0,17289.0,965800.0,76952.0
Tuesday,12,94115.0,Northern,18,33021.0,29596.0,18884.0,17289.0,965800.0,76952.0
Tuesday,12,94115.0,Park,2,33021.0,29596.0,18884.0,17289.0,965800.0,76952.0
Tuesday,12,94115.0,Richmond,10,33021.0,29596.0,18884.0,17289.0,965800.0,76952.0
Tuesday,12,94116.0,Out of SF,1,43698.0,16901.0,16283.0,15445.0,734400.0,83407.0
Tuesday,12,94116.0,Taraval,32,43698.0,16901.0,16283.0,15445.0,734400.0,83407.0
Tuesday,12,94117.0,Mission,10,39169.0,23211.0,19255.0,17939.0,911500.0,94479.0
Tuesday,12,94117.0,Northern,22,39169.0,23211.0,19255.0,17939.0,911500.0,94479.0
Tuesday,12,94117.0,Out of SF,2,39169.0,23211.0,19255.0,17939.0,911500.0,94479.0
Tuesday,12,94117.0,Park,32,39169.0,23211.0,19255.0,17939.0,911500.0,94479.0
Tuesday,12,94117.0,Tenderloin,1,39169.0,23211.0,19255.0,17939.0,911500.0,94479.0
Tuesday,12,94118.0,Out of SF,2,38319.0,19663.0,18633.0,17171.0,1000001.0,82857.0
Tuesday,12,94118.0,Park,3,38319.0,19663.0,18633.0,17171.0,1000001.0,82857.0
Tuesday,12,94118.0,Richmond,49,38319.0,19663.0,18633.0,17171.0,1000001.0,82857.0
Tuesday,12,94122.0,Bayview,1,56023.0,23699.0,23633.0,22162.0,774500.0,81768.0
Tuesday,12,94122.0,Out of SF,2,56023.0,23699.0,23633.0,22162.0,774500.0,81768.0
Tuesday,12,94122.0,Park,6,56023.0,23699.0,23633.0,22162.0,774500.0,81768.0
Tuesday,12,94122.0,Richmond,30,56023.0,23699.0,23633.0,22162.0,774500.0,81768.0
Tuesday,12,94122.0,Taraval,31,56023.0,23699.0,23633.0,22162.0,774500.0,81768.0
Tuesday,12,94123.0,Central,1,23088.0,22622.0,15083.0,13717.0,1000001.0,112650.0
Tuesday,12,94123.0,Northern,29,23088.0,22622.0,15083.0,13717.0,1000001.0,112650.0
Tuesday,12,94123.0,Southern,1,23088.0,22622.0,15083.0,13717.0,1000001.0,112650.0
Tuesday,12,94124.0,Bayview,45,33996.0,6901.0,10812.0,9717.0,470400.0,50146.0
Tuesday,12,94124.0,Central,1,33996.0,6901.0,10812.0,9717.0,470400.0,50146.0
Tuesday,12,94124.0,Out of SF,1,33996.0,6901.0,10812.0,9717.0,470400.0,50146.0
Tuesday,12,94124.0,Taraval,1,33996.0,6901.0,10812.0,9717.0,470400.0,50146.0
Tuesday,12,94127.0,Ingleside,15,19289.0,10895.0,7801.0,7511.0,916900.0,131351.0
Tuesday,12,94127.0,Taraval,11,19289.0,10895.0,7801.0,7511.0,916900.0,131351.0
Tuesday,12,94130.0,Central,2,2880.0,3196.0,786.0,656.0,,37500.0
Tuesday,12,94130.0,Southern,3,2880.0,3196.0,786.0,656.0,,37500.0
Tuesday,12,94131.0,Ingleside,7,26881.0,12926.0,13427.0,12618.0,859700.0,96889.0
Tuesday,12,94131.0,Park,6,26881.0,12926.0,13427.0,12618.0,859700.0,96889.0
Tuesday,12,94131.0,Taraval,2,26881.0,12926.0,13427.0,12618.0,859700.0,96889.0
Tuesday,12,94132.0,Taraval,17,28129.0,9045.0,10769.0,9993.0,733100.0,69223.0
Tuesday,12,94134.0,Bayview,27,40798.0,17001.0,11867.0,11244.0,547800.0,56716.0
Tuesday,12,94134.0,Ingleside,21,40798.0,17001.0,11867.0,11244.0,547800.0,56716.0
Tuesday,12,94134.0,Out of SF,5,40798.0,17001.0,11867.0,11244.0,547800.0,56716.0
Tuesday,12,94158.0,Bayview,14,4792.0,7288.0,2482.0,2271.0,643900.0,82195.0
Tuesday,12,94158.0,Mission,3,4792.0,7288.0,2482.0,2271.0,643900.0,82195.0
Tuesday,12,94158.0,Out of SF,6,4792.0,7288.0,2482.0,2271.0,643900.0,82195.0
Tuesday,12,94158.0,Southern,22,4792.0,7288.0,2482.0,2271.0,643900.0,82195.0
Tuesday,13,94102.0,Central,1,31176.0,46472.0,18758.0,16844.0,574100.0,22517.0
Tuesday,13,94102.0,Mission,36,31176.0,46472.0,18758.0,16844.0,574100.0,22517.0
Tuesday,13,94102.0,Northern,49,31176.0,46472.0,18758.0,16844.0,574100.0,22517.0
Tuesday,13,94102.0,Southern,14,31176.0,46472.0,18758.0,16844.0,574100.0,22517.0
Tuesday,13,94102.0,Tenderloin,45,31176.0,46472.0,18758.0,16844.0,574100.0,22517.0
Tuesday,13,94103.0,Mission,4,27170.0,20036.0,14778.0,13098.0,628000.0,43364.0
Tuesday,13,94103.0,Out of SF,2,27170.0,20036.0,14778.0,13098.0,628000.0,43364.0
Tuesday,13,94103.0,Southern,63,27170.0,20036.0,14778.0,13098.0,628000.0,43364.0
Tuesday,13,94103.0,Tenderloin,85,27170.0,20036.0,14778.0,13098.0,628000.0,43364.0
Tuesday,13,94104.0,Central,33,406.0,5232.0,368.0,207.0,1000001.0,48750.0
Tuesday,13,94104.0,Southern,4,406.0,5232.0,368.0,207.0,1000001.0,48750.0
Tuesday,13,94104.0,Tenderloin,2,406.0,5232.0,368.0,207.0,1000001.0,48750.0
Tuesday,13,94105.0,Central,5,5846.0,15826.0,4601.0,3586.0,740900.0,163949.0
Tuesday,13,94105.0,Southern,12,5846.0,15826.0,4601.0,3586.0,740900.0,163949.0
Tuesday,13,94107.0,Bayview,9,26599.0,14845.0,15141.0,13736.0,719700.0,114439.0
Tuesday,13,94108.0,Central,45,13768.0,50983.0,8843.0,7628.0,856900.0,35427.0
Tuesday,13,94108.0,Out of SF,4,13768.0,50983.0,8843.0,7628.0,856900.0,35427.0
Tuesday,13,94108.0,Tenderloin,6,13768.0,50983.0,8843.0,7628.0,856900.0,35427.0
Tuesday,13,94109.0,Bayview,1,55984.0,47129.0,37182.0,33342.0,723200.0,60722.0
Tuesday,13,94109.0,Central,12,55984.0,47129.0,37182.0,33342.0,723200.0,60722.0
Tuesday,13,94109.0,Northern,32,55984.0,47129.0,37182.0,33342.0,723200.0,60722.0
Tuesday,13,94109.0,Tenderloin,9,55984.0,47129.0,37182.0,33342.0,723200.0,60722.0
Tuesday,13,94110.0,Bayview,5,69333.0,29816.0,28913.0,27128.0,768200.0,82111.0
Tuesday,13,94110.0,Ingleside,25,69333.0,29816.0,28913.0,27128.0,768200.0,82111.0
Tuesday,13,94110.0,Mission,70,69333.0,29816.0,28913.0,27128.0,768200.0,82111.0
Tuesday,13,94110.0,Park,1,69333.0,29816.0,28913.0,27128.0,768200.0,82111.0
Tuesday,13,94110.0,Tenderloin,3,69333.0,29816.0,28913.0,27128.0,768200.0,82111.0
Tuesday,13,94111.0,Central,47,3713.0,10791.0,2811.0,2365.0,882000.0,89722.0
Tuesday,13,94112.0,Ingleside,33,79407.0,23606.0,23081.0,21975.0,602400.0,71625.0
Tuesday,13,94112.0,Out of SF,1,79407.0,23606.0,23081.0,21975.0,602400.0,71625.0
Tuesday,13,94112.0,Taraval,2,79407.0,23606.0,23081.0,21975.0,602400.0,71625.0
Tuesday,13,94114.0,Mission,18,31124.0,21837.0,17634.0,16281.0,1000001.0,114689.0
Tuesday,13,94114.0,Park,3,31124.0,21837.0,17634.0,16281.0,1000001.0,114689.0
Tuesday,13,94115.0,Northern,15,33021.0,29596.0,18884.0,17289.0,965800.0,76952.0
Tuesday,13,94115.0,Richmond,6,33021.0,29596.0,18884.0,17289.0,965800.0,76952.0
Tuesday,13,94116.0,Taraval,25,43698.0,16901.0,16283.0,15445.0,734400.0,83407.0
Tuesday,13,94117.0,Mission,9,39169.0,23211.0,19255.0,17939.0,911500.0,94479.0
Tuesday,13,94117.0,Northern,10,39169.0,23211.0,19255.0,17939.0,911500.0,94479.0
Tuesday,13,94117.0,Park,45,39169.0,23211.0,19255.0,17939.0,911500.0,94479.0
Tuesday,13,94117.0,Tenderloin,1,39169.0,23211.0,19255.0,17939.0,911500.0,94479.0
Tuesday,13,94118.0,Out of SF,3,38319.0,19663.0,18633.0,17171.0,1000001.0,82857.0
Tuesday,13,94118.0,Park,9,38319.0,19663.0,18633.0,17171.0,1000001.0,82857.0
Tuesday,13,94118.0,Richmond,23,38319.0,19663.0,18633.0,17171.0,1000001.0,82857.0
Tuesday,13,94122.0,Ingleside,1,56023.0,23699.0,23633.0,22162.0,774500.0,81768.0
Tuesday,13,94122.0,Park,2,56023.0,23699.0,23633.0,22162.0,774500.0,81768.0
Tuesday,13,94122.0,Richmond,29,56023.0,23699.0,23633.0,22162.0,774500.0,81768.0
Tuesday,13,94122.0,Taraval,15,56023.0,23699.0,23633.0,22162.0,774500.0,81768.0
Tuesday,13,94123.0,Northern,23,23088.0,22622.0,15083.0,13717.0,1000001.0,112650.0
Tuesday,13,94124.0,Bayview,39,33996.0,6901.0,10812.0,9717.0,470400.0,50146.0
Tuesday,13,94127.0,Ingleside,6,19289.0,10895.0,7801.0,7511.0,916900.0,131351.0
Tuesday,13,94127.0,Taraval,9,19289.0,10895.0,7801.0,7511.0,916900.0,131351.0
Tuesday,13,94129.0,Central,2,3183.0,1381.0,1132.0,1086.0,,143320.0
Tuesday,13,94129.0,Northern,1,3183.0,1381.0,1132.0,1086.0,,143320.0
Tuesday,13,94130.0,Southern,2,2880.0,3196.0,786.0,656.0,,37500.0
Tuesday,13,94131.0,Ingleside,1,26881.0,12926.0,13427.0,12618.0,859700.0,96889.0
Tuesday,13,94131.0,Mission,4,26881.0,12926.0,13427.0,12618.0,859700.0,96889.0
Tuesday,13,94131.0,Park,3,26881.0,12926.0,13427.0,12618.0,859700.0,96889.0
Tuesday,13,94132.0,Ingleside,1,28129.0,9045.0,10769.0,9993.0,733100.0,69223.0
Tuesday,13,94132.0,Taraval,32,28129.0,9045.0,10769.0,9993.0,733100.0,69223.0
Tuesday,13,94132.0,Tenderloin,1,28129.0,9045.0,10769.0,9993.0,733100.0,69223.0
Tuesday,13,94134.0,Bayview,31,40798.0,17001.0,11867.0,11244.0,547800.0,56716.0
Tuesday,13,94134.0,Ingleside,17,40798.0,17001.0,11867.0,11244.0,547800.0,56716.0
Tuesday,13,94134.0,Out of SF,1,40798.0,17001.0,11867.0,11244.0,547800.0,56716.0
Tuesday,13,94158.0,Bayview,5,4792.0,7288.0,2482.0,2271.0,643900.0,82195.0
Tuesday,13,94158.0,Mission,4,4792.0,7288.0,2482.0,2271.0,643900.0,82195.0
Tuesday,13,94158.0,Northern,1,4792.0,7288.0,2482.0,2271.0,643900.0,82195.0
Tuesday,13,94158.0,Southern,11,4792.0,7288.0,2482.0,2271.0,643900.0,82195.0
Tuesday,14,94102.0,Mission,32,31176.0,46472.0,18758.0,16844.0,574100.0,22517.0
Tuesday,14,94102.0,Northern,56,31176.0,46472.0,18758.0,16844.0,574100.0,22517.0
Tuesday,14,94102.0,Out of SF,2,31176.0,46472.0,18758.0,16844.0,574100.0,22517.0
Tuesday,14,94102.0,Southern,11,31176.0,46472.0,18758.0,16844.0,574100.0,22517.0
Tuesday,14,94102.0,Tenderloin,46,31176.0,46472.0,18758.0,16844.0,574100.0,22517.0
Tuesday,14,94103.0,Bayview,4,27170.0,20036.0,14778.0,13098.0,628000.0,43364.0
Tuesday,14,94103.0,Mission,9,27170.0,20036.0,14778.0,13098.0,628000.0,43364.0
Tuesday,14,94103.0,Out of SF,3,27170.0,20036.0,14778.0,13098.0,628000.0,43364.0
Tuesday,14,94103.0,Southern,79,27170.0,20036.0,14778.0,13098.0,628000.0,43364.0
Tuesday,14,94103.0,Tenderloin,61,27170.0,20036.0,14778.0,13098.0,628000.0,43364.0
Tuesday,14,94104.0,Central,35,406.0,5232.0,368.0,207.0,1000001.0,48750.0
Tuesday,14,94104.0,Mission,1,406.0,5232.0,368.0,207.0,1000001.0,48750.0
Tuesday,14,94104.0,Southern,1,406.0,5232.0,368.0,207.0,1000001.0,48750.0
Tuesday,14,94105.0,Central,1,5846.0,15826.0,4601.0,3586.0,740900.0,163949.0
Tuesday,14,94105.0,Southern,17,5846.0,15826.0,4601.0,3586.0,740900.0,163949.0
Tuesday,14,94107.0,Bayview,5,26599.0,14845.0,15141.0,13736.0,719700.0,114439.0
Tuesday,14,94107.0,Southern,3,26599.0,14845.0,15141.0,13736.0,719700.0,114439.0
Tuesday,14,94108.0,Central,65,13768.0,50983.0,8843.0,7628.0,856900.0,35427.0
Tuesday,14,94108.0,Out of SF,5,13768.0,50983.0,8843.0,7628.0,856900.0,35427.0
Tuesday,14,94108.0,Tenderloin,10,13768.0,50983.0,8843.0,7628.0,856900.0,35427.0
Tuesday,14,94109.0,Central,12,55984.0,47129.0,37182.0,33342.0,723200.0,60722.0
Tuesday,14,94109.0,Northern,31,55984.0,47129.0,37182.0,33342.0,723200.0,60722.0
Tuesday,14,94109.0,Tenderloin,6,55984.0,47129.0,37182.0,33342.0,723200.0,60722.0
Tuesday,14,94110.0,Bayview,17,69333.0,29816.0,28913.0,27128.0,768200.0,82111.0
Tuesday,14,94110.0,Ingleside,21,69333.0,29816.0,28913.0,27128.0,768200.0,82111.0
Tuesday,14,94110.0,Mission,94,69333.0,29816.0,28913.0,27128.0,768200.0,82111.0
Tuesday,14,94110.0,Southern,1,69333.0,29816.0,28913.0,27128.0,768200.0,82111.0
Tuesday,14,94111.0,Central,48,3713.0,10791.0,2811.0,2365.0,882000.0,89722.0
Tuesday,14,94112.0,Ingleside,33,79407.0,23606.0,23081.0,21975.0,602400.0,71625.0
Tuesday,14,94112.0,Taraval,4,79407.0,23606.0,23081.0,21975.0,602400.0,71625.0
Tuesday,14,94114.0,Mission,21,31124.0,21837.0,17634.0,16281.0,1000001.0,114689.0
Tuesday,14,94114.0,Park,9,31124.0,21837.0,17634.0,16281.0,1000001.0,114689.0
Tuesday,14,94114.0,Southern,2,31124.0,21837.0,17634.0,16281.0,1000001.0,114689.0
Tuesday,14,94115.0,Northern,15,33021.0,29596.0,18884.0,17289.0,965800.0,76952.0
Tuesday,14,94115.0,Park,1,33021.0,29596.0,18884.0,17289.0,965800.0,76952.0
Tuesday,14,94115.0,Richmond,10,33021.0,29596.0,18884.0,17289.0,965800.0,76952.0
Tuesday,14,94116.0,Taraval,21,43698.0,16901.0,16283.0,15445.0,734400.0,83407.0
Tuesday,14,94117.0,Mission,10,39169.0,23211.0,19255.0,17939.0,911500.0,94479.0
Tuesday,14,94117.0,Northern,13,39169.0,23211.0,19255.0,17939.0,911500.0,94479.0
Tuesday,14,94117.0,Park,40,39169.0,23211.0,19255.0,17939.0,911500.0,94479.0
Tuesday,14,94117.0,Richmond,1,39169.0,23211.0,19255.0,17939.0,911500.0,94479.0
Tuesday,14,94118.0,Out of SF,2,38319.0,19663.0,18633.0,17171.0,1000001.0,82857.0
Tuesday,14,94118.0,Park,6,38319.0,19663.0,18633.0,17171.0,1000001.0,82857.0
Tuesday,14,94118.0,Richmond,38,38319.0,19663.0,18633.0,17171.0,1000001.0,82857.0
Tuesday,14,94122.0,Park,3,56023.0,23699.0,23633.0,22162.0,774500.0,81768.0
Tuesday,14,94122.0,Richmond,22,56023.0,23699.0,23633.0,22162.0,774500.0,81768.0
Tuesday,14,94122.0,Taraval,21,56023.0,23699.0,23633.0,22162.0,774500.0,81768.0
Tuesday,14,94123.0,Central,3,23088.0,22622.0,15083.0,13717.0,1000001.0,112650.0
Tuesday,14,94123.0,Northern,27,23088.0,22622.0,15083.0,13717.0,1000001.0,112650.0
Tuesday,14,94124.0,Bayview,26,33996.0,6901.0,10812.0,9717.0,470400.0,50146.0
Tuesday,14,94124.0,Central,1,33996.0,6901.0,10812.0,9717.0,470400.0,50146.0
Tuesday,14,94127.0,Ingleside,1,19289.0,10895.0,7801.0,7511.0,916900.0,131351.0
Tuesday,14,94127.0,Taraval,8,19289.0,10895.0,7801.0,7511.0,916900.0,131351.0
Tuesday,14,94129.0,Bayview,1,3183.0,1381.0,1132.0,1086.0,,143320.0
Tuesday,14,94129.0,Central,1,3183.0,1381.0,1132.0,1086.0,,143320.0
Tuesday,14,94130.0,Southern,3,2880.0,3196.0,786.0,656.0,,37500.0
Tuesday,14,94131.0,Ingleside,5,26881.0,12926.0,13427.0,12618.0,859700.0,96889.0
Tuesday,14,94131.0,Mission,4,26881.0,12926.0,13427.0,12618.0,859700.0,96889.0
Tuesday,14,94131.0,Park,8,26881.0,12926.0,13427.0,12618.0,859700.0,96889.0
Tuesday,14,94132.0,Taraval,22,28129.0,9045.0,10769.0,9993.0,733100.0,69223.0
Tuesday,14,94134.0,Bayview,16,40798.0,17001.0,11867.0,11244.0,547800.0,56716.0
Tuesday,14,94134.0,Ingleside,18,40798.0,17001.0,11867.0,11244.0,547800.0,56716.0
Tuesday,14,94158.0,Bayview,10,4792.0,7288.0,2482.0,2271.0,643900.0,82195.0
Tuesday,14,94158.0,Mission,2,4792.0,7288.0,2482.0,2271.0,643900.0,82195.0
Tuesday,14,94158.0,Out of SF,1,4792.0,7288.0,2482.0,2271.0,643900.0,82195.0
Tuesday,14,94158.0,Southern,17,4792.0,7288.0,2482.0,2271.0,643900.0,82195.0
Tuesday,15,94102.0,Central,1,31176.0,46472.0,18758.0,16844.0,574100.0,22517.0
Tuesday,15,94102.0,Ingleside,2,31176.0,46472.0,18758.0,16844.0,574100.0,22517.0
Tuesday,15,94102.0,Mission,29,31176.0,46472.0,18758.0,16844.0,574100.0,22517.0
Tuesday,15,94102.0,Northern,31,31176.0,46472.0,18758.0,16844.0,574100.0,22517.0
Tuesday,15,94102.0,Park,2,31176.0,46472.0,18758.0,16844.0,574100.0,22517.0
Tuesday,15,94102.0,Southern,12,31176.0,46472.0,18758.0,16844.0,574100.0,22517.0
Tuesday,15,94102.0,Tenderloin,28,31176.0,46472.0,18758.0,16844.0,574100.0,22517.0
Tuesday,15,94103.0,Central,2,27170.0,20036.0,14778.0,13098.0,628000.0,43364.0
Tuesday,15,94103.0,Mission,14,27170.0,20036.0,14778.0,13098.0,628000.0,43364.0
Tuesday,15,94103.0,Northern,1,27170.0,20036.0,14778.0,13098.0,628000.0,43364.0
Tuesday,15,94103.0,Out of SF,1,27170.0,20036.0,14778.0,13098.0,628000.0,43364.0
Tuesday,15,94103.0,Richmond,3,27170.0,20036.0,14778.0,13098.0,628000.0,43364.0
Tuesday,15,94103.0,Southern,88,27170.0,20036.0,14778.0,13098.0,628000.0,43364.0
Tuesday,15,94103.0,Tenderloin,91,27170.0,20036.0,14778.0,13098.0,628000.0,43364.0
Tuesday,15,94104.0,Central,46,406.0,5232.0,368.0,207.0,1000001.0,48750.0
Tuesday,15,94104.0,Southern,3,406.0,5232.0,368.0,207.0,1000001.0,48750.0
Tuesday,15,94104.0,Tenderloin,3,406.0,5232.0,368.0,207.0,1000001.0,48750.0
Tuesday,15,94105.0,Bayview,2,5846.0,15826.0,4601.0,3586.0,740900.0,163949.0
Tuesday,15,94105.0,Central,3,5846.0,15826.0,4601.0,3586.0,740900.0,163949.0
Tuesday,15,94105.0,Southern,32,5846.0,15826.0,4601.0,3586.0,740900.0,163949.0
Tuesday,15,94107.0,Bayview,12,26599.0,14845.0,15141.0,13736.0,719700.0,114439.0
Tuesday,15,94107.0,Southern,5,26599.0,14845.0,15141.0,13736.0,719700.0,114439.0
Tuesday,15,94108.0,Central,70,13768.0,50983.0,8843.0,7628.0,856900.0,35427.0
Tuesday,15,94108.0,Out of SF,2,13768.0,50983.0,8843.0,7628.0,856900.0,35427.0
Tuesday,15,94108.0,Tenderloin,3,13768.0,50983.0,8843.0,7628.0,856900.0,35427.0
Tuesday,15,94109.0,Central,17,55984.0,47129.0,37182.0,33342.0,723200.0,60722.0
Tuesday,15,94109.0,Northern,31,55984.0,47129.0,37182.0,33342.0,723200.0,60722.0
Tuesday,15,94110.0,Bayview,11,69333.0,29816.0,28913.0,27128.0,768200.0,82111.0
Tuesday,15,94110.0,Ingleside,22,69333.0,29816.0,28913.0,27128.0,768200.0,82111.0
Tuesday,15,94110.0,Mission,48,69333.0,29816.0,28913.0,27128.0,768200.0,82111.0
Tuesday,15,94110.0,Tenderloin,1,69333.0,29816.0,28913.0,27128.0,768200.0,82111.0
Tuesday,15,94111.0,Central,50,3713.0,10791.0,2811.0,2365.0,882000.0,89722.0
Tuesday,15,94112.0,Ingleside,28,79407.0,23606.0,23081.0,21975.0,602400.0,71625.0
Tuesday,15,94112.0,Taraval,2,79407.0,23606.0,23081.0,21975.0,602400.0,71625.0
Tuesday,15,94114.0,Mission,12,31124.0,21837.0,17634.0,16281.0,1000001.0,114689.0
Tuesday,15,94114.0,Park,10,31124.0,21837.0,17634.0,16281.0,1000001.0,114689.0
Tuesday,15,94115.0,Northern,13,33021.0,29596.0,18884.0,17289.0,965800.0,76952.0
Tuesday,15,94115.0,Richmond,5,33021.0,29596.0,18884.0,17289.0,965800.0,76952.0
Tuesday,15,94116.0,Out of SF,3,43698.0,16901.0,16283.0,15445.0,734400.0,83407.0
Tuesday,15,94116.0,Taraval,21,43698.0,16901.0,16283.0,15445.0,734400.0,83407.0
Tuesday,15,94117.0,Mission,8,39169.0,23211.0,19255.0,17939.0,911500.0,94479.0
Tuesday,15,94117.0,Northern,13,39169.0,23211.0,19255.0,17939.0,911500.0,94479.0
Tuesday,15,94117.0,Park,41,39169.0,23211.0,19255.0,17939.0,911500.0,94479.0
Tuesday,15,94118.0,Park,8,38319.0,19663.0,18633.0,17171.0,1000001.0,82857.0
Tuesday,15,94118.0,Richmond,34,38319.0,19663.0,18633.0,17171.0,1000001.0,82857.0
Tuesday,15,94122.0,Park,1,56023.0,23699.0,23633.0,22162.0,774500.0,81768.0
Tuesday,15,94122.0,Richmond,45,56023.0,23699.0,23633.0,22162.0,774500.0,81768.0
Tuesday,15,94122.0,Taraval,25,56023.0,23699.0,23633.0,22162.0,774500.0,81768.0
Tuesday,15,94123.0,Northern,37,23088.0,22622.0,15083.0,13717.0,1000001.0,112650.0
Tuesday,15,94124.0,Bayview,48,33996.0,6901.0,10812.0,9717.0,470400.0,50146.0
Tuesday,15,94127.0,Ingleside,5,19289.0,10895.0,7801.0,7511.0,916900.0,131351.0
Tuesday,15,94127.0,Taraval,6,19289.0,10895.0,7801.0,7511.0,916900.0,131351.0
Tuesday,15,94130.0,Southern,5,2880.0,3196.0,786.0,656.0,,37500.0
Tuesday,15,94131.0,Ingleside,8,26881.0,12926.0,13427.0,12618.0,859700.0,96889.0
Tuesday,15,94131.0,Mission,2,26881.0,12926.0,13427.0,12618.0,859700.0,96889.0
Tuesday,15,94131.0,Park,3,26881.0,12926.0,13427.0,12618.0,859700.0,96889.0
Tuesday,15,94131.0,Taraval,1,26881.0,12926.0,13427.0,12618.0,859700.0,96889.0
Tuesday,15,94132.0,Taraval,26,28129.0,9045.0,10769.0,9993.0,733100.0,69223.0
Tuesday,15,94134.0,Bayview,31,40798.0,17001.0,11867.0,11244.0,547800.0,56716.0
Tuesday,15,94134.0,Ingleside,24,40798.0,17001.0,11867.0,11244.0,547800.0,56716.0
Tuesday,15,94134.0,Southern,3,40798.0,17001.0,11867.0,11244.0,547800.0,56716.0
Tuesday,15,94158.0,Bayview,8,4792.0,7288.0,2482.0,2271.0,643900.0,82195.0
Tuesday,15,94158.0,Mission,1,4792.0,7288.0,2482.0,2271.0,643900.0,82195.0
Tuesday,15,94158.0,Out of SF,4,4792.0,7288.0,2482.0,2271.0,643900.0,82195.0
Tuesday,15,94158.0,Southern,19,4792.0,7288.0,2482.0,2271.0,643900.0,82195.0
Tuesday,16,94102.0,Central,1,31176.0,46472.0,18758.0,16844.0,574100.0,22517.0
Tuesday,16,94102.0,Mission,19,31176.0,46472.0,18758.0,16844.0,574100.0,22517.0
Tuesday,16,94102.0,Northern,82,31176.0,46472.0,18758.0,16844.0,574100.0,22517.0
Tuesday,16,94102.0,Out of SF,2,31176.0,46472.0,18758.0,16844.0,574100.0,22517.0
Tuesday,16,94102.0,Southern,9,31176.0,46472.0,18758.0,16844.0,574100.0,22517.0
Tuesday,16,94102.0,Tenderloin,54,31176.0,46472.0,18758.0,16844.0,574100.0,22517.0
Tuesday,16,94103.0,Central,3,27170.0,20036.0,14778.0,13098.0,628000.0,43364.0
Tuesday,16,94103.0,Mission,6,27170.0,20036.0,14778.0,13098.0,628000.0,43364.0
Tuesday,16,94103.0,Northern,1,27170.0,20036.0,14778.0,13098.0,628000.0,43364.0
Tuesday,16,94103.0,Southern,79,27170.0,20036.0,14778.0,13098.0,628000.0,43364.0
Tuesday,16,94103.0,Tenderloin,94,27170.0,20036.0,14778.0,13098.0,628000.0,43364.0
Tuesday,16,94104.0,Central,45,406.0,5232.0,368.0,207.0,1000001.0,48750.0
Tuesday,16,94104.0,Southern,4,406.0,5232.0,368.0,207.0,1000001.0,48750.0
Tuesday,16,94105.0,Central,6,5846.0,15826.0,4601.0,3586.0,740900.0,163949.0
Tuesday,16,94105.0,Southern,36,5846.0,15826.0,4601.0,3586.0,740900.0,163949.0
Tuesday,16,94107.0,Bayview,13,26599.0,14845.0,15141.0,13736.0,719700.0,114439.0
Tuesday,16,94107.0,Mission,1,26599.0,14845.0,15141.0,13736.0,719700.0,114439.0
Tuesday,16,94107.0,Southern,1,26599.0,14845.0,15141.0,13736.0,719700.0,114439.0
Tuesday,16,94108.0,Central,55,13768.0,50983.0,8843.0,7628.0,856900.0,35427.0
Tuesday,16,94108.0,Out of SF,7,13768.0,50983.0,8843.0,7628.0,856900.0,35427.0
Tuesday,16,94108.0,Tenderloin,14,13768.0,50983.0,8843.0,7628.0,856900.0,35427.0
Tuesday,16,94109.0,Central,12,55984.0,47129.0,37182.0,33342.0,723200.0,60722.0
Tuesday,16,94109.0,Northern,21,55984.0,47129.0,37182.0,33342.0,723200.0,60722.0
Tuesday,16,94109.0,Tenderloin,2,55984.0,47129.0,37182.0,33342.0,723200.0,60722.0
Tuesday,16,94110.0,Bayview,19,69333.0,29816.0,28913.0,27128.0,768200.0,82111.0
Tuesday,16,94110.0,Ingleside,23,69333.0,29816.0,28913.0,27128.0,768200.0,82111.0
Tuesday,16,94110.0,Mission,72,69333.0,29816.0,28913.0,27128.0,768200.0,82111.0
Tuesday,16,94110.0,Southern,1,69333.0,29816.0,28913.0,27128.0,768200.0,82111.0
Tuesday,16,94111.0,Central,49,3713.0,10791.0,2811.0,2365.0,882000.0,89722.0
Tuesday,16,94112.0,Ingleside,50,79407.0,23606.0,23081.0,21975.0,602400.0,71625.0
Tuesday,16,94112.0,Taraval,2,79407.0,23606.0,23081.0,21975.0,602400.0,71625.0
Tuesday,16,94114.0,Mission,28,31124.0,21837.0,17634.0,16281.0,1000001.0,114689.0
Tuesday,16,94114.0,Park,12,31124.0,21837.0,17634.0,16281.0,1000001.0,114689.0
Tuesday,16,94115.0,Northern,29,33021.0,29596.0,18884.0,17289.0,965800.0,76952.0
Tuesday,16,94115.0,Park,1,33021.0,29596.0,18884.0,17289.0,965800.0,76952.0
Tuesday,16,94115.0,Richmond,11,33021.0,29596.0,18884.0,17289.0,965800.0,76952.0
Tuesday,16,94116.0,Taraval,15,43698.0,16901.0,16283.0,15445.0,734400.0,83407.0
Tuesday,16,94117.0,Mission,10,39169.0,23211.0,19255.0,17939.0,911500.0,94479.0
Tuesday,16,94117.0,Northern,11,39169.0,23211.0,19255.0,17939.0,911500.0,94479.0
Tuesday,16,94117.0,Park,47,39169.0,23211.0,19255.0,17939.0,911500.0,94479.0
Tuesday,16,94118.0,Park,14,38319.0,19663.0,18633.0,17171.0,1000001.0,82857.0
Tuesday,16,94118.0,Richmond,22,38319.0,19663.0,18633.0,17171.0,1000001.0,82857.0
Tuesday,16,94122.0,Park,3,56023.0,23699.0,23633.0,22162.0,774500.0,81768.0
Tuesday,16,94122.0,Richmond,18,56023.0,23699.0,23633.0,22162.0,774500.0,81768.0
Tuesday,16,94122.0,Taraval,12,56023.0,23699.0,23633.0,22162.0,774500.0,81768.0
Tuesday,16,94123.0,Central,1,23088.0,22622.0,15083.0,13717.0,1000001.0,112650.0
Tuesday,16,94123.0,Northern,20,23088.0,22622.0,15083.0,13717.0,1000001.0,112650.0
Tuesday,16,94124.0,Bayview,57,33996.0,6901.0,10812.0,9717.0,470400.0,50146.0
Tuesday,16,94124.0,Out of SF,1,33996.0,6901.0,10812.0,9717.0,470400.0,50146.0
Tuesday,16,94127.0,Ingleside,12,19289.0,10895.0,7801.0,7511.0,916900.0,131351.0
Tuesday,16,94127.0,Taraval,7,19289.0,10895.0,7801.0,7511.0,916900.0,131351.0
Tuesday,16,94130.0,Southern,2,2880.0,3196.0,786.0,656.0,,37500.0
Tuesday,16,94131.0,Ingleside,3,26881.0,12926.0,13427.0,12618.0,859700.0,96889.0
Tuesday,16,94131.0,Mission,7,26881.0,12926.0,13427.0,12618.0,859700.0,96889.0
Tuesday,16,94131.0,Park,1,26881.0,12926.0,13427.0,12618.0,859700.0,96889.0
Tuesday,16,94132.0,Taraval,15,28129.0,9045.0,10769.0,9993.0,733100.0,69223.0
Tuesday,16,94134.0,Bayview,12,40798.0,17001.0,11867.0,11244.0,547800.0,56716.0
Tuesday,16,94134.0,Ingleside,22,40798.0,17001.0,11867.0,11244.0,547800.0,56716.0
Tuesday,16,94158.0,Bayview,8,4792.0,7288.0,2482.0,2271.0,643900.0,82195.0
Tuesday,16,94158.0,Mission,4,4792.0,7288.0,2482.0,2271.0,643900.0,82195.0
Tuesday,16,94158.0,Southern,11,4792.0,7288.0,2482.0,2271.0,643900.0,82195.0
Tuesday,17,94102.0,Mission,19,31176.0,46472.0,18758.0,16844.0,574100.0,22517.0
Tuesday,17,94102.0,Northern,51,31176.0,46472.0,18758.0,16844.0,574100.0,22517.0
Tuesday,17,94102.0,Southern,11,31176.0,46472.0,18758.0,16844.0,574100.0,22517.0
Tuesday,17,94102.0,Tenderloin,32,31176.0,46472.0,18758.0,16844.0,574100.0,22517.0
Tuesday,17,94103.0,Mission,11,27170.0,20036.0,14778.0,13098.0,628000.0,43364.0
Tuesday,17,94103.0,Out of SF,1,27170.0,20036.0,14778.0,13098.0,628000.0,43364.0
Tuesday,17,94103.0,Southern,67,27170.0,20036.0,14778.0,13098.0,628000.0,43364.0
Tuesday,17,94103.0,Tenderloin,88,27170.0,20036.0,14778.0,13098.0,628000.0,43364.0
Tuesday,17,94104.0,Central,36,406.0,5232.0,368.0,207.0,1000001.0,48750.0
Tuesday,17,94104.0,Southern,4,406.0,5232.0,368.0,207.0,1000001.0,48750.0
Tuesday,17,94105.0,Central,5,5846.0,15826.0,4601.0,3586.0,740900.0,163949.0
Tuesday,17,94105.0,Southern,35,5846.0,15826.0,4601.0,3586.0,740900.0,163949.0
Tuesday,17,94107.0,Bayview,7,26599.0,14845.0,15141.0,13736.0,719700.0,114439.0
Tuesday,17,94107.0,Southern,3,26599.0,14845.0,15141.0,13736.0,719700.0,114439.0
Tuesday,17,94108.0,Central,71,13768.0,50983.0,8843.0,7628.0,856900.0,35427.0
Tuesday,17,94108.0,Out of SF,2,13768.0,50983.0,8843.0,7628.0,856900.0,35427.0
Tuesday,17,94108.0,Tenderloin,9,13768.0,50983.0,8843.0,7628.0,856900.0,35427.0
Tuesday,17,94109.0,Central,24,55984.0,47129.0,37182.0,33342.0,723200.0,60722.0
Tuesday,17,94109.0,Northern,43,55984.0,47129.0,37182.0,33342.0,723200.0,60722.0
Tuesday,17,94109.0,Tenderloin,8,55984.0,47129.0,37182.0,33342.0,723200.0,60722.0
Tuesday,17,94110.0,Bayview,18,69333.0,29816.0,28913.0,27128.0,768200.0,82111.0
Tuesday,17,94110.0,Ingleside,22,69333.0,29816.0,28913.0,27128.0,768200.0,82111.0
Tuesday,17,94110.0,Mission,98,69333.0,29816.0,28913.0,27128.0,768200.0,82111.0
Tuesday,17,94110.0,Out of SF,2,69333.0,29816.0,28913.0,27128.0,768200.0,82111.0
Tuesday,17,94111.0,Central,43,3713.0,10791.0,2811.0,2365.0,882000.0,89722.0
Tuesday,17,94112.0,Ingleside,37,79407.0,23606.0,23081.0,21975.0,602400.0,71625.0
Tuesday,17,94112.0,Taraval,5,79407.0,23606.0,23081.0,21975.0,602400.0,71625.0
Tuesday,17,94114.0,Mission,22,31124.0,21837.0,17634.0,16281.0,1000001.0,114689.0
Tuesday,17,94114.0,Park,7,31124.0,21837.0,17634.0,16281.0,1000001.0,114689.0
Tuesday,17,94115.0,Northern,20,33021.0,29596.0,18884.0,17289.0,965800.0,76952.0
Tuesday,17,94115.0,Park,2,33021.0,29596.0,18884.0,17289.0,965800.0,76952.0
Tuesday,17,94115.0,Richmond,13,33021.0,29596.0,18884.0,17289.0,965800.0,76952.0
Tuesday,17,94116.0,Taraval,13,43698.0,16901.0,16283.0,15445.0,734400.0,83407.0
Tuesday,17,94117.0,Mission,4,39169.0,23211.0,19255.0,17939.0,911500.0,94479.0
Tuesday,17,94117.0,Northern,13,39169.0,23211.0,19255.0,17939.0,911500.0,94479.0
Tuesday,17,94117.0,Park,37,39169.0,23211.0,19255.0,17939.0,911500.0,94479.0
Tuesday,17,94118.0,Park,3,38319.0,19663.0,18633.0,17171.0,1000001.0,82857.0
Tuesday,17,94118.0,Richmond,42,38319.0,19663.0,18633.0,17171.0,1000001.0,82857.0
Tuesday,17,94122.0,Park,2,56023.0,23699.0,23633.0,22162.0,774500.0,81768.0
Tuesday,17,94122.0,Richmond,25,56023.0,23699.0,23633.0,22162.0,774500.0,81768.0
Tuesday,17,94122.0,Taraval,24,56023.0,23699.0,23633.0,22162.0,774500.0,81768.0
Tuesday,17,94123.0,Central,1,23088.0,22622.0,15083.0,13717.0,1000001.0,112650.0
Tuesday,17,94123.0,Northern,26,23088.0,22622.0,15083.0,13717.0,1000001.0,112650.0
Tuesday,17,94124.0,Bayview,60,33996.0,6901.0,10812.0,9717.0,470400.0,50146.0
Tuesday,17,94124.0,Central,1,33996.0,6901.0,10812.0,9717.0,470400.0,50146.0
Tuesday,17,94124.0,Out of SF,2,33996.0,6901.0,10812.0,9717.0,470400.0,50146.0
Tuesday,17,94124.0,Southern,1,33996.0,6901.0,10812.0,9717.0,470400.0,50146.0
Tuesday,17,94127.0,Ingleside,5,19289.0,10895.0,7801.0,7511.0,916900.0,131351.0
Tuesday,17,94127.0,Taraval,14,19289.0,10895.0,7801.0,7511.0,916900.0,131351.0
Tuesday,17,94131.0,Ingleside,5,26881.0,12926.0,13427.0,12618.0,859700.0,96889.0
Tuesday,17,94131.0,Mission,4,26881.0,12926.0,13427.0,12618.0,859700.0,96889.0
Tuesday,17,94131.0,Park,3,26881.0,12926.0,13427.0,12618.0,859700.0,96889.0
Tuesday,17,94132.0,Taraval,16,28129.0,9045.0,10769.0,9993.0,733100.0,69223.0
Tuesday,17,94134.0,Bayview,24,40798.0,17001.0,11867.0,11244.0,547800.0,56716.0
Tuesday,17,94134.0,Ingleside,22,40798.0,17001.0,11867.0,11244.0,547800.0,56716.0
Tuesday,17,94158.0,Bayview,10,4792.0,7288.0,2482.0,2271.0,643900.0,82195.0
Tuesday,17,94158.0,Mission,2,4792.0,7288.0,2482.0,2271.0,643900.0,82195.0
Tuesday,17,94158.0,Out of SF,4,4792.0,7288.0,2482.0,2271.0,643900.0,82195.0
Tuesday,17,94158.0,Southern,23,4792.0,7288.0,2482.0,2271.0,643900.0,82195.0
Tuesday,18,94102.0,Central,1,31176.0,46472.0,18758.0,16844.0,574100.0,22517.0
Tuesday,18,94102.0,Mission,46,31176.0,46472.0,18758.0,16844.0,574100.0,22517.0
Tuesday,18,94102.0,Northern,58,31176.0,46472.0,18758.0,16844.0,574100.0,22517.0
Tuesday,18,94102.0,Southern,7,31176.0,46472.0,18758.0,16844.0,574100.0,22517.0
Tuesday,18,94102.0,Tenderloin,26,31176.0,46472.0,18758.0,16844.0,574100.0,22517.0
Tuesday,18,94103.0,Central,1,27170.0,20036.0,14778.0,13098.0,628000.0,43364.0
Tuesday,18,94103.0,Mission,24,27170.0,20036.0,14778.0,13098.0,628000.0,43364.0
Tuesday,18,94103.0,Out of SF,4,27170.0,20036.0,14778.0,13098.0,628000.0,43364.0
Tuesday,18,94103.0,Southern,66,27170.0,20036.0,14778.0,13098.0,628000.0,43364.0
Tuesday,18,94103.0,Tenderloin,64,27170.0,20036.0,14778.0,13098.0,628000.0,43364.0
Tuesday,18,94104.0,Central,63,406.0,5232.0,368.0,207.0,1000001.0,48750.0
Tuesday,18,94104.0,Richmond,1,406.0,5232.0,368.0,207.0,1000001.0,48750.0
Tuesday,18,94104.0,Southern,2,406.0,5232.0,368.0,207.0,1000001.0,48750.0
Tuesday,18,94104.0,Tenderloin,3,406.0,5232.0,368.0,207.0,1000001.0,48750.0
Tuesday,18,94105.0,Central,3,5846.0,15826.0,4601.0,3586.0,740900.0,163949.0
Tuesday,18,94105.0,Southern,37,5846.0,15826.0,4601.0,3586.0,740900.0,163949.0
Tuesday,18,94107.0,Bayview,11,26599.0,14845.0,15141.0,13736.0,719700.0,114439.0
Tuesday,18,94107.0,Mission,1,26599.0,14845.0,15141.0,13736.0,719700.0,114439.0
Tuesday,18,94108.0,Central,67,13768.0,50983.0,8843.0,7628.0,856900.0,35427.0
Tuesday,18,94108.0,Out of SF,2,13768.0,50983.0,8843.0,7628.0,856900.0,35427.0
Tuesday,18,94108.0,Tenderloin,12,13768.0,50983.0,8843.0,7628.0,856900.0,35427.0
Tuesday,18,94109.0,Central,20,55984.0,47129.0,37182.0,33342.0,723200.0,60722.0
Tuesday,18,94109.0,Northern,40,55984.0,47129.0,37182.0,33342.0,723200.0,60722.0
Tuesday,18,94109.0,Tenderloin,4,55984.0,47129.0,37182.0,33342.0,723200.0,60722.0
Tuesday,18,94110.0,Bayview,12,69333.0,29816.0,28913.0,27128.0,768200.0,82111.0
Tuesday,18,94110.0,Ingleside,26,69333.0,29816.0,28913.0,27128.0,768200.0,82111.0
Tuesday,18,94110.0,Mission,79,69333.0,29816.0,28913.0,27128.0,768200.0,82111.0
Tuesday,18,94110.0,Richmond,1,69333.0,29816.0,28913.0,27128.0,768200.0,82111.0
Tuesday,18,94111.0,Central,57,3713.0,10791.0,2811.0,2365.0,882000.0,89722.0
Tuesday,18,94112.0,Ingleside,41,79407.0,23606.0,23081.0,21975.0,602400.0,71625.0
Tuesday,18,94112.0,Mission,1,79407.0,23606.0,23081.0,21975.0,602400.0,71625.0
Tuesday,18,94112.0,Taraval,2,79407.0,23606.0,23081.0,21975.0,602400.0,71625.0
Tuesday,18,94114.0,Mission,26,31124.0,21837.0,17634.0,16281.0,1000001.0,114689.0
Tuesday,18,94114.0,Out of SF,2,31124.0,21837.0,17634.0,16281.0,1000001.0,114689.0
Tuesday,18,94114.0,Park,10,31124.0,21837.0,17634.0,16281.0,1000001.0,114689.0
Tuesday,18,94115.0,Northern,37,33021.0,29596.0,18884.0,17289.0,965800.0,76952.0
Tuesday,18,94115.0,Richmond,14,33021.0,29596.0,18884.0,17289.0,965800.0,76952.0
Tuesday,18,94116.0,Out of SF,2,43698.0,16901.0,16283.0,15445.0,734400.0,83407.0
Tuesday,18,94116.0,Taraval,27,43698.0,16901.0,16283.0,15445.0,734400.0,83407.0
Tuesday,18,94117.0,Mission,10,39169.0,23211.0,19255.0,17939.0,911500.0,94479.0
Tuesday,18,94117.0,Northern,8,39169.0,23211.0,19255.0,17939.0,911500.0,94479.0
Tuesday,18,94117.0,Park,34,39169.0,23211.0,19255.0,17939.0,911500.0,94479.0
Tuesday,18,94118.0,Park,5,38319.0,19663.0,18633.0,17171.0,1000001.0,82857.0
Tuesday,18,94118.0,Richmond,64,38319.0,19663.0,18633.0,17171.0,1000001.0,82857.0
Tuesday,18,94122.0,Central,1,56023.0,23699.0,23633.0,22162.0,774500.0,81768.0
Tuesday,18,94122.0,Ingleside,2,56023.0,23699.0,23633.0,22162.0,774500.0,81768.0
Tuesday,18,94122.0,Park,2,56023.0,23699.0,23633.0,22162.0,774500.0,81768.0
Tuesday,18,94122.0,Richmond,29,56023.0,23699.0,23633.0,22162.0,774500.0,81768.0
Tuesday,18,94122.0,Taraval,25,56023.0,23699.0,23633.0,22162.0,774500.0,81768.0
Tuesday,18,94123.0,Northern,30,23088.0,22622.0,15083.0,13717.0,1000001.0,112650.0
Tuesday,18,94124.0,Bayview,47,33996.0,6901.0,10812.0,9717.0,470400.0,50146.0
Tuesday,18,94124.0,Tenderloin,1,33996.0,6901.0,10812.0,9717.0,470400.0,50146.0
Tuesday,18,94127.0,Ingleside,6,19289.0,10895.0,7801.0,7511.0,916900.0,131351.0
Tuesday,18,94127.0,Taraval,13,19289.0,10895.0,7801.0,7511.0,916900.0,131351.0
Tuesday,18,94129.0,Central,3,3183.0,1381.0,1132.0,1086.0,,143320.0
Tuesday,18,94130.0,Southern,1,2880.0,3196.0,786.0,656.0,,37500.0
Tuesday,18,94131.0,Ingleside,11,26881.0,12926.0,13427.0,12618.0,859700.0,96889.0
Tuesday,18,94131.0,Mission,5,26881.0,12926.0,13427.0,12618.0,859700.0,96889.0
Tuesday,18,94131.0,Park,4,26881.0,12926.0,13427.0,12618.0,859700.0,96889.0
Tuesday,18,94132.0,Ingleside,1,28129.0,9045.0,10769.0,9993.0,733100.0,69223.0
Tuesday,18,94132.0,Taraval,24,28129.0,9045.0,10769.0,9993.0,733100.0,69223.0
Tuesday,18,94134.0,Bayview,22,40798.0,17001.0,11867.0,11244.0,547800.0,56716.0
Tuesday,18,94134.0,Ingleside,26,40798.0,17001.0,11867.0,11244.0,547800.0,56716.0
Tuesday,18,94158.0,Bayview,16,4792.0,7288.0,2482.0,2271.0,643900.0,82195.0
Tuesday,18,94158.0,Ingleside,1,4792.0,7288.0,2482.0,2271.0,643900.0,82195.0
Tuesday,18,94158.0,Mission,4,4792.0,7288.0,2482.0,2271.0,643900.0,82195.0
Tuesday,18,94158.0,Southern,32,4792.0,7288.0,2482.0,2271.0,643900.0,82195.0
Tuesday,19,94102.0,Mission,28,31176.0,46472.0,18758.0,16844.0,574100.0,22517.0
Tuesday,19,94102.0,Northern,82,31176.0,46472.0,18758.0,16844.0,574100.0,22517.0
Tuesday,19,94102.0,Out of SF,3,31176.0,46472.0,18758.0,16844.0,574100.0,22517.0
Tuesday,19,94102.0,Southern,5,31176.0,46472.0,18758.0,16844.0,574100.0,22517.0
Tuesday,19,94102.0,Tenderloin,39,31176.0,46472.0,18758.0,16844.0,574100.0,22517.0
Tuesday,19,94103.0,Mission,6,27170.0,20036.0,14778.0,13098.0,628000.0,43364.0
Tuesday,19,94103.0,Southern,58,27170.0,20036.0,14778.0,13098.0,628000.0,43364.0
Tuesday,19,94103.0,Tenderloin,58,27170.0,20036.0,14778.0,13098.0,628000.0,43364.0
Tuesday,19,94104.0,Central,71,406.0,5232.0,368.0,207.0,1000001.0,48750.0
Tuesday,19,94104.0,Southern,5,406.0,5232.0,368.0,207.0,1000001.0,48750.0
Tuesday,19,94104.0,Tenderloin,3,406.0,5232.0,368.0,207.0,1000001.0,48750.0
Tuesday,19,94105.0,Central,5,5846.0,15826.0,4601.0,3586.0,740900.0,163949.0
Tuesday,19,94105.0,Southern,37,5846.0,15826.0,4601.0,3586.0,740900.0,163949.0
Tuesday,19,94107.0,Bayview,12,26599.0,14845.0,15141.0,13736.0,719700.0,114439.0
Tuesday,19,94107.0,Southern,1,26599.0,14845.0,15141.0,13736.0,719700.0,114439.0
Tuesday,19,94108.0,Central,84,13768.0,50983.0,8843.0,7628.0,856900.0,35427.0
Tuesday,19,94108.0,Northern,1,13768.0,50983.0,8843.0,7628.0,856900.0,35427.0
Tuesday,19,94108.0,Out of SF,3,13768.0,50983.0,8843.0,7628.0,856900.0,35427.0
Tuesday,19,94108.0,Tenderloin,6,13768.0,50983.0,8843.0,7628.0,856900.0,35427.0
Tuesday,19,94109.0,Central,16,55984.0,47129.0,37182.0,33342.0,723200.0,60722.0
Tuesday,19,94109.0,Northern,42,55984.0,47129.0,37182.0,33342.0,723200.0,60722.0
Tuesday,19,94109.0,Tenderloin,9,55984.0,47129.0,37182.0,33342.0,723200.0,60722.0
Tuesday,19,94110.0,Bayview,12,69333.0,29816.0,28913.0,27128.0,768200.0,82111.0
Tuesday,19,94110.0,Ingleside,21,69333.0,29816.0,28913.0,27128.0,768200.0,82111.0
Tuesday,19,94110.0,Mission,72,69333.0,29816.0,28913.0,27128.0,768200.0,82111.0
Tuesday,19,94110.0,Out of SF,2,69333.0,29816.0,28913.0,27128.0,768200.0,82111.0
Tuesday,19,94111.0,Central,54,3713.0,10791.0,2811.0,2365.0,882000.0,89722.0
Tuesday,19,94112.0,Ingleside,20,79407.0,23606.0,23081.0,21975.0,602400.0,71625.0
Tuesday,19,94112.0,Taraval,2,79407.0,23606.0,23081.0,21975.0,602400.0,71625.0
Tuesday,19,94114.0,Mission,18,31124.0,21837.0,17634.0,16281.0,1000001.0,114689.0
Tuesday,19,94114.0,Park,1,31124.0,21837.0,17634.0,16281.0,1000001.0,114689.0
Tuesday,19,94115.0,Northern,39,33021.0,29596.0,18884.0,17289.0,965800.0,76952.0
Tuesday,19,94115.0,Richmond,8,33021.0,29596.0,18884.0,17289.0,965800.0,76952.0
Tuesday,19,94116.0,Out of SF,1,43698.0,16901.0,16283.0,15445.0,734400.0,83407.0
Tuesday,19,94116.0,Taraval,28,43698.0,16901.0,16283.0,15445.0,734400.0,83407.0
Tuesday,19,94117.0,Mission,21,39169.0,23211.0,19255.0,17939.0,911500.0,94479.0
Tuesday,19,94117.0,Northern,9,39169.0,23211.0,19255.0,17939.0,911500.0,94479.0
Tuesday,19,94117.0,Park,32,39169.0,23211.0,19255.0,17939.0,911500.0,94479.0
Tuesday,19,94118.0,Park,1,38319.0,19663.0,18633.0,17171.0,1000001.0,82857.0
Tuesday,19,94118.0,Richmond,53,38319.0,19663.0,18633.0,17171.0,1000001.0,82857.0
Tuesday,19,94122.0,Park,1,56023.0,23699.0,23633.0,22162.0,774500.0,81768.0
Tuesday,19,94122.0,Richmond,18,56023.0,23699.0,23633.0,22162.0,774500.0,81768.0
Tuesday,19,94122.0,Taraval,26,56023.0,23699.0,23633.0,22162.0,774500.0,81768.0
Tuesday,19,94123.0,Central,2,23088.0,22622.0,15083.0,13717.0,1000001.0,112650.0
Tuesday,19,94123.0,Northern,50,23088.0,22622.0,15083.0,13717.0,1000001.0,112650.0
Tuesday,19,94124.0,Bayview,31,33996.0,6901.0,10812.0,9717.0,470400.0,50146.0
Tuesday,19,94127.0,Ingleside,7,19289.0,10895.0,7801.0,7511.0,916900.0,131351.0
Tuesday,19,94127.0,Park,1,19289.0,10895.0,7801.0,7511.0,916900.0,131351.0
Tuesday,19,94127.0,Taraval,14,19289.0,10895.0,7801.0,7511.0,916900.0,131351.0
Tuesday,19,94130.0,Southern,2,2880.0,3196.0,786.0,656.0,,37500.0
Tuesday,19,94131.0,Ingleside,13,26881.0,12926.0,13427.0,12618.0,859700.0,96889.0
Tuesday,19,94131.0,Mission,1,26881.0,12926.0,13427.0,12618.0,859700.0,96889.0
Tuesday,19,94131.0,Park,4,26881.0,12926.0,13427.0,12618.0,859700.0,96889.0
Tuesday,19,94131.0,Southern,2,26881.0,12926.0,13427.0,12618.0,859700.0,96889.0
Tuesday,19,94132.0,Taraval,13,28129.0,9045.0,10769.0,9993.0,733100.0,69223.0
Tuesday,19,94134.0,Bayview,15,40798.0,17001.0,11867.0,11244.0,547800.0,56716.0
Tuesday,19,94134.0,Ingleside,15,40798.0,17001.0,11867.0,11244.0,547800.0,56716.0
Tuesday,19,94158.0,Bayview,8,4792.0,7288.0,2482.0,2271.0,643900.0,82195.0
Tuesday,19,94158.0,Mission,1,4792.0,7288.0,2482.0,2271.0,643900.0,82195.0
Tuesday,19,94158.0,Out of SF,2,4792.0,7288.0,2482.0,2271.0,643900.0,82195.0
Tuesday,19,94158.0,Southern,26,4792.0,7288.0,2482.0,2271.0,643900.0,82195.0
Tuesday,20,94102.0,Mission,18,31176.0,46472.0,18758.0,16844.0,574100.0,22517.0
Tuesday,20,94102.0,Northern,52,31176.0,46472.0,18758.0,16844.0,574100.0,22517.0
Tuesday,20,94102.0,Out of SF,1,31176.0,46472.0,18758.0,16844.0,574100.0,22517.0
Tuesday,20,94102.0,Southern,8,31176.0,46472.0,18758.0,16844.0,574100.0,22517.0
Tuesday,20,94102.0,Tenderloin,18,31176.0,46472.0,18758.0,16844.0,574100.0,22517.0
Tuesday,20,94103.0,Mission,6,27170.0,20036.0,14778.0,13098.0,628000.0,43364.0
Tuesday,20,94103.0,Out of SF,8,27170.0,20036.0,14778.0,13098.0,628000.0,43364.0
Tuesday,20,94103.0,Southern,49,27170.0,20036.0,14778.0,13098.0,628000.0,43364.0
Tuesday,20,94103.0,Tenderloin,55,27170.0,20036.0,14778.0,13098.0,628000.0,43364.0
Tuesday,20,94104.0,Central,40,406.0,5232.0,368.0,207.0,1000001.0,48750.0
Tuesday,20,94104.0,Southern,2,406.0,5232.0,368.0,207.0,1000001.0,48750.0
Tuesday,20,94105.0,Central,7,5846.0,15826.0,4601.0,3586.0,740900.0,163949.0
Tuesday,20,94105.0,Southern,31,5846.0,15826.0,4601.0,3586.0,740900.0,163949.0
Tuesday,20,94107.0,Bayview,9,26599.0,14845.0,15141.0,13736.0,719700.0,114439.0
Tuesday,20,94107.0,Northern,1,26599.0,14845.0,15141.0,13736.0,719700.0,114439.0
Tuesday,20,94107.0,Southern,1,26599.0,14845.0,15141.0,13736.0,719700.0,114439.0
Tuesday,20,94108.0,Central,75,13768.0,50983.0,8843.0,7628.0,856900.0,35427.0
Tuesday,20,94108.0,Out of SF,2,13768.0,50983.0,8843.0,7628.0,856900.0,35427.0
Tuesday,20,94108.0,Southern,1,13768.0,50983.0,8843.0,7628.0,856900.0,35427.0
Tuesday,20,94108.0,Tenderloin,11,13768.0,50983.0,8843.0,7628.0,856900.0,35427.0
Tuesday,20,94109.0,Central,18,55984.0,47129.0,37182.0,33342.0,723200.0,60722.0
Tuesday,20,94109.0,Northern,38,55984.0,47129.0,37182.0,33342.0,723200.0,60722.0
Tuesday,20,94110.0,Bayview,8,69333.0,29816.0,28913.0,27128.0,768200.0,82111.0
Tuesday,20,94110.0,Ingleside,21,69333.0,29816.0,28913.0,27128.0,768200.0,82111.0
Tuesday,20,94110.0,Mission,69,69333.0,29816.0,28913.0,27128.0,768200.0,82111.0
Tuesday,20,94110.0,Out of SF,2,69333.0,29816.0,28913.0,27128.0,768200.0,82111.0
Tuesday,20,94111.0,Central,65,3713.0,10791.0,2811.0,2365.0,882000.0,89722.0
Tuesday,20,94112.0,Ingleside,36,79407.0,23606.0,23081.0,21975.0,602400.0,71625.0
Tuesday,20,94112.0,Park,1,79407.0,23606.0,23081.0,21975.0,602400.0,71625.0
Tuesday,20,94112.0,Taraval,4,79407.0,23606.0,23081.0,21975.0,602400.0,71625.0
Tuesday,20,94114.0,Mission,24,31124.0,21837.0,17634.0,16281.0,1000001.0,114689.0
Tuesday,20,94114.0,Out of SF,1,31124.0,21837.0,17634.0,16281.0,1000001.0,114689.0
Tuesday,20,94114.0,Park,3,31124.0,21837.0,17634.0,16281.0,1000001.0,114689.0
Tuesday,20,94114.0,Southern,3,31124.0,21837.0,17634.0,16281.0,1000001.0,114689.0
Tuesday,20,94115.0,Northern,24,33021.0,29596.0,18884.0,17289.0,965800.0,76952.0
Tuesday,20,94115.0,Richmond,7,33021.0,29596.0,18884.0,17289.0,965800.0,76952.0
Tuesday,20,94115.0,Southern,3,33021.0,29596.0,18884.0,17289.0,965800.0,76952.0
Tuesday,20,94115.0,Tenderloin,1,33021.0,29596.0,18884.0,17289.0,965800.0,76952.0
Tuesday,20,94116.0,Taraval,25,43698.0,16901.0,16283.0,15445.0,734400.0,83407.0
Tuesday,20,94117.0,Mission,14,39169.0,23211.0,19255.0,17939.0,911500.0,94479.0
Tuesday,20,94117.0,Northern,10,39169.0,23211.0,19255.0,17939.0,911500.0,94479.0
Tuesday,20,94117.0,Park,34,39169.0,23211.0,19255.0,17939.0,911500.0,94479.0
Tuesday,20,94118.0,Central,3,38319.0,19663.0,18633.0,17171.0,1000001.0,82857.0
Tuesday,20,94118.0,Out of SF,1,38319.0,19663.0,18633.0,17171.0,1000001.0,82857.0
Tuesday,20,94118.0,Park,2,38319.0,19663.0,18633.0,17171.0,1000001.0,82857.0
Tuesday,20,94118.0,Richmond,39,38319.0,19663.0,18633.0,17171.0,1000001.0,82857.0
Tuesday,20,94122.0,Park,3,56023.0,23699.0,23633.0,22162.0,774500.0,81768.0
Tuesday,20,94122.0,Richmond,22,56023.0,23699.0,23633.0,22162.0,774500.0,81768.0
Tuesday,20,94122.0,Taraval,22,56023.0,23699.0,23633.0,22162.0,774500.0,81768.0
Tuesday,20,94123.0,Central,1,23088.0,22622.0,15083.0,13717.0,1000001.0,112650.0
Tuesday,20,94123.0,Northern,24,23088.0,22622.0,15083.0,13717.0,1000001.0,112650.0
Tuesday,20,94124.0,Bayview,47,33996.0,6901.0,10812.0,9717.0,470400.0,50146.0
Tuesday,20,94127.0,Ingleside,6,19289.0,10895.0,7801.0,7511.0,916900.0,131351.0
Tuesday,20,94127.0,Taraval,9,19289.0,10895.0,7801.0,7511.0,916900.0,131351.0
Tuesday,20,94129.0,Northern,1,3183.0,1381.0,1132.0,1086.0,,143320.0
Tuesday,20,94130.0,Southern,3,2880.0,3196.0,786.0,656.0,,37500.0
Tuesday,20,94131.0,Ingleside,10,26881.0,12926.0,13427.0,12618.0,859700.0,96889.0
Tuesday,20,94131.0,Mission,5,26881.0,12926.0,13427.0,12618.0,859700.0,96889.0
Tuesday,20,94131.0,Park,6,26881.0,12926.0,13427.0,12618.0,859700.0,96889.0
Tuesday,20,94131.0,Taraval,3,26881.0,12926.0,13427.0,12618.0,859700.0,96889.0
Tuesday,20,94132.0,Ingleside,2,28129.0,9045.0,10769.0,9993.0,733100.0,69223.0
Tuesday,20,94132.0,Taraval,23,28129.0,9045.0,10769.0,9993.0,733100.0,69223.0
Tuesday,20,94134.0,Bayview,21,40798.0,17001.0,11867.0,11244.0,547800.0,56716.0
Tuesday,20,94134.0,Ingleside,10,40798.0,17001.0,11867.0,11244.0,547800.0,56716.0
Tuesday,20,94134.0,Southern,1,40798.0,17001.0,11867.0,11244.0,547800.0,56716.0
Tuesday,20,94158.0,Bayview,8,4792.0,7288.0,2482.0,2271.0,643900.0,82195.0
Tuesday,20,94158.0,Mission,3,4792.0,7288.0,2482.0,2271.0,643900.0,82195.0
Tuesday,20,94158.0,Southern,32,4792.0,7288.0,2482.0,2271.0,643900.0,82195.0
Tuesday,21,94102.0,Mission,13,31176.0,46472.0,18758.0,16844.0,574100.0,22517.0
Tuesday,21,94102.0,Northern,56,31176.0,46472.0,18758.0,16844.0,574100.0,22517.0
Tuesday,21,94102.0,Out of SF,1,31176.0,46472.0,18758.0,16844.0,574100.0,22517.0
Tuesday,21,94102.0,Southern,5,31176.0,46472.0,18758.0,16844.0,574100.0,22517.0
Tuesday,21,94102.0,Tenderloin,16,31176.0,46472.0,18758.0,16844.0,574100.0,22517.0
Tuesday,21,94103.0,Central,1,27170.0,20036.0,14778.0,13098.0,628000.0,43364.0
Tuesday,21,94103.0,Mission,7,27170.0,20036.0,14778.0,13098.0,628000.0,43364.0
Tuesday,21,94103.0,Southern,67,27170.0,20036.0,14778.0,13098.0,628000.0,43364.0
Tuesday,21,94103.0,Tenderloin,36,27170.0,20036.0,14778.0,13098.0,628000.0,43364.0
Tuesday,21,94104.0,Central,36,406.0,5232.0,368.0,207.0,1000001.0,48750.0
Tuesday,21,94104.0,Southern,2,406.0,5232.0,368.0,207.0,1000001.0,48750.0
Tuesday,21,94105.0,Central,4,5846.0,15826.0,4601.0,3586.0,740900.0,163949.0
Tuesday,21,94105.0,Southern,25,5846.0,15826.0,4601.0,3586.0,740900.0,163949.0
Tuesday,21,94107.0,Bayview,2,26599.0,14845.0,15141.0,13736.0,719700.0,114439.0
Tuesday,21,94107.0,Southern,3,26599.0,14845.0,15141.0,13736.0,719700.0,114439.0
Tuesday,21,94108.0,Central,60,13768.0,50983.0,8843.0,7628.0,856900.0,35427.0
Tuesday,21,94108.0,Tenderloin,10,13768.0,50983.0,8843.0,7628.0,856900.0,35427.0
Tuesday,21,94109.0,Central,16,55984.0,47129.0,37182.0,33342.0,723200.0,60722.0
Tuesday,21,94109.0,Mission,2,55984.0,47129.0,37182.0,33342.0,723200.0,60722.0
Tuesday,21,94109.0,Northern,44,55984.0,47129.0,37182.0,33342.0,723200.0,60722.0
Tuesday,21,94109.0,Tenderloin,5,55984.0,47129.0,37182.0,33342.0,723200.0,60722.0
Tuesday,21,94110.0,Bayview,14,69333.0,29816.0,28913.0,27128.0,768200.0,82111.0
Tuesday,21,94110.0,Ingleside,12,69333.0,29816.0,28913.0,27128.0,768200.0,82111.0
Tuesday,21,94110.0,Mission,47,69333.0,29816.0,28913.0,27128.0,768200.0,82111.0
Tuesday,21,94110.0,Southern,1,69333.0,29816.0,28913.0,27128.0,768200.0,82111.0
Tuesday,21,94111.0,Central,44,3713.0,10791.0,2811.0,2365.0,882000.0,89722.0
Tuesday,21,94112.0,Ingleside,31,79407.0,23606.0,23081.0,21975.0,602400.0,71625.0
Tuesday,21,94112.0,Tenderloin,1,79407.0,23606.0,23081.0,21975.0,602400.0,71625.0
Tuesday,21,94114.0,Mission,21,31124.0,21837.0,17634.0,16281.0,1000001.0,114689.0
Tuesday,21,94114.0,Park,2,31124.0,21837.0,17634.0,16281.0,1000001.0,114689.0
Tuesday,21,94115.0,Northern,22,33021.0,29596.0,18884.0,17289.0,965800.0,76952.0
Tuesday,21,94115.0,Richmond,11,33021.0,29596.0,18884.0,17289.0,965800.0,76952.0
Tuesday,21,94116.0,Taraval,18,43698.0,16901.0,16283.0,15445.0,734400.0,83407.0
Tuesday,21,94117.0,Mission,7,39169.0,23211.0,19255.0,17939.0,911500.0,94479.0
Tuesday,21,94117.0,Northern,14,39169.0,23211.0,19255.0,17939.0,911500.0,94479.0
Tuesday,21,94117.0,Park,16,39169.0,23211.0,19255.0,17939.0,911500.0,94479.0
Tuesday,21,94118.0,Park,2,38319.0,19663.0,18633.0,17171.0,1000001.0,82857.0
Tuesday,21,94118.0,Richmond,29,38319.0,19663.0,18633.0,17171.0,1000001.0,82857.0
Tuesday,21,94118.0,Southern,1,38319.0,19663.0,18633.0,17171.0,1000001.0,82857.0
Tuesday,21,94122.0,Richmond,11,56023.0,23699.0,23633.0,22162.0,774500.0,81768.0
Tuesday,21,94122.0,Taraval,22,56023.0,23699.0,23633.0,22162.0,774500.0,81768.0
Tuesday,21,94123.0,Northern,16,23088.0,22622.0,15083.0,13717.0,1000001.0,112650.0
Tuesday,21,94124.0,Bayview,47,33996.0,6901.0,10812.0,9717.0,470400.0,50146.0
Tuesday,21,94124.0,Richmond,2,33996.0,6901.0,10812.0,9717.0,470400.0,50146.0
Tuesday,21,94127.0,Ingleside,3,19289.0,10895.0,7801.0,7511.0,916900.0,131351.0
Tuesday,21,94127.0,Taraval,9,19289.0,10895.0,7801.0,7511.0,916900.0,131351.0
Tuesday,21,94129.0,Central,2,3183.0,1381.0,1132.0,1086.0,,143320.0
Tuesday,21,94130.0,Southern,4,2880.0,3196.0,786.0,656.0,,37500.0
Tuesday,21,94131.0,Ingleside,4,26881.0,12926.0,13427.0,12618.0,859700.0,96889.0
Tuesday,21,94131.0,Mission,3,26881.0,12926.0,13427.0,12618.0,859700.0,96889.0
Tuesday,21,94131.0,Park,10,26881.0,12926.0,13427.0,12618.0,859700.0,96889.0
Tuesday,21,94131.0,Taraval,2,26881.0,12926.0,13427.0,12618.0,859700.0,96889.0
Tuesday,21,94132.0,Taraval,16,28129.0,9045.0,10769.0,9993.0,733100.0,69223.0
Tuesday,21,94134.0,Bayview,27,40798.0,17001.0,11867.0,11244.0,547800.0,56716.0
Tuesday,21,94134.0,Ingleside,6,40798.0,17001.0,11867.0,11244.0,547800.0,56716.0
Tuesday,21,94134.0,Southern,1,40798.0,17001.0,11867.0,11244.0,547800.0,56716.0
Tuesday,21,94158.0,Bayview,9,4792.0,7288.0,2482.0,2271.0,643900.0,82195.0
Tuesday,21,94158.0,Mission,1,4792.0,7288.0,2482.0,2271.0,643900.0,82195.0
Tuesday,21,94158.0,Southern,15,4792.0,7288.0,2482.0,2271.0,643900.0,82195.0
Tuesday,22,94102.0,Central,1,31176.0,46472.0,18758.0,16844.0,574100.0,22517.0
Tuesday,22,94102.0,Mission,10,31176.0,46472.0,18758.0,16844.0,574100.0,22517.0
Tuesday,22,94102.0,Northern,49,31176.0,46472.0,18758.0,16844.0,574100.0,22517.0
Tuesday,22,94102.0,Southern,11,31176.0,46472.0,18758.0,16844.0,574100.0,22517.0
Tuesday,22,94102.0,Tenderloin,22,31176.0,46472.0,18758.0,16844.0,574100.0,22517.0
Tuesday,22,94103.0,Central,1,27170.0,20036.0,14778.0,13098.0,628000.0,43364.0
Tuesday,22,94103.0,Mission,3,27170.0,20036.0,14778.0,13098.0,628000.0,43364.0
Tuesday,22,94103.0,Out of SF,3,27170.0,20036.0,14778.0,13098.0,628000.0,43364.0
Tuesday,22,94103.0,Southern,48,27170.0,20036.0,14778.0,13098.0,628000.0,43364.0
Tuesday,22,94103.0,Tenderloin,25,27170.0,20036.0,14778.0,13098.0,628000.0,43364.0
Tuesday,22,94104.0,Central,24,406.0,5232.0,368.0,207.0,1000001.0,48750.0
Tuesday,22,94104.0,Southern,1,406.0,5232.0,368.0,207.0,1000001.0,48750.0
Tuesday,22,94104.0,Tenderloin,1,406.0,5232.0,368.0,207.0,1000001.0,48750.0
Tuesday,22,94105.0,Central,6,5846.0,15826.0,4601.0,3586.0,740900.0,163949.0
Tuesday,22,94105.0,Southern,20,5846.0,15826.0,4601.0,3586.0,740900.0,163949.0
Tuesday,22,94107.0,Bayview,5,26599.0,14845.0,15141.0,13736.0,719700.0,114439.0
Tuesday,22,94107.0,Southern,3,26599.0,14845.0,15141.0,13736.0,719700.0,114439.0
Tuesday,22,94108.0,Central,45,13768.0,50983.0,8843.0,7628.0,856900.0,35427.0
Tuesday,22,94108.0,Out of SF,2,13768.0,50983.0,8843.0,7628.0,856900.0,35427.0
Tuesday,22,94108.0,Tenderloin,5,13768.0,50983.0,8843.0,7628.0,856900.0,35427.0
Tuesday,22,94109.0,Central,14,55984.0,47129.0,37182.0,33342.0,723200.0,60722.0
Tuesday,22,94109.0,Northern,28,55984.0,47129.0,37182.0,33342.0,723200.0,60722.0
Tuesday,22,94109.0,Tenderloin,1,55984.0,47129.0,37182.0,33342.0,723200.0,60722.0
Tuesday,22,94110.0,Bayview,4,69333.0,29816.0,28913.0,27128.0,768200.0,82111.0
Tuesday,22,94110.0,Ingleside,14,69333.0,29816.0,28913.0,27128.0,768200.0,82111.0
Tuesday,22,94110.0,Mission,93,69333.0,29816.0,28913.0,27128.0,768200.0,82111.0
Tuesday,22,94110.0,Southern,1,69333.0,29816.0,28913.0,27128.0,768200.0,82111.0
Tuesday,22,94111.0,Central,36,3713.0,10791.0,2811.0,2365.0,882000.0,89722.0
Tuesday,22,94111.0,Northern,1,3713.0,10791.0,2811.0,2365.0,882000.0,89722.0
Tuesday,22,94112.0,Ingleside,17,79407.0,23606.0,23081.0,21975.0,602400.0,71625.0
Tuesday,22,94112.0,Out of SF,1,79407.0,23606.0,23081.0,21975.0,602400.0,71625.0
Tuesday,22,94112.0,Taraval,1,79407.0,23606.0,23081.0,21975.0,602400.0,71625.0
Tuesday,22,94114.0,Mission,15,31124.0,21837.0,17634.0,16281.0,1000001.0,114689.0
Tuesday,22,94114.0,Park,3,31124.0,21837.0,17634.0,16281.0,1000001.0,114689.0
Tuesday,22,94115.0,Northern,17,33021.0,29596.0,18884.0,17289.0,965800.0,76952.0
Tuesday,22,94115.0,Richmond,1,33021.0,29596.0,18884.0,17289.0,965800.0,76952.0
Tuesday,22,94116.0,Ingleside,1,43698.0,16901.0,16283.0,15445.0,734400.0,83407.0
Tuesday,22,94116.0,Taraval,16,43698.0,16901.0,16283.0,15445.0,734400.0,83407.0
Tuesday,22,94117.0,Mission,4,39169.0,23211.0,19255.0,17939.0,911500.0,94479.0
Tuesday,22,94117.0,Northern,10,39169.0,23211.0,19255.0,17939.0,911500.0,94479.0
Tuesday,22,94117.0,Park,19,39169.0,23211.0,19255.0,17939.0,911500.0,94479.0
Tuesday,22,94117.0,Southern,1,39169.0,23211.0,19255.0,17939.0,911500.0,94479.0
Tuesday,22,94118.0,Park,3,38319.0,19663.0,18633.0,17171.0,1000001.0,82857.0
Tuesday,22,94118.0,Richmond,21,38319.0,19663.0,18633.0,17171.0,1000001.0,82857.0
Tuesday,22,94122.0,Park,1,56023.0,23699.0,23633.0,22162.0,774500.0,81768.0
Tuesday,22,94122.0,Richmond,8,56023.0,23699.0,23633.0,22162.0,774500.0,81768.0
Tuesday,22,94122.0,Taraval,27,56023.0,23699.0,23633.0,22162.0,774500.0,81768.0
Tuesday,22,94123.0,Central,1,23088.0,22622.0,15083.0,13717.0,1000001.0,112650.0
Tuesday,22,94123.0,Northern,19,23088.0,22622.0,15083.0,13717.0,1000001.0,112650.0
Tuesday,22,94123.0,Out of SF,1,23088.0,22622.0,15083.0,13717.0,1000001.0,112650.0
Tuesday,22,94124.0,Bayview,31,33996.0,6901.0,10812.0,9717.0,470400.0,50146.0
Tuesday,22,94124.0,Central,1,33996.0,6901.0,10812.0,9717.0,470400.0,50146.0
Tuesday,22,94127.0,Ingleside,3,19289.0,10895.0,7801.0,7511.0,916900.0,131351.0
Tuesday,22,94127.0,Taraval,10,19289.0,10895.0,7801.0,7511.0,916900.0,131351.0
Tuesday,22,94129.0,Richmond,1,3183.0,1381.0,1132.0,1086.0,,143320.0
Tuesday,22,94130.0,Southern,2,2880.0,3196.0,786.0,656.0,,37500.0
Tuesday,22,94131.0,Ingleside,4,26881.0,12926.0,13427.0,12618.0,859700.0,96889.0
Tuesday,22,94131.0,Mission,2,26881.0,12926.0,13427.0,12618.0,859700.0,96889.0
Tuesday,22,94131.0,Park,5,26881.0,12926.0,13427.0,12618.0,859700.0,96889.0
Tuesday,22,94132.0,Taraval,10,28129.0,9045.0,10769.0,9993.0,733100.0,69223.0
Tuesday,22,94134.0,Bayview,18,40798.0,17001.0,11867.0,11244.0,547800.0,56716.0
Tuesday,22,94134.0,Ingleside,11,40798.0,17001.0,11867.0,11244.0,547800.0,56716.0
Tuesday,22,94158.0,Bayview,9,4792.0,7288.0,2482.0,2271.0,643900.0,82195.0
Tuesday,22,94158.0,Central,1,4792.0,7288.0,2482.0,2271.0,643900.0,82195.0
Tuesday,22,94158.0,Mission,3,4792.0,7288.0,2482.0,2271.0,643900.0,82195.0
Tuesday,22,94158.0,Southern,16,4792.0,7288.0,2482.0,2271.0,643900.0,82195.0
Tuesday,23,94102.0,Central,1,31176.0,46472.0,18758.0,16844.0,574100.0,22517.0
Tuesday,23,94102.0,Mission,13,31176.0,46472.0,18758.0,16844.0,574100.0,22517.0
Tuesday,23,94102.0,Northern,27,31176.0,46472.0,18758.0,16844.0,574100.0,22517.0
Tuesday,23,94102.0,Southern,2,31176.0,46472.0,18758.0,16844.0,574100.0,22517.0
Tuesday,23,94102.0,Tenderloin,28,31176.0,46472.0,18758.0,16844.0,574100.0,22517.0
Tuesday,23,94103.0,Central,1,27170.0,20036.0,14778.0,13098.0,628000.0,43364.0
Tuesday,23,94103.0,Mission,5,27170.0,20036.0,14778.0,13098.0,628000.0,43364.0
Tuesday,23,94103.0,Out of SF,1,27170.0,20036.0,14778.0,13098.0,628000.0,43364.0
Tuesday,23,94103.0,Richmond,1,27170.0,20036.0,14778.0,13098.0,628000.0,43364.0
Tuesday,23,94103.0,Southern,40,27170.0,20036.0,14778.0,13098.0,628000.0,43364.0
Tuesday,23,94103.0,Tenderloin,36,27170.0,20036.0,14778.0,13098.0,628000.0,43364.0
Tuesday,23,94104.0,Central,24,406.0,5232.0,368.0,207.0,1000001.0,48750.0
Tuesday,23,94104.0,Southern,4,406.0,5232.0,368.0,207.0,1000001.0,48750.0
Tuesday,23,94105.0,Central,3,5846.0,15826.0,4601.0,3586.0,740900.0,163949.0
Tuesday,23,94105.0,Southern,24,5846.0,15826.0,4601.0,3586.0,740900.0,163949.0
Tuesday,23,94107.0,Bayview,2,26599.0,14845.0,15141.0,13736.0,719700.0,114439.0
Tuesday,23,94107.0,Southern,2,26599.0,14845.0,15141.0,13736.0,719700.0,114439.0
Tuesday,23,94108.0,Central,36,13768.0,50983.0,8843.0,7628.0,856900.0,35427.0
Tuesday,23,94108.0,Tenderloin,5,13768.0,50983.0,8843.0,7628.0,856900.0,35427.0
Tuesday,23,94109.0,Central,17,55984.0,47129.0,37182.0,33342.0,723200.0,60722.0
Tuesday,23,94109.0,Northern,18,55984.0,47129.0,37182.0,33342.0,723200.0,60722.0
Tuesday,23,94109.0,Tenderloin,4,55984.0,47129.0,37182.0,33342.0,723200.0,60722.0
Tuesday,23,94110.0,Bayview,7,69333.0,29816.0,28913.0,27128.0,768200.0,82111.0
Tuesday,23,94110.0,Ingleside,18,69333.0,29816.0,28913.0,27128.0,768200.0,82111.0
Tuesday,23,94110.0,Mission,72,69333.0,29816.0,28913.0,27128.0,768200.0,82111.0
Tuesday,23,94111.0,Central,7,3713.0,10791.0,2811.0,2365.0,882000.0,89722.0
Tuesday,23,94112.0,Ingleside,27,79407.0,23606.0,23081.0,21975.0,602400.0,71625.0
Tuesday,23,94112.0,Taraval,3,79407.0,23606.0,23081.0,21975.0,602400.0,71625.0
Tuesday,23,94114.0,Mission,9,31124.0,21837.0,17634.0,16281.0,1000001.0,114689.0
Tuesday,23,94114.0,Park,1,31124.0,21837.0,17634.0,16281.0,1000001.0,114689.0
Tuesday,23,94115.0,Northern,13,33021.0,29596.0,18884.0,17289.0,965800.0,76952.0
Tuesday,23,94115.0,Richmond,3,33021.0,29596.0,18884.0,17289.0,965800.0,76952.0
Tuesday,23,94116.0,Taraval,3,43698.0,16901.0,16283.0,15445.0,734400.0,83407.0
Tuesday,23,94117.0,Mission,6,39169.0,23211.0,19255.0,17939.0,911500.0,94479.0
Tuesday,23,94117.0,Northern,15,39169.0,23211.0,19255.0,17939.0,911500.0,94479.0
Tuesday,23,94117.0,Park,7,39169.0,23211.0,19255.0,17939.0,911500.0,94479.0
Tuesday,23,94117.0,Tenderloin,1,39169.0,23211.0,19255.0,17939.0,911500.0,94479.0
Tuesday,23,94118.0,Out of SF,2,38319.0,19663.0,18633.0,17171.0,1000001.0,82857.0
Tuesday,23,94118.0,Richmond,14,38319.0,19663.0,18633.0,17171.0,1000001.0,82857.0
Tuesday,23,94122.0,Ingleside,1,56023.0,23699.0,23633.0,22162.0,774500.0,81768.0
Tuesday,23,94122.0,Richmond,21,56023.0,23699.0,23633.0,22162.0,774500.0,81768.0
Tuesday,23,94122.0,Taraval,4,56023.0,23699.0,23633.0,22162.0,774500.0,81768.0
Tuesday,23,94123.0,Central,1,23088.0,22622.0,15083.0,13717.0,1000001.0,112650.0
Tuesday,23,94123.0,Northern,18,23088.0,22622.0,15083.0,13717.0,1000001.0,112650.0
Tuesday,23,94124.0,Bayview,36,33996.0,6901.0,10812.0,9717.0,470400.0,50146.0
Tuesday,23,94124.0,Ingleside,1,33996.0,6901.0,10812.0,9717.0,470400.0,50146.0
Tuesday,23,94127.0,Ingleside,4,19289.0,10895.0,7801.0,7511.0,916900.0,131351.0
Tuesday,23,94127.0,Taraval,9,19289.0,10895.0,7801.0,7511.0,916900.0,131351.0
Tuesday,23,94130.0,Southern,2,2880.0,3196.0,786.0,656.0,,37500.0
Tuesday,23,94131.0,Ingleside,1,26881.0,12926.0,13427.0,12618.0,859700.0,96889.0
Tuesday,23,94131.0,Mission,1,26881.0,12926.0,13427.0,12618.0,859700.0,96889.0
Tuesday,23,94131.0,Park,8,26881.0,12926.0,13427.0,12618.0,859700.0,96889.0
Tuesday,23,94132.0,Taraval,9,28129.0,9045.0,10769.0,9993.0,733100.0,69223.0
Tuesday,23,94134.0,Bayview,16,40798.0,17001.0,11867.0,11244.0,547800.0,56716.0
Tuesday,23,94134.0,Ingleside,10,40798.0,17001.0,11867.0,11244.0,547800.0,56716.0
Tuesday,23,94158.0,Bayview,11,4792.0,7288.0,2482.0,2271.0,643900.0,82195.0
Tuesday,23,94158.0,Mission,3,4792.0,7288.0,2482.0,2271.0,643900.0,82195.0
Tuesday,23,94158.0,Out of SF,3,4792.0,7288.0,2482.0,2271.0,643900.0,82195.0
Tuesday,23,94158.0,Southern,7,4792.0,7288.0,2482.0,2271.0,643900.0,82195.0
Wednesday,0,94102.0,Mission,14,31176.0,46472.0,18758.0,16844.0,574100.0,22517.0
Wednesday,0,94102.0,Northern,42,31176.0,46472.0,18758.0,16844.0,574100.0,22517.0
Wednesday,0,94102.0,Southern,13,31176.0,46472.0,18758.0,16844.0,574100.0,22517.0
Wednesday,0,94102.0,Tenderloin,17,31176.0,46472.0,18758.0,16844.0,574100.0,22517.0
Wednesday,0,94103.0,Central,2,27170.0,20036.0,14778.0,13098.0,628000.0,43364.0
Wednesday,0,94103.0,Mission,9,27170.0,20036.0,14778.0,13098.0,628000.0,43364.0
Wednesday,0,94103.0,Out of SF,2,27170.0,20036.0,14778.0,13098.0,628000.0,43364.0
Wednesday,0,94103.0,Southern,67,27170.0,20036.0,14778.0,13098.0,628000.0,43364.0
Wednesday,0,94103.0,Tenderloin,47,27170.0,20036.0,14778.0,13098.0,628000.0,43364.0
Wednesday,0,94104.0,Central,27,406.0,5232.0,368.0,207.0,1000001.0,48750.0
Wednesday,0,94105.0,Southern,21,5846.0,15826.0,4601.0,3586.0,740900.0,163949.0
Wednesday,0,94107.0,Bayview,3,26599.0,14845.0,15141.0,13736.0,719700.0,114439.0
Wednesday,0,94108.0,Central,50,13768.0,50983.0,8843.0,7628.0,856900.0,35427.0
Wednesday,0,94108.0,Out of SF,8,13768.0,50983.0,8843.0,7628.0,856900.0,35427.0
Wednesday,0,94108.0,Tenderloin,3,13768.0,50983.0,8843.0,7628.0,856900.0,35427.0
Wednesday,0,94109.0,Central,23,55984.0,47129.0,37182.0,33342.0,723200.0,60722.0
Wednesday,0,94109.0,Northern,42,55984.0,47129.0,37182.0,33342.0,723200.0,60722.0
Wednesday,0,94109.0,Tenderloin,3,55984.0,47129.0,37182.0,33342.0,723200.0,60722.0
Wednesday,0,94110.0,Bayview,12,69333.0,29816.0,28913.0,27128.0,768200.0,82111.0
Wednesday,0,94110.0,Ingleside,23,69333.0,29816.0,28913.0,27128.0,768200.0,82111.0
Wednesday,0,94110.0,Mission,61,69333.0,29816.0,28913.0,27128.0,768200.0,82111.0
Wednesday,0,94110.0,Out of SF,2,69333.0,29816.0,28913.0,27128.0,768200.0,82111.0
Wednesday,0,94110.0,Southern,1,69333.0,29816.0,28913.0,27128.0,768200.0,82111.0
Wednesday,0,94110.0,Tenderloin,1,69333.0,29816.0,28913.0,27128.0,768200.0,82111.0
Wednesday,0,94111.0,Central,24,3713.0,10791.0,2811.0,2365.0,882000.0,89722.0
Wednesday,0,94112.0,Ingleside,45,79407.0,23606.0,23081.0,21975.0,602400.0,71625.0
Wednesday,0,94112.0,Taraval,4,79407.0,23606.0,23081.0,21975.0,602400.0,71625.0
Wednesday,0,94114.0,Mission,12,31124.0,21837.0,17634.0,16281.0,1000001.0,114689.0
Wednesday,0,94114.0,Park,4,31124.0,21837.0,17634.0,16281.0,1000001.0,114689.0
Wednesday,0,94115.0,Northern,6,33021.0,29596.0,18884.0,17289.0,965800.0,76952.0
Wednesday,0,94115.0,Richmond,1,33021.0,29596.0,18884.0,17289.0,965800.0,76952.0
Wednesday,0,94115.0,Southern,1,33021.0,29596.0,18884.0,17289.0,965800.0,76952.0
Wednesday,0,94116.0,Out of SF,2,43698.0,16901.0,16283.0,15445.0,734400.0,83407.0
Wednesday,0,94116.0,Taraval,14,43698.0,16901.0,16283.0,15445.0,734400.0,83407.0
Wednesday,0,94117.0,Mission,10,39169.0,23211.0,19255.0,17939.0,911500.0,94479.0
Wednesday,0,94117.0,Northern,9,39169.0,23211.0,19255.0,17939.0,911500.0,94479.0
Wednesday,0,94117.0,Out of SF,1,39169.0,23211.0,19255.0,17939.0,911500.0,94479.0
Wednesday,0,94117.0,Park,13,39169.0,23211.0,19255.0,17939.0,911500.0,94479.0
Wednesday,0,94118.0,Park,5,38319.0,19663.0,18633.0,17171.0,1000001.0,82857.0
Wednesday,0,94118.0,Richmond,32,38319.0,19663.0,18633.0,17171.0,1000001.0,82857.0
Wednesday,0,94122.0,Bayview,4,56023.0,23699.0,23633.0,22162.0,774500.0,81768.0
Wednesday,0,94122.0,Park,5,56023.0,23699.0,23633.0,22162.0,774500.0,81768.0
Wednesday,0,94122.0,Richmond,10,56023.0,23699.0,23633.0,22162.0,774500.0,81768.0
Wednesday,0,94122.0,Taraval,25,56023.0,23699.0,23633.0,22162.0,774500.0,81768.0
Wednesday,0,94123.0,Central,3,23088.0,22622.0,15083.0,13717.0,1000001.0,112650.0
Wednesday,0,94123.0,Northern,29,23088.0,22622.0,15083.0,13717.0,1000001.0,112650.0
Wednesday,0,94124.0,Bayview,33,33996.0,6901.0,10812.0,9717.0,470400.0,50146.0
Wednesday,0,94124.0,Mission,2,33996.0,6901.0,10812.0,9717.0,470400.0,50146.0
Wednesday,0,94124.0,Out of SF,1,33996.0,6901.0,10812.0,9717.0,470400.0,50146.0
Wednesday,0,94127.0,Ingleside,3,19289.0,10895.0,7801.0,7511.0,916900.0,131351.0
Wednesday,0,94127.0,Taraval,8,19289.0,10895.0,7801.0,7511.0,916900.0,131351.0
Wednesday,0,94129.0,Richmond,3,3183.0,1381.0,1132.0,1086.0,,143320.0
Wednesday,0,94130.0,Southern,4,2880.0,3196.0,786.0,656.0,,37500.0
Wednesday,0,94131.0,Ingleside,2,26881.0,12926.0,13427.0,12618.0,859700.0,96889.0
Wednesday,0,94131.0,Mission,8,26881.0,12926.0,13427.0,12618.0,859700.0,96889.0
Wednesday,0,94131.0,Park,3,26881.0,12926.0,13427.0,12618.0,859700.0,96889.0
Wednesday,0,94132.0,Taraval,20,28129.0,9045.0,10769.0,9993.0,733100.0,69223.0
Wednesday,0,94134.0,Bayview,20,40798.0,17001.0,11867.0,11244.0,547800.0,56716.0
Wednesday,0,94134.0,Ingleside,20,40798.0,17001.0,11867.0,11244.0,547800.0,56716.0
Wednesday,0,94158.0,Bayview,15,4792.0,7288.0,2482.0,2271.0,643900.0,82195.0
Wednesday,0,94158.0,Mission,1,4792.0,7288.0,2482.0,2271.0,643900.0,82195.0
Wednesday,0,94158.0,Out of SF,2,4792.0,7288.0,2482.0,2271.0,643900.0,82195.0
Wednesday,0,94158.0,Southern,20,4792.0,7288.0,2482.0,2271.0,643900.0,82195.0
Wednesday,1,94102.0,Mission,8,31176.0,46472.0,18758.0,16844.0,574100.0,22517.0
Wednesday,1,94102.0,Northern,19,31176.0,46472.0,18758.0,16844.0,574100.0,22517.0
Wednesday,1,94102.0,Southern,2,31176.0,46472.0,18758.0,16844.0,574100.0,22517.0
Wednesday,1,94102.0,Tenderloin,5,31176.0,46472.0,18758.0,16844.0,574100.0,22517.0
Wednesday,1,94103.0,Mission,3,27170.0,20036.0,14778.0,13098.0,628000.0,43364.0
Wednesday,1,94103.0,Southern,31,27170.0,20036.0,14778.0,13098.0,628000.0,43364.0
Wednesday,1,94103.0,Tenderloin,20,27170.0,20036.0,14778.0,13098.0,628000.0,43364.0
Wednesday,1,94104.0,Central,10,406.0,5232.0,368.0,207.0,1000001.0,48750.0
Wednesday,1,94104.0,Southern,1,406.0,5232.0,368.0,207.0,1000001.0,48750.0
Wednesday,1,94105.0,Central,2,5846.0,15826.0,4601.0,3586.0,740900.0,163949.0
Wednesday,1,94105.0,Southern,11,5846.0,15826.0,4601.0,3586.0,740900.0,163949.0
Wednesday,1,94107.0,Bayview,1,26599.0,14845.0,15141.0,13736.0,719700.0,114439.0
Wednesday,1,94107.0,Southern,3,26599.0,14845.0,15141.0,13736.0,719700.0,114439.0
Wednesday,1,94108.0,Central,23,13768.0,50983.0,8843.0,7628.0,856900.0,35427.0
Wednesday,1,94108.0,Tenderloin,5,13768.0,50983.0,8843.0,7628.0,856900.0,35427.0
Wednesday,1,94109.0,Central,16,55984.0,47129.0,37182.0,33342.0,723200.0,60722.0
Wednesday,1,94109.0,Northern,23,55984.0,47129.0,37182.0,33342.0,723200.0,60722.0
Wednesday,1,94109.0,Tenderloin,1,55984.0,47129.0,37182.0,33342.0,723200.0,60722.0
Wednesday,1,94110.0,Bayview,6,69333.0,29816.0,28913.0,27128.0,768200.0,82111.0
Wednesday,1,94110.0,Ingleside,3,69333.0,29816.0,28913.0,27128.0,768200.0,82111.0
Wednesday,1,94110.0,Mission,38,69333.0,29816.0,28913.0,27128.0,768200.0,82111.0
Wednesday,1,94111.0,Central,17,3713.0,10791.0,2811.0,2365.0,882000.0,89722.0
Wednesday,1,94112.0,Ingleside,15,79407.0,23606.0,23081.0,21975.0,602400.0,71625.0
Wednesday,1,94114.0,Mission,16,31124.0,21837.0,17634.0,16281.0,1000001.0,114689.0
Wednesday,1,94114.0,Park,1,31124.0,21837.0,17634.0,16281.0,1000001.0,114689.0
Wednesday,1,94115.0,Northern,7,33021.0,29596.0,18884.0,17289.0,965800.0,76952.0
Wednesday,1,94115.0,Richmond,1,33021.0,29596.0,18884.0,17289.0,965800.0,76952.0
Wednesday,1,94116.0,Bayview,1,43698.0,16901.0,16283.0,15445.0,734400.0,83407.0
Wednesday,1,94116.0,Taraval,5,43698.0,16901.0,16283.0,15445.0,734400.0,83407.0
Wednesday,1,94117.0,Mission,1,39169.0,23211.0,19255.0,17939.0,911500.0,94479.0
Wednesday,1,94117.0,Northern,1,39169.0,23211.0,19255.0,17939.0,911500.0,94479.0
Wednesday,1,94117.0,Park,5,39169.0,23211.0,19255.0,17939.0,911500.0,94479.0
Wednesday,1,94118.0,Park,2,38319.0,19663.0,18633.0,17171.0,1000001.0,82857.0
Wednesday,1,94118.0,Richmond,18,38319.0,19663.0,18633.0,17171.0,1000001.0,82857.0
Wednesday,1,94122.0,Park,1,56023.0,23699.0,23633.0,22162.0,774500.0,81768.0
Wednesday,1,94122.0,Richmond,4,56023.0,23699.0,23633.0,22162.0,774500.0,81768.0
Wednesday,1,94122.0,Taraval,19,56023.0,23699.0,23633.0,22162.0,774500.0,81768.0
Wednesday,1,94123.0,Mission,1,23088.0,22622.0,15083.0,13717.0,1000001.0,112650.0
Wednesday,1,94123.0,Northern,4,23088.0,22622.0,15083.0,13717.0,1000001.0,112650.0
Wednesday,1,94124.0,Bayview,25,33996.0,6901.0,10812.0,9717.0,470400.0,50146.0
Wednesday,1,94127.0,Ingleside,4,19289.0,10895.0,7801.0,7511.0,916900.0,131351.0
Wednesday,1,94127.0,Taraval,7,19289.0,10895.0,7801.0,7511.0,916900.0,131351.0
Wednesday,1,94130.0,Southern,1,2880.0,3196.0,786.0,656.0,,37500.0
Wednesday,1,94131.0,Mission,2,26881.0,12926.0,13427.0,12618.0,859700.0,96889.0
Wednesday,1,94131.0,Park,1,26881.0,12926.0,13427.0,12618.0,859700.0,96889.0
Wednesday,1,94132.0,Bayview,1,28129.0,9045.0,10769.0,9993.0,733100.0,69223.0
Wednesday,1,94132.0,Taraval,5,28129.0,9045.0,10769.0,9993.0,733100.0,69223.0
Wednesday,1,94134.0,Bayview,8,40798.0,17001.0,11867.0,11244.0,547800.0,56716.0
Wednesday,1,94134.0,Ingleside,3,40798.0,17001.0,11867.0,11244.0,547800.0,56716.0
Wednesday,1,94158.0,Bayview,7,4792.0,7288.0,2482.0,2271.0,643900.0,82195.0
Wednesday,1,94158.0,Mission,2,4792.0,7288.0,2482.0,2271.0,643900.0,82195.0
Wednesday,1,94158.0,Southern,3,4792.0,7288.0,2482.0,2271.0,643900.0,82195.0
Wednesday,2,94102.0,Mission,16,31176.0,46472.0,18758.0,16844.0,574100.0,22517.0
Wednesday,2,94102.0,Northern,17,31176.0,46472.0,18758.0,16844.0,574100.0,22517.0
Wednesday,2,94102.0,Southern,4,31176.0,46472.0,18758.0,16844.0,574100.0,22517.0
Wednesday,2,94102.0,Tenderloin,8,31176.0,46472.0,18758.0,16844.0,574100.0,22517.0
Wednesday,2,94103.0,Mission,5,27170.0,20036.0,14778.0,13098.0,628000.0,43364.0
Wednesday,2,94103.0,Southern,17,27170.0,20036.0,14778.0,13098.0,628000.0,43364.0
Wednesday,2,94103.0,Tenderloin,16,27170.0,20036.0,14778.0,13098.0,628000.0,43364.0
Wednesday,2,94104.0,Central,14,406.0,5232.0,368.0,207.0,1000001.0,48750.0
Wednesday,2,94104.0,Southern,1,406.0,5232.0,368.0,207.0,1000001.0,48750.0
Wednesday,2,94105.0,Central,1,5846.0,15826.0,4601.0,3586.0,740900.0,163949.0
Wednesday,2,94105.0,Southern,6,5846.0,15826.0,4601.0,3586.0,740900.0,163949.0
Wednesday,2,94105.0,Taraval,1,5846.0,15826.0,4601.0,3586.0,740900.0,163949.0
Wednesday,2,94107.0,Bayview,2,26599.0,14845.0,15141.0,13736.0,719700.0,114439.0
Wednesday,2,94108.0,Central,30,13768.0,50983.0,8843.0,7628.0,856900.0,35427.0
Wednesday,2,94108.0,Tenderloin,12,13768.0,50983.0,8843.0,7628.0,856900.0,35427.0
Wednesday,2,94109.0,Central,18,55984.0,47129.0,37182.0,33342.0,723200.0,60722.0
Wednesday,2,94109.0,Northern,11,55984.0,47129.0,37182.0,33342.0,723200.0,60722.0
Wednesday,2,94109.0,Tenderloin,1,55984.0,47129.0,37182.0,33342.0,723200.0,60722.0
Wednesday,2,94110.0,Bayview,3,69333.0,29816.0,28913.0,27128.0,768200.0,82111.0
Wednesday,2,94110.0,Ingleside,9,69333.0,29816.0,28913.0,27128.0,768200.0,82111.0
Wednesday,2,94110.0,Mission,18,69333.0,29816.0,28913.0,27128.0,768200.0,82111.0
Wednesday,2,94110.0,Out of SF,1,69333.0,29816.0,28913.0,27128.0,768200.0,82111.0
Wednesday,2,94111.0,Central,2,3713.0,10791.0,2811.0,2365.0,882000.0,89722.0
Wednesday,2,94112.0,Ingleside,4,79407.0,23606.0,23081.0,21975.0,602400.0,71625.0
Wednesday,2,94114.0,Mission,2,31124.0,21837.0,17634.0,16281.0,1000001.0,114689.0
Wednesday,2,94114.0,Park,1,31124.0,21837.0,17634.0,16281.0,1000001.0,114689.0
Wednesday,2,94114.0,Richmond,1,31124.0,21837.0,17634.0,16281.0,1000001.0,114689.0
Wednesday,2,94115.0,Northern,3,33021.0,29596.0,18884.0,17289.0,965800.0,76952.0
Wednesday,2,94116.0,Taraval,7,43698.0,16901.0,16283.0,15445.0,734400.0,83407.0
Wednesday,2,94117.0,Mission,1,39169.0,23211.0,19255.0,17939.0,911500.0,94479.0
Wednesday,2,94117.0,Northern,2,39169.0,23211.0,19255.0,17939.0,911500.0,94479.0
Wednesday,2,94117.0,Park,9,39169.0,23211.0,19255.0,17939.0,911500.0,94479.0
Wednesday,2,94118.0,Park,5,38319.0,19663.0,18633.0,17171.0,1000001.0,82857.0
Wednesday,2,94118.0,Richmond,4,38319.0,19663.0,18633.0,17171.0,1000001.0,82857.0
Wednesday,2,94122.0,Park,1,56023.0,23699.0,23633.0,22162.0,774500.0,81768.0
Wednesday,2,94122.0,Richmond,3,56023.0,23699.0,23633.0,22162.0,774500.0,81768.0
Wednesday,2,94122.0,Taraval,11,56023.0,23699.0,23633.0,22162.0,774500.0,81768.0
Wednesday,2,94123.0,Northern,7,23088.0,22622.0,15083.0,13717.0,1000001.0,112650.0
Wednesday,2,94124.0,Bayview,9,33996.0,6901.0,10812.0,9717.0,470400.0,50146.0
Wednesday,2,94127.0,Ingleside,4,19289.0,10895.0,7801.0,7511.0,916900.0,131351.0
Wednesday,2,94127.0,Taraval,1,19289.0,10895.0,7801.0,7511.0,916900.0,131351.0
Wednesday,2,94130.0,Southern,1,2880.0,3196.0,786.0,656.0,,37500.0
Wednesday,2,94131.0,Ingleside,1,26881.0,12926.0,13427.0,12618.0,859700.0,96889.0
Wednesday,2,94131.0,Mission,9,26881.0,12926.0,13427.0,12618.0,859700.0,96889.0
Wednesday,2,94132.0,Taraval,1,28129.0,9045.0,10769.0,9993.0,733100.0,69223.0
Wednesday,2,94134.0,Bayview,8,40798.0,17001.0,11867.0,11244.0,547800.0,56716.0
Wednesday,2,94134.0,Ingleside,4,40798.0,17001.0,11867.0,11244.0,547800.0,56716.0
Wednesday,2,94158.0,Bayview,2,4792.0,7288.0,2482.0,2271.0,643900.0,82195.0
Wednesday,2,94158.0,Southern,6,4792.0,7288.0,2482.0,2271.0,643900.0,82195.0
Wednesday,3,94102.0,Mission,5,31176.0,46472.0,18758.0,16844.0,574100.0,22517.0
Wednesday,3,94102.0,Northern,21,31176.0,46472.0,18758.0,16844.0,574100.0,22517.0
Wednesday,3,94102.0,Southern,5,31176.0,46472.0,18758.0,16844.0,574100.0,22517.0
Wednesday,3,94102.0,Tenderloin,4,31176.0,46472.0,18758.0,16844.0,574100.0,22517.0
Wednesday,3,94103.0,Mission,4,27170.0,20036.0,14778.0,13098.0,628000.0,43364.0
Wednesday,3,94103.0,Out of SF,1,27170.0,20036.0,14778.0,13098.0,628000.0,43364.0
Wednesday,3,94103.0,Southern,20,27170.0,20036.0,14778.0,13098.0,628000.0,43364.0
Wednesday,3,94103.0,Tenderloin,12,27170.0,20036.0,14778.0,13098.0,628000.0,43364.0
Wednesday,3,94104.0,Central,14,406.0,5232.0,368.0,207.0,1000001.0,48750.0
Wednesday,3,94104.0,Southern,3,406.0,5232.0,368.0,207.0,1000001.0,48750.0
Wednesday,3,94105.0,Southern,5,5846.0,15826.0,4601.0,3586.0,740900.0,163949.0
Wednesday,3,94107.0,Bayview,6,26599.0,14845.0,15141.0,13736.0,719700.0,114439.0
Wednesday,3,94108.0,Central,14,13768.0,50983.0,8843.0,7628.0,856900.0,35427.0
Wednesday,3,94108.0,Out of SF,2,13768.0,50983.0,8843.0,7628.0,856900.0,35427.0
Wednesday,3,94108.0,Taraval,1,13768.0,50983.0,8843.0,7628.0,856900.0,35427.0
Wednesday,3,94109.0,Central,3,55984.0,47129.0,37182.0,33342.0,723200.0,60722.0
Wednesday,3,94109.0,Northern,13,55984.0,47129.0,37182.0,33342.0,723200.0,60722.0
Wednesday,3,94109.0,Tenderloin,2,55984.0,47129.0,37182.0,33342.0,723200.0,60722.0
Wednesday,3,94110.0,Bayview,2,69333.0,29816.0,28913.0,27128.0,768200.0,82111.0
Wednesday,3,94110.0,Ingleside,7,69333.0,29816.0,28913.0,27128.0,768200.0,82111.0
Wednesday,3,94110.0,Mission,21,69333.0,29816.0,28913.0,27128.0,768200.0,82111.0
Wednesday,3,94110.0,Out of SF,1,69333.0,29816.0,28913.0,27128.0,768200.0,82111.0
Wednesday,3,94111.0,Central,5,3713.0,10791.0,2811.0,2365.0,882000.0,89722.0
Wednesday,3,94112.0,Ingleside,8,79407.0,23606.0,23081.0,21975.0,602400.0,71625.0
Wednesday,3,94114.0,Mission,7,31124.0,21837.0,17634.0,16281.0,1000001.0,114689.0
Wednesday,3,94114.0,Park,3,31124.0,21837.0,17634.0,16281.0,1000001.0,114689.0
Wednesday,3,94115.0,Northern,4,33021.0,29596.0,18884.0,17289.0,965800.0,76952.0
Wednesday,3,94115.0,Richmond,1,33021.0,29596.0,18884.0,17289.0,965800.0,76952.0
Wednesday,3,94116.0,Taraval,12,43698.0,16901.0,16283.0,15445.0,734400.0,83407.0
Wednesday,3,94117.0,Mission,5,39169.0,23211.0,19255.0,17939.0,911500.0,94479.0
Wednesday,3,94117.0,Northern,1,39169.0,23211.0,19255.0,17939.0,911500.0,94479.0
Wednesday,3,94117.0,Park,15,39169.0,23211.0,19255.0,17939.0,911500.0,94479.0
Wednesday,3,94118.0,Park,1,38319.0,19663.0,18633.0,17171.0,1000001.0,82857.0
Wednesday,3,94118.0,Richmond,10,38319.0,19663.0,18633.0,17171.0,1000001.0,82857.0
Wednesday,3,94122.0,Park,2,56023.0,23699.0,23633.0,22162.0,774500.0,81768.0
Wednesday,3,94122.0,Richmond,5,56023.0,23699.0,23633.0,22162.0,774500.0,81768.0
Wednesday,3,94122.0,Taraval,6,56023.0,23699.0,23633.0,22162.0,774500.0,81768.0
Wednesday,3,94123.0,Northern,9,23088.0,22622.0,15083.0,13717.0,1000001.0,112650.0
Wednesday,3,94124.0,Bayview,13,33996.0,6901.0,10812.0,9717.0,470400.0,50146.0
Wednesday,3,94127.0,Ingleside,1,19289.0,10895.0,7801.0,7511.0,916900.0,131351.0
Wednesday,3,94127.0,Taraval,2,19289.0,10895.0,7801.0,7511.0,916900.0,131351.0
Wednesday,3,94131.0,Ingleside,4,26881.0,12926.0,13427.0,12618.0,859700.0,96889.0
Wednesday,3,94131.0,Mission,2,26881.0,12926.0,13427.0,12618.0,859700.0,96889.0
Wednesday,3,94131.0,Park,1,26881.0,12926.0,13427.0,12618.0,859700.0,96889.0
Wednesday,3,94132.0,Taraval,4,28129.0,9045.0,10769.0,9993.0,733100.0,69223.0
Wednesday,3,94134.0,Bayview,2,40798.0,17001.0,11867.0,11244.0,547800.0,56716.0
Wednesday,3,94134.0,Ingleside,3,40798.0,17001.0,11867.0,11244.0,547800.0,56716.0
Wednesday,3,94158.0,Bayview,6,4792.0,7288.0,2482.0,2271.0,643900.0,82195.0
Wednesday,3,94158.0,Mission,1,4792.0,7288.0,2482.0,2271.0,643900.0,82195.0
Wednesday,3,94158.0,Southern,1,4792.0,7288.0,2482.0,2271.0,643900.0,82195.0
Wednesday,4,94102.0,Mission,10,31176.0,46472.0,18758.0,16844.0,574100.0,22517.0
Wednesday,4,94102.0,Northern,19,31176.0,46472.0,18758.0,16844.0,574100.0,22517.0
Wednesday,4,94102.0,Southern,2,31176.0,46472.0,18758.0,16844.0,574100.0,22517.0
Wednesday,4,94102.0,Tenderloin,8,31176.0,46472.0,18758.0,16844.0,574100.0,22517.0
Wednesday,4,94103.0,Mission,1,27170.0,20036.0,14778.0,13098.0,628000.0,43364.0
Wednesday,4,94103.0,Out of SF,2,27170.0,20036.0,14778.0,13098.0,628000.0,43364.0
Wednesday,4,94103.0,Southern,21,27170.0,20036.0,14778.0,13098.0,628000.0,43364.0
Wednesday,4,94103.0,Tenderloin,15,27170.0,20036.0,14778.0,13098.0,628000.0,43364.0
Wednesday,4,94104.0,Central,12,406.0,5232.0,368.0,207.0,1000001.0,48750.0
Wednesday,4,94104.0,Richmond,1,406.0,5232.0,368.0,207.0,1000001.0,48750.0
Wednesday,4,94105.0,Southern,13,5846.0,15826.0,4601.0,3586.0,740900.0,163949.0
Wednesday,4,94107.0,Bayview,6,26599.0,14845.0,15141.0,13736.0,719700.0,114439.0
Wednesday,4,94108.0,Central,19,13768.0,50983.0,8843.0,7628.0,856900.0,35427.0
Wednesday,4,94109.0,Central,9,55984.0,47129.0,37182.0,33342.0,723200.0,60722.0
Wednesday,4,94109.0,Northern,6,55984.0,47129.0,37182.0,33342.0,723200.0,60722.0
Wednesday,4,94109.0,Taraval,1,55984.0,47129.0,37182.0,33342.0,723200.0,60722.0
Wednesday,4,94109.0,Tenderloin,3,55984.0,47129.0,37182.0,33342.0,723200.0,60722.0
Wednesday,4,94110.0,Bayview,7,69333.0,29816.0,28913.0,27128.0,768200.0,82111.0
Wednesday,4,94110.0,Ingleside,2,69333.0,29816.0,28913.0,27128.0,768200.0,82111.0
Wednesday,4,94110.0,Mission,26,69333.0,29816.0,28913.0,27128.0,768200.0,82111.0
Wednesday,4,94110.0,Northern,1,69333.0,29816.0,28913.0,27128.0,768200.0,82111.0
Wednesday,4,94110.0,Out of SF,1,69333.0,29816.0,28913.0,27128.0,768200.0,82111.0
Wednesday,4,94111.0,Central,2,3713.0,10791.0,2811.0,2365.0,882000.0,89722.0
Wednesday,4,94112.0,Ingleside,3,79407.0,23606.0,23081.0,21975.0,602400.0,71625.0
Wednesday,4,94114.0,Mission,4,31124.0,21837.0,17634.0,16281.0,1000001.0,114689.0
Wednesday,4,94114.0,Park,1,31124.0,21837.0,17634.0,16281.0,1000001.0,114689.0
Wednesday,4,94115.0,Northern,4,33021.0,29596.0,18884.0,17289.0,965800.0,76952.0
Wednesday,4,94115.0,Richmond,2,33021.0,29596.0,18884.0,17289.0,965800.0,76952.0
Wednesday,4,94116.0,Taraval,2,43698.0,16901.0,16283.0,15445.0,734400.0,83407.0
Wednesday,4,94117.0,Mission,7,39169.0,23211.0,19255.0,17939.0,911500.0,94479.0
Wednesday,4,94117.0,Northern,5,39169.0,23211.0,19255.0,17939.0,911500.0,94479.0
Wednesday,4,94117.0,Park,6,39169.0,23211.0,19255.0,17939.0,911500.0,94479.0
Wednesday,4,94118.0,Northern,1,38319.0,19663.0,18633.0,17171.0,1000001.0,82857.0
Wednesday,4,94118.0,Richmond,9,38319.0,19663.0,18633.0,17171.0,1000001.0,82857.0
Wednesday,4,94122.0,Bayview,2,56023.0,23699.0,23633.0,22162.0,774500.0,81768.0
Wednesday,4,94122.0,Park,1,56023.0,23699.0,23633.0,22162.0,774500.0,81768.0
Wednesday,4,94122.0,Richmond,3,56023.0,23699.0,23633.0,22162.0,774500.0,81768.0
Wednesday,4,94122.0,Taraval,2,56023.0,23699.0,23633.0,22162.0,774500.0,81768.0
Wednesday,4,94123.0,Northern,4,23088.0,22622.0,15083.0,13717.0,1000001.0,112650.0
Wednesday,4,94124.0,Bayview,9,33996.0,6901.0,10812.0,9717.0,470400.0,50146.0
Wednesday,4,94127.0,Taraval,5,19289.0,10895.0,7801.0,7511.0,916900.0,131351.0
Wednesday,4,94129.0,Central,2,3183.0,1381.0,1132.0,1086.0,,143320.0
Wednesday,4,94131.0,Ingleside,2,26881.0,12926.0,13427.0,12618.0,859700.0,96889.0
Wednesday,4,94131.0,Mission,1,26881.0,12926.0,13427.0,12618.0,859700.0,96889.0
Wednesday,4,94131.0,Park,1,26881.0,12926.0,13427.0,12618.0,859700.0,96889.0
Wednesday,4,94132.0,Taraval,3,28129.0,9045.0,10769.0,9993.0,733100.0,69223.0
Wednesday,4,94134.0,Bayview,9,40798.0,17001.0,11867.0,11244.0,547800.0,56716.0
Wednesday,4,94134.0,Ingleside,4,40798.0,17001.0,11867.0,11244.0,547800.0,56716.0
Wednesday,4,94158.0,Bayview,1,4792.0,7288.0,2482.0,2271.0,643900.0,82195.0
Wednesday,4,94158.0,Mission,1,4792.0,7288.0,2482.0,2271.0,643900.0,82195.0
Wednesday,4,94158.0,Southern,6,4792.0,7288.0,2482.0,2271.0,643900.0,82195.0
Wednesday,5,94102.0,Mission,6,31176.0,46472.0,18758.0,16844.0,574100.0,22517.0
Wednesday,5,94102.0,Northern,8,31176.0,46472.0,18758.0,16844.0,574100.0,22517.0
Wednesday,5,94102.0,Tenderloin,3,31176.0,46472.0,18758.0,16844.0,574100.0,22517.0
Wednesday,5,94103.0,Mission,4,27170.0,20036.0,14778.0,13098.0,628000.0,43364.0
Wednesday,5,94103.0,Southern,25,27170.0,20036.0,14778.0,13098.0,628000.0,43364.0
Wednesday,5,94103.0,Tenderloin,9,27170.0,20036.0,14778.0,13098.0,628000.0,43364.0
Wednesday,5,94104.0,Central,9,406.0,5232.0,368.0,207.0,1000001.0,48750.0
Wednesday,5,94104.0,Northern,1,406.0,5232.0,368.0,207.0,1000001.0,48750.0
Wednesday,5,94104.0,Southern,1,406.0,5232.0,368.0,207.0,1000001.0,48750.0
Wednesday,5,94105.0,Central,3,5846.0,15826.0,4601.0,3586.0,740900.0,163949.0
Wednesday,5,94105.0,Southern,4,5846.0,15826.0,4601.0,3586.0,740900.0,163949.0
Wednesday,5,94107.0,Bayview,5,26599.0,14845.0,15141.0,13736.0,719700.0,114439.0
Wednesday,5,94107.0,Southern,1,26599.0,14845.0,15141.0,13736.0,719700.0,114439.0
Wednesday,5,94108.0,Central,19,13768.0,50983.0,8843.0,7628.0,856900.0,35427.0
Wednesday,5,94108.0,Tenderloin,5,13768.0,50983.0,8843.0,7628.0,856900.0,35427.0
Wednesday,5,94109.0,Central,2,55984.0,47129.0,37182.0,33342.0,723200.0,60722.0
Wednesday,5,94109.0,Northern,6,55984.0,47129.0,37182.0,33342.0,723200.0,60722.0
Wednesday,5,94110.0,Bayview,7,69333.0,29816.0,28913.0,27128.0,768200.0,82111.0
Wednesday,5,94110.0,Ingleside,4,69333.0,29816.0,28913.0,27128.0,768200.0,82111.0
Wednesday,5,94110.0,Mission,16,69333.0,29816.0,28913.0,27128.0,768200.0,82111.0
Wednesday,5,94111.0,Central,4,3713.0,10791.0,2811.0,2365.0,882000.0,89722.0
Wednesday,5,94112.0,Ingleside,9,79407.0,23606.0,23081.0,21975.0,602400.0,71625.0
Wednesday,5,94114.0,Mission,3,31124.0,21837.0,17634.0,16281.0,1000001.0,114689.0
Wednesday,5,94114.0,Park,2,31124.0,21837.0,17634.0,16281.0,1000001.0,114689.0
Wednesday,5,94115.0,Northern,4,33021.0,29596.0,18884.0,17289.0,965800.0,76952.0
Wednesday,5,94115.0,Richmond,1,33021.0,29596.0,18884.0,17289.0,965800.0,76952.0
Wednesday,5,94116.0,Taraval,1,43698.0,16901.0,16283.0,15445.0,734400.0,83407.0
Wednesday,5,94117.0,Park,7,39169.0,23211.0,19255.0,17939.0,911500.0,94479.0
Wednesday,5,94118.0,Park,2,38319.0,19663.0,18633.0,17171.0,1000001.0,82857.0
Wednesday,5,94118.0,Richmond,2,38319.0,19663.0,18633.0,17171.0,1000001.0,82857.0
Wednesday,5,94122.0,Park,1,56023.0,23699.0,23633.0,22162.0,774500.0,81768.0
Wednesday,5,94122.0,Southern,1,56023.0,23699.0,23633.0,22162.0,774500.0,81768.0
Wednesday,5,94122.0,Taraval,3,56023.0,23699.0,23633.0,22162.0,774500.0,81768.0
Wednesday,5,94123.0,Northern,9,23088.0,22622.0,15083.0,13717.0,1000001.0,112650.0
Wednesday,5,94124.0,Bayview,12,33996.0,6901.0,10812.0,9717.0,470400.0,50146.0
Wednesday,5,94129.0,Central,3,3183.0,1381.0,1132.0,1086.0,,143320.0
Wednesday,5,94131.0,Ingleside,1,26881.0,12926.0,13427.0,12618.0,859700.0,96889.0
Wednesday,5,94131.0,Mission,1,26881.0,12926.0,13427.0,12618.0,859700.0,96889.0
Wednesday,5,94132.0,Taraval,1,28129.0,9045.0,10769.0,9993.0,733100.0,69223.0
Wednesday,5,94134.0,Bayview,12,40798.0,17001.0,11867.0,11244.0,547800.0,56716.0
Wednesday,5,94134.0,Ingleside,5,40798.0,17001.0,11867.0,11244.0,547800.0,56716.0
Wednesday,5,94158.0,Bayview,3,4792.0,7288.0,2482.0,2271.0,643900.0,82195.0
Wednesday,5,94158.0,Southern,2,4792.0,7288.0,2482.0,2271.0,643900.0,82195.0
Wednesday,6,94102.0,Mission,6,31176.0,46472.0,18758.0,16844.0,574100.0,22517.0
Wednesday,6,94102.0,Northern,18,31176.0,46472.0,18758.0,16844.0,574100.0,22517.0
Wednesday,6,94102.0,Southern,1,31176.0,46472.0,18758.0,16844.0,574100.0,22517.0
Wednesday,6,94102.0,Tenderloin,8,31176.0,46472.0,18758.0,16844.0,574100.0,22517.0
Wednesday,6,94103.0,Mission,5,27170.0,20036.0,14778.0,13098.0,628000.0,43364.0
Wednesday,6,94103.0,Out of SF,2,27170.0,20036.0,14778.0,13098.0,628000.0,43364.0
Wednesday,6,94103.0,Southern,24,27170.0,20036.0,14778.0,13098.0,628000.0,43364.0
Wednesday,6,94103.0,Tenderloin,24,27170.0,20036.0,14778.0,13098.0,628000.0,43364.0
Wednesday,6,94104.0,Central,16,406.0,5232.0,368.0,207.0,1000001.0,48750.0
Wednesday,6,94104.0,Tenderloin,3,406.0,5232.0,368.0,207.0,1000001.0,48750.0
Wednesday,6,94105.0,Central,1,5846.0,15826.0,4601.0,3586.0,740900.0,163949.0
Wednesday,6,94105.0,Southern,9,5846.0,15826.0,4601.0,3586.0,740900.0,163949.0
Wednesday,6,94107.0,Bayview,1,26599.0,14845.0,15141.0,13736.0,719700.0,114439.0
Wednesday,6,94107.0,Southern,3,26599.0,14845.0,15141.0,13736.0,719700.0,114439.0
Wednesday,6,94108.0,Central,26,13768.0,50983.0,8843.0,7628.0,856900.0,35427.0
Wednesday,6,94108.0,Tenderloin,1,13768.0,50983.0,8843.0,7628.0,856900.0,35427.0
Wednesday,6,94109.0,Central,6,55984.0,47129.0,37182.0,33342.0,723200.0,60722.0
Wednesday,6,94109.0,Northern,10,55984.0,47129.0,37182.0,33342.0,723200.0,60722.0
Wednesday,6,94109.0,Southern,1,55984.0,47129.0,37182.0,33342.0,723200.0,60722.0
Wednesday,6,94110.0,Bayview,6,69333.0,29816.0,28913.0,27128.0,768200.0,82111.0
Wednesday,6,94110.0,Ingleside,9,69333.0,29816.0,28913.0,27128.0,768200.0,82111.0
Wednesday,6,94110.0,Mission,26,69333.0,29816.0,28913.0,27128.0,768200.0,82111.0
Wednesday,6,94110.0,Taraval,1,69333.0,29816.0,28913.0,27128.0,768200.0,82111.0
Wednesday,6,94111.0,Central,11,3713.0,10791.0,2811.0,2365.0,882000.0,89722.0
Wednesday,6,94112.0,Ingleside,8,79407.0,23606.0,23081.0,21975.0,602400.0,71625.0
Wednesday,6,94114.0,Mission,15,31124.0,21837.0,17634.0,16281.0,1000001.0,114689.0
Wednesday,6,94114.0,Park,5,31124.0,21837.0,17634.0,16281.0,1000001.0,114689.0
Wednesday,6,94115.0,Northern,6,33021.0,29596.0,18884.0,17289.0,965800.0,76952.0
Wednesday,6,94115.0,Richmond,1,33021.0,29596.0,18884.0,17289.0,965800.0,76952.0
Wednesday,6,94116.0,Park,1,43698.0,16901.0,16283.0,15445.0,734400.0,83407.0
Wednesday,6,94116.0,Taraval,6,43698.0,16901.0,16283.0,15445.0,734400.0,83407.0
Wednesday,6,94117.0,Mission,3,39169.0,23211.0,19255.0,17939.0,911500.0,94479.0
Wednesday,6,94117.0,Northern,2,39169.0,23211.0,19255.0,17939.0,911500.0,94479.0
Wednesday,6,94117.0,Park,8,39169.0,23211.0,19255.0,17939.0,911500.0,94479.0
Wednesday,6,94118.0,Richmond,5,38319.0,19663.0,18633.0,17171.0,1000001.0,82857.0
Wednesday,6,94122.0,Richmond,5,56023.0,23699.0,23633.0,22162.0,774500.0,81768.0
Wednesday,6,94122.0,Taraval,8,56023.0,23699.0,23633.0,22162.0,774500.0,81768.0
Wednesday,6,94123.0,Northern,13,23088.0,22622.0,15083.0,13717.0,1000001.0,112650.0
Wednesday,6,94124.0,Bayview,11,33996.0,6901.0,10812.0,9717.0,470400.0,50146.0
Wednesday,6,94124.0,Southern,1,33996.0,6901.0,10812.0,9717.0,470400.0,50146.0
Wednesday,6,94127.0,Ingleside,1,19289.0,10895.0,7801.0,7511.0,916900.0,131351.0
Wednesday,6,94127.0,Taraval,3,19289.0,10895.0,7801.0,7511.0,916900.0,131351.0
Wednesday,6,94130.0,Southern,2,2880.0,3196.0,786.0,656.0,,37500.0
Wednesday,6,94131.0,Ingleside,3,26881.0,12926.0,13427.0,12618.0,859700.0,96889.0
Wednesday,6,94131.0,Mission,1,26881.0,12926.0,13427.0,12618.0,859700.0,96889.0
Wednesday,6,94131.0,Taraval,2,26881.0,12926.0,13427.0,12618.0,859700.0,96889.0
Wednesday,6,94132.0,Taraval,8,28129.0,9045.0,10769.0,9993.0,733100.0,69223.0
Wednesday,6,94134.0,Bayview,8,40798.0,17001.0,11867.0,11244.0,547800.0,56716.0
Wednesday,6,94134.0,Ingleside,7,40798.0,17001.0,11867.0,11244.0,547800.0,56716.0
Wednesday,6,94158.0,Bayview,3,4792.0,7288.0,2482.0,2271.0,643900.0,82195.0
Wednesday,6,94158.0,Mission,2,4792.0,7288.0,2482.0,2271.0,643900.0,82195.0
Wednesday,6,94158.0,Out of SF,1,4792.0,7288.0,2482.0,2271.0,643900.0,82195.0
Wednesday,6,94158.0,Southern,4,4792.0,7288.0,2482.0,2271.0,643900.0,82195.0
Wednesday,7,94102.0,Bayview,1,31176.0,46472.0,18758.0,16844.0,574100.0,22517.0
Wednesday,7,94102.0,Mission,10,31176.0,46472.0,18758.0,16844.0,574100.0,22517.0
Wednesday,7,94102.0,Northern,29,31176.0,46472.0,18758.0,16844.0,574100.0,22517.0
Wednesday,7,94102.0,Southern,8,31176.0,46472.0,18758.0,16844.0,574100.0,22517.0
Wednesday,7,94102.0,Tenderloin,25,31176.0,46472.0,18758.0,16844.0,574100.0,22517.0
Wednesday,7,94103.0,Ingleside,1,27170.0,20036.0,14778.0,13098.0,628000.0,43364.0
Wednesday,7,94103.0,Mission,8,27170.0,20036.0,14778.0,13098.0,628000.0,43364.0
Wednesday,7,94103.0,Out of SF,5,27170.0,20036.0,14778.0,13098.0,628000.0,43364.0
Wednesday,7,94103.0,Southern,28,27170.0,20036.0,14778.0,13098.0,628000.0,43364.0
Wednesday,7,94103.0,Tenderloin,51,27170.0,20036.0,14778.0,13098.0,628000.0,43364.0
Wednesday,7,94104.0,Central,25,406.0,5232.0,368.0,207.0,1000001.0,48750.0
Wednesday,7,94104.0,Southern,1,406.0,5232.0,368.0,207.0,1000001.0,48750.0
Wednesday,7,94105.0,Central,2,5846.0,15826.0,4601.0,3586.0,740900.0,163949.0
Wednesday,7,94105.0,Northern,1,5846.0,15826.0,4601.0,3586.0,740900.0,163949.0
Wednesday,7,94105.0,Southern,11,5846.0,15826.0,4601.0,3586.0,740900.0,163949.0
Wednesday,7,94107.0,Bayview,8,26599.0,14845.0,15141.0,13736.0,719700.0,114439.0
Wednesday,7,94107.0,Park,2,26599.0,14845.0,15141.0,13736.0,719700.0,114439.0
Wednesday,7,94108.0,Central,11,13768.0,50983.0,8843.0,7628.0,856900.0,35427.0
Wednesday,7,94108.0,Southern,1,13768.0,50983.0,8843.0,7628.0,856900.0,35427.0
Wednesday,7,94108.0,Tenderloin,5,13768.0,50983.0,8843.0,7628.0,856900.0,35427.0
Wednesday,7,94109.0,Central,7,55984.0,47129.0,37182.0,33342.0,723200.0,60722.0
Wednesday,7,94109.0,Northern,22,55984.0,47129.0,37182.0,33342.0,723200.0,60722.0
Wednesday,7,94109.0,Tenderloin,5,55984.0,47129.0,37182.0,33342.0,723200.0,60722.0
Wednesday,7,94110.0,Bayview,9,69333.0,29816.0,28913.0,27128.0,768200.0,82111.0
Wednesday,7,94110.0,Ingleside,8,69333.0,29816.0,28913.0,27128.0,768200.0,82111.0
Wednesday,7,94110.0,Mission,27,69333.0,29816.0,28913.0,27128.0,768200.0,82111.0
Wednesday,7,94111.0,Central,10,3713.0,10791.0,2811.0,2365.0,882000.0,89722.0
Wednesday,7,94112.0,Ingleside,24,79407.0,23606.0,23081.0,21975.0,602400.0,71625.0
Wednesday,7,94112.0,Taraval,4,79407.0,23606.0,23081.0,21975.0,602400.0,71625.0
Wednesday,7,94114.0,Ingleside,1,31124.0,21837.0,17634.0,16281.0,1000001.0,114689.0
Wednesday,7,94114.0,Mission,12,31124.0,21837.0,17634.0,16281.0,1000001.0,114689.0
Wednesday,7,94114.0,Park,4,31124.0,21837.0,17634.0,16281.0,1000001.0,114689.0
Wednesday,7,94115.0,Northern,17,33021.0,29596.0,18884.0,17289.0,965800.0,76952.0
Wednesday,7,94115.0,Park,1,33021.0,29596.0,18884.0,17289.0,965800.0,76952.0
Wednesday,7,94115.0,Richmond,2,33021.0,29596.0,18884.0,17289.0,965800.0,76952.0
Wednesday,7,94116.0,Taraval,17,43698.0,16901.0,16283.0,15445.0,734400.0,83407.0
Wednesday,7,94117.0,Mission,9,39169.0,23211.0,19255.0,17939.0,911500.0,94479.0
Wednesday,7,94117.0,Northern,10,39169.0,23211.0,19255.0,17939.0,911500.0,94479.0
Wednesday,7,94117.0,Park,23,39169.0,23211.0,19255.0,17939.0,911500.0,94479.0
Wednesday,7,94118.0,Park,2,38319.0,19663.0,18633.0,17171.0,1000001.0,82857.0
Wednesday,7,94118.0,Richmond,22,38319.0,19663.0,18633.0,17171.0,1000001.0,82857.0
Wednesday,7,94122.0,Park,2,56023.0,23699.0,23633.0,22162.0,774500.0,81768.0
Wednesday,7,94122.0,Richmond,4,56023.0,23699.0,23633.0,22162.0,774500.0,81768.0
Wednesday,7,94122.0,Taraval,20,56023.0,23699.0,23633.0,22162.0,774500.0,81768.0
Wednesday,7,94123.0,Northern,13,23088.0,22622.0,15083.0,13717.0,1000001.0,112650.0
Wednesday,7,94124.0,Bayview,33,33996.0,6901.0,10812.0,9717.0,470400.0,50146.0
Wednesday,7,94127.0,Ingleside,1,19289.0,10895.0,7801.0,7511.0,916900.0,131351.0
Wednesday,7,94127.0,Taraval,6,19289.0,10895.0,7801.0,7511.0,916900.0,131351.0
Wednesday,7,94129.0,Central,2,3183.0,1381.0,1132.0,1086.0,,143320.0
Wednesday,7,94131.0,Ingleside,7,26881.0,12926.0,13427.0,12618.0,859700.0,96889.0
Wednesday,7,94131.0,Mission,3,26881.0,12926.0,13427.0,12618.0,859700.0,96889.0
Wednesday,7,94131.0,Park,2,26881.0,12926.0,13427.0,12618.0,859700.0,96889.0
Wednesday,7,94132.0,Taraval,5,28129.0,9045.0,10769.0,9993.0,733100.0,69223.0
Wednesday,7,94134.0,Bayview,14,40798.0,17001.0,11867.0,11244.0,547800.0,56716.0
Wednesday,7,94134.0,Ingleside,4,40798.0,17001.0,11867.0,11244.0,547800.0,56716.0
Wednesday,7,94158.0,Bayview,1,4792.0,7288.0,2482.0,2271.0,643900.0,82195.0
Wednesday,7,94158.0,Mission,6,4792.0,7288.0,2482.0,2271.0,643900.0,82195.0
Wednesday,7,94158.0,Out of SF,3,4792.0,7288.0,2482.0,2271.0,643900.0,82195.0
Wednesday,7,94158.0,Southern,12,4792.0,7288.0,2482.0,2271.0,643900.0,82195.0
Wednesday,8,94102.0,Mission,22,31176.0,46472.0,18758.0,16844.0,574100.0,22517.0
Wednesday,8,94102.0,Northern,38,31176.0,46472.0,18758.0,16844.0,574100.0,22517.0
Wednesday,8,94102.0,Out of SF,1,31176.0,46472.0,18758.0,16844.0,574100.0,22517.0
Wednesday,8,94102.0,Park,4,31176.0,46472.0,18758.0,16844.0,574100.0,22517.0
Wednesday,8,94102.0,Southern,5,31176.0,46472.0,18758.0,16844.0,574100.0,22517.0
Wednesday,8,94102.0,Tenderloin,28,31176.0,46472.0,18758.0,16844.0,574100.0,22517.0
Wednesday,8,94103.0,Bayview,1,27170.0,20036.0,14778.0,13098.0,628000.0,43364.0
Wednesday,8,94103.0,Central,1,27170.0,20036.0,14778.0,13098.0,628000.0,43364.0
Wednesday,8,94103.0,Ingleside,1,27170.0,20036.0,14778.0,13098.0,628000.0,43364.0
Wednesday,8,94103.0,Mission,6,27170.0,20036.0,14778.0,13098.0,628000.0,43364.0
Wednesday,8,94103.0,Northern,1,27170.0,20036.0,14778.0,13098.0,628000.0,43364.0
Wednesday,8,94103.0,Out of SF,9,27170.0,20036.0,14778.0,13098.0,628000.0,43364.0
Wednesday,8,94103.0,Southern,55,27170.0,20036.0,14778.0,13098.0,628000.0,43364.0
Wednesday,8,94103.0,Tenderloin,67,27170.0,20036.0,14778.0,13098.0,628000.0,43364.0
Wednesday,8,94104.0,Central,33,406.0,5232.0,368.0,207.0,1000001.0,48750.0
Wednesday,8,94104.0,Tenderloin,2,406.0,5232.0,368.0,207.0,1000001.0,48750.0
Wednesday,8,94105.0,Central,11,5846.0,15826.0,4601.0,3586.0,740900.0,163949.0
Wednesday,8,94105.0,Southern,24,5846.0,15826.0,4601.0,3586.0,740900.0,163949.0
Wednesday,8,94107.0,Bayview,7,26599.0,14845.0,15141.0,13736.0,719700.0,114439.0
Wednesday,8,94108.0,Central,27,13768.0,50983.0,8843.0,7628.0,856900.0,35427.0
Wednesday,8,94108.0,Out of SF,3,13768.0,50983.0,8843.0,7628.0,856900.0,35427.0
Wednesday,8,94108.0,Tenderloin,6,13768.0,50983.0,8843.0,7628.0,856900.0,35427.0
Wednesday,8,94109.0,Central,17,55984.0,47129.0,37182.0,33342.0,723200.0,60722.0
Wednesday,8,94109.0,Northern,36,55984.0,47129.0,37182.0,33342.0,723200.0,60722.0
Wednesday,8,94109.0,Tenderloin,4,55984.0,47129.0,37182.0,33342.0,723200.0,60722.0
Wednesday,8,94110.0,Bayview,9,69333.0,29816.0,28913.0,27128.0,768200.0,82111.0
Wednesday,8,94110.0,Ingleside,15,69333.0,29816.0,28913.0,27128.0,768200.0,82111.0
Wednesday,8,94110.0,Mission,33,69333.0,29816.0,28913.0,27128.0,768200.0,82111.0
Wednesday,8,94111.0,Central,17,3713.0,10791.0,2811.0,2365.0,882000.0,89722.0
Wednesday,8,94112.0,Ingleside,29,79407.0,23606.0,23081.0,21975.0,602400.0,71625.0
Wednesday,8,94112.0,Taraval,6,79407.0,23606.0,23081.0,21975.0,602400.0,71625.0
Wednesday,8,94114.0,Mission,27,31124.0,21837.0,17634.0,16281.0,1000001.0,114689.0
Wednesday,8,94114.0,Park,8,31124.0,21837.0,17634.0,16281.0,1000001.0,114689.0
Wednesday,8,94115.0,Northern,19,33021.0,29596.0,18884.0,17289.0,965800.0,76952.0
Wednesday,8,94115.0,Richmond,6,33021.0,29596.0,18884.0,17289.0,965800.0,76952.0
Wednesday,8,94116.0,Taraval,31,43698.0,16901.0,16283.0,15445.0,734400.0,83407.0
Wednesday,8,94117.0,Mission,3,39169.0,23211.0,19255.0,17939.0,911500.0,94479.0
Wednesday,8,94117.0,Northern,12,39169.0,23211.0,19255.0,17939.0,911500.0,94479.0
Wednesday,8,94117.0,Park,28,39169.0,23211.0,19255.0,17939.0,911500.0,94479.0
Wednesday,8,94118.0,Park,6,38319.0,19663.0,18633.0,17171.0,1000001.0,82857.0
Wednesday,8,94118.0,Richmond,21,38319.0,19663.0,18633.0,17171.0,1000001.0,82857.0
Wednesday,8,94122.0,Park,2,56023.0,23699.0,23633.0,22162.0,774500.0,81768.0
Wednesday,8,94122.0,Richmond,27,56023.0,23699.0,23633.0,22162.0,774500.0,81768.0
Wednesday,8,94122.0,Taraval,13,56023.0,23699.0,23633.0,22162.0,774500.0,81768.0
Wednesday,8,94123.0,Northern,14,23088.0,22622.0,15083.0,13717.0,1000001.0,112650.0
Wednesday,8,94124.0,Bayview,21,33996.0,6901.0,10812.0,9717.0,470400.0,50146.0
Wednesday,8,94124.0,Central,1,33996.0,6901.0,10812.0,9717.0,470400.0,50146.0
Wednesday,8,94124.0,Mission,1,33996.0,6901.0,10812.0,9717.0,470400.0,50146.0
Wednesday,8,94127.0,Ingleside,8,19289.0,10895.0,7801.0,7511.0,916900.0,131351.0
Wednesday,8,94127.0,Taraval,3,19289.0,10895.0,7801.0,7511.0,916900.0,131351.0
Wednesday,8,94130.0,Southern,7,2880.0,3196.0,786.0,656.0,,37500.0
Wednesday,8,94131.0,Ingleside,3,26881.0,12926.0,13427.0,12618.0,859700.0,96889.0
Wednesday,8,94131.0,Mission,6,26881.0,12926.0,13427.0,12618.0,859700.0,96889.0
Wednesday,8,94131.0,Park,3,26881.0,12926.0,13427.0,12618.0,859700.0,96889.0
Wednesday,8,94132.0,Taraval,16,28129.0,9045.0,10769.0,9993.0,733100.0,69223.0
Wednesday,8,94134.0,Bayview,18,40798.0,17001.0,11867.0,11244.0,547800.0,56716.0
Wednesday,8,94134.0,Ingleside,20,40798.0,17001.0,11867.0,11244.0,547800.0,56716.0
Wednesday,8,94134.0,Southern,1,40798.0,17001.0,11867.0,11244.0,547800.0,56716.0
Wednesday,8,94158.0,Bayview,5,4792.0,7288.0,2482.0,2271.0,643900.0,82195.0
Wednesday,8,94158.0,Mission,4,4792.0,7288.0,2482.0,2271.0,643900.0,82195.0
Wednesday,8,94158.0,Out of SF,3,4792.0,7288.0,2482.0,2271.0,643900.0,82195.0
Wednesday,8,94158.0,Southern,16,4792.0,7288.0,2482.0,2271.0,643900.0,82195.0
Wednesday,9,94102.0,Mission,30,31176.0,46472.0,18758.0,16844.0,574100.0,22517.0
Wednesday,9,94102.0,Northern,44,31176.0,46472.0,18758.0,16844.0,574100.0,22517.0
Wednesday,9,94102.0,Out of SF,1,31176.0,46472.0,18758.0,16844.0,574100.0,22517.0
Wednesday,9,94102.0,Southern,19,31176.0,46472.0,18758.0,16844.0,574100.0,22517.0
Wednesday,9,94102.0,Tenderloin,56,31176.0,46472.0,18758.0,16844.0,574100.0,22517.0
Wednesday,9,94103.0,Central,1,27170.0,20036.0,14778.0,13098.0,628000.0,43364.0
Wednesday,9,94103.0,Ingleside,1,27170.0,20036.0,14778.0,13098.0,628000.0,43364.0
Wednesday,9,94103.0,Mission,3,27170.0,20036.0,14778.0,13098.0,628000.0,43364.0
Wednesday,9,94103.0,Out of SF,2,27170.0,20036.0,14778.0,13098.0,628000.0,43364.0
Wednesday,9,94103.0,Southern,63,27170.0,20036.0,14778.0,13098.0,628000.0,43364.0
Wednesday,9,94103.0,Tenderloin,117,27170.0,20036.0,14778.0,13098.0,628000.0,43364.0
Wednesday,9,94104.0,Central,43,406.0,5232.0,368.0,207.0,1000001.0,48750.0
Wednesday,9,94104.0,Southern,4,406.0,5232.0,368.0,207.0,1000001.0,48750.0
Wednesday,9,94104.0,Tenderloin,3,406.0,5232.0,368.0,207.0,1000001.0,48750.0
Wednesday,9,94105.0,Central,5,5846.0,15826.0,4601.0,3586.0,740900.0,163949.0
Wednesday,9,94105.0,Southern,30,5846.0,15826.0,4601.0,3586.0,740900.0,163949.0
Wednesday,9,94107.0,Bayview,1,26599.0,14845.0,15141.0,13736.0,719700.0,114439.0
Wednesday,9,94107.0,Southern,3,26599.0,14845.0,15141.0,13736.0,719700.0,114439.0
Wednesday,9,94108.0,Central,37,13768.0,50983.0,8843.0,7628.0,856900.0,35427.0
Wednesday,9,94108.0,Out of SF,5,13768.0,50983.0,8843.0,7628.0,856900.0,35427.0
Wednesday,9,94108.0,Tenderloin,7,13768.0,50983.0,8843.0,7628.0,856900.0,35427.0
Wednesday,9,94109.0,Central,11,55984.0,47129.0,37182.0,33342.0,723200.0,60722.0
Wednesday,9,94109.0,Northern,17,55984.0,47129.0,37182.0,33342.0,723200.0,60722.0
Wednesday,9,94109.0,Tenderloin,8,55984.0,47129.0,37182.0,33342.0,723200.0,60722.0
Wednesday,9,94110.0,Bayview,15,69333.0,29816.0,28913.0,27128.0,768200.0,82111.0
Wednesday,9,94110.0,Ingleside,13,69333.0,29816.0,28913.0,27128.0,768200.0,82111.0
Wednesday,9,94110.0,Mission,57,69333.0,29816.0,28913.0,27128.0,768200.0,82111.0
Wednesday,9,94111.0,Central,24,3713.0,10791.0,2811.0,2365.0,882000.0,89722.0
Wednesday,9,94111.0,Mission,1,3713.0,10791.0,2811.0,2365.0,882000.0,89722.0
Wednesday,9,94112.0,Ingleside,16,79407.0,23606.0,23081.0,21975.0,602400.0,71625.0
Wednesday,9,94112.0,Taraval,4,79407.0,23606.0,23081.0,21975.0,602400.0,71625.0
Wednesday,9,94114.0,Mission,15,31124.0,21837.0,17634.0,16281.0,1000001.0,114689.0
Wednesday,9,94115.0,Northern,27,33021.0,29596.0,18884.0,17289.0,965800.0,76952.0
Wednesday,9,94115.0,Park,2,33021.0,29596.0,18884.0,17289.0,965800.0,76952.0
Wednesday,9,94115.0,Richmond,7,33021.0,29596.0,18884.0,17289.0,965800.0,76952.0
Wednesday,9,94115.0,Tenderloin,1,33021.0,29596.0,18884.0,17289.0,965800.0,76952.0
Wednesday,9,94116.0,Taraval,13,43698.0,16901.0,16283.0,15445.0,734400.0,83407.0
Wednesday,9,94117.0,Ingleside,1,39169.0,23211.0,19255.0,17939.0,911500.0,94479.0
Wednesday,9,94117.0,Mission,11,39169.0,23211.0,19255.0,17939.0,911500.0,94479.0
Wednesday,9,94117.0,Northern,9,39169.0,23211.0,19255.0,17939.0,911500.0,94479.0
Wednesday,9,94117.0,Park,26,39169.0,23211.0,19255.0,17939.0,911500.0,94479.0
Wednesday,9,94118.0,Out of SF,1,38319.0,19663.0,18633.0,17171.0,1000001.0,82857.0
Wednesday,9,94118.0,Park,10,38319.0,19663.0,18633.0,17171.0,1000001.0,82857.0
Wednesday,9,94118.0,Richmond,22,38319.0,19663.0,18633.0,17171.0,1000001.0,82857.0
Wednesday,9,94122.0,Northern,1,56023.0,23699.0,23633.0,22162.0,774500.0,81768.0
Wednesday,9,94122.0,Park,2,56023.0,23699.0,23633.0,22162.0,774500.0,81768.0
Wednesday,9,94122.0,Richmond,18,56023.0,23699.0,23633.0,22162.0,774500.0,81768.0
Wednesday,9,94122.0,Taraval,20,56023.0,23699.0,23633.0,22162.0,774500.0,81768.0
Wednesday,9,94122.0,Tenderloin,1,56023.0,23699.0,23633.0,22162.0,774500.0,81768.0
Wednesday,9,94123.0,Central,1,23088.0,22622.0,15083.0,13717.0,1000001.0,112650.0
Wednesday,9,94123.0,Northern,16,23088.0,22622.0,15083.0,13717.0,1000001.0,112650.0
Wednesday,9,94124.0,Bayview,55,33996.0,6901.0,10812.0,9717.0,470400.0,50146.0
Wednesday,9,94127.0,Ingleside,4,19289.0,10895.0,7801.0,7511.0,916900.0,131351.0
Wednesday,9,94127.0,Taraval,7,19289.0,10895.0,7801.0,7511.0,916900.0,131351.0
Wednesday,9,94129.0,Central,1,3183.0,1381.0,1132.0,1086.0,,143320.0
Wednesday,9,94130.0,Southern,1,2880.0,3196.0,786.0,656.0,,37500.0
Wednesday,9,94131.0,Ingleside,2,26881.0,12926.0,13427.0,12618.0,859700.0,96889.0
Wednesday,9,94131.0,Mission,5,26881.0,12926.0,13427.0,12618.0,859700.0,96889.0
Wednesday,9,94131.0,Park,7,26881.0,12926.0,13427.0,12618.0,859700.0,96889.0
Wednesday,9,94131.0,Taraval,1,26881.0,12926.0,13427.0,12618.0,859700.0,96889.0
Wednesday,9,94132.0,Ingleside,1,28129.0,9045.0,10769.0,9993.0,733100.0,69223.0
Wednesday,9,94132.0,Taraval,17,28129.0,9045.0,10769.0,9993.0,733100.0,69223.0
Wednesday,9,94134.0,Bayview,19,40798.0,17001.0,11867.0,11244.0,547800.0,56716.0
Wednesday,9,94134.0,Ingleside,14,40798.0,17001.0,11867.0,11244.0,547800.0,56716.0
Wednesday,9,94158.0,Bayview,15,4792.0,7288.0,2482.0,2271.0,643900.0,82195.0
Wednesday,9,94158.0,Mission,5,4792.0,7288.0,2482.0,2271.0,643900.0,82195.0
Wednesday,9,94158.0,Out of SF,2,4792.0,7288.0,2482.0,2271.0,643900.0,82195.0
Wednesday,9,94158.0,Southern,13,4792.0,7288.0,2482.0,2271.0,643900.0,82195.0
Wednesday,10,94102.0,Mission,18,31176.0,46472.0,18758.0,16844.0,574100.0,22517.0
Wednesday,10,94102.0,Northern,45,31176.0,46472.0,18758.0,16844.0,574100.0,22517.0
Wednesday,10,94102.0,Richmond,2,31176.0,46472.0,18758.0,16844.0,574100.0,22517.0
Wednesday,10,94102.0,Southern,8,31176.0,46472.0,18758.0,16844.0,574100.0,22517.0
Wednesday,10,94102.0,Tenderloin,71,31176.0,46472.0,18758.0,16844.0,574100.0,22517.0
Wednesday,10,94103.0,Mission,3,27170.0,20036.0,14778.0,13098.0,628000.0,43364.0
Wednesday,10,94103.0,Out of SF,2,27170.0,20036.0,14778.0,13098.0,628000.0,43364.0
Wednesday,10,94103.0,Southern,81,27170.0,20036.0,14778.0,13098.0,628000.0,43364.0
Wednesday,10,94103.0,Tenderloin,72,27170.0,20036.0,14778.0,13098.0,628000.0,43364.0
Wednesday,10,94104.0,Central,27,406.0,5232.0,368.0,207.0,1000001.0,48750.0
Wednesday,10,94104.0,Southern,1,406.0,5232.0,368.0,207.0,1000001.0,48750.0
Wednesday,10,94104.0,Tenderloin,3,406.0,5232.0,368.0,207.0,1000001.0,48750.0
Wednesday,10,94105.0,Central,8,5846.0,15826.0,4601.0,3586.0,740900.0,163949.0
Wednesday,10,94105.0,Southern,10,5846.0,15826.0,4601.0,3586.0,740900.0,163949.0
Wednesday,10,94107.0,Bayview,2,26599.0,14845.0,15141.0,13736.0,719700.0,114439.0
Wednesday,10,94108.0,Central,35,13768.0,50983.0,8843.0,7628.0,856900.0,35427.0
Wednesday,10,94108.0,Out of SF,4,13768.0,50983.0,8843.0,7628.0,856900.0,35427.0
Wednesday,10,94108.0,Tenderloin,5,13768.0,50983.0,8843.0,7628.0,856900.0,35427.0
Wednesday,10,94109.0,Central,15,55984.0,47129.0,37182.0,33342.0,723200.0,60722.0
Wednesday,10,94109.0,Northern,24,55984.0,47129.0,37182.0,33342.0,723200.0,60722.0
Wednesday,10,94109.0,Tenderloin,13,55984.0,47129.0,37182.0,33342.0,723200.0,60722.0
Wednesday,10,94110.0,Bayview,10,69333.0,29816.0,28913.0,27128.0,768200.0,82111.0
Wednesday,10,94110.0,Ingleside,12,69333.0,29816.0,28913.0,27128.0,768200.0,82111.0
Wednesday,10,94110.0,Mission,46,69333.0,29816.0,28913.0,27128.0,768200.0,82111.0
Wednesday,10,94110.0,Northern,3,69333.0,29816.0,28913.0,27128.0,768200.0,82111.0
Wednesday,10,94110.0,Out of SF,1,69333.0,29816.0,28913.0,27128.0,768200.0,82111.0
Wednesday,10,94111.0,Central,47,3713.0,10791.0,2811.0,2365.0,882000.0,89722.0
Wednesday,10,94111.0,Northern,2,3713.0,10791.0,2811.0,2365.0,882000.0,89722.0
Wednesday,10,94112.0,Ingleside,32,79407.0,23606.0,23081.0,21975.0,602400.0,71625.0
Wednesday,10,94112.0,Taraval,2,79407.0,23606.0,23081.0,21975.0,602400.0,71625.0
Wednesday,10,94114.0,Mission,17,31124.0,21837.0,17634.0,16281.0,1000001.0,114689.0
Wednesday,10,94114.0,Park,6,31124.0,21837.0,17634.0,16281.0,1000001.0,114689.0
Wednesday,10,94114.0,Tenderloin,1,31124.0,21837.0,17634.0,16281.0,1000001.0,114689.0
Wednesday,10,94115.0,Northern,24,33021.0,29596.0,18884.0,17289.0,965800.0,76952.0
Wednesday,10,94115.0,Park,1,33021.0,29596.0,18884.0,17289.0,965800.0,76952.0
Wednesday,10,94115.0,Richmond,13,33021.0,29596.0,18884.0,17289.0,965800.0,76952.0
Wednesday,10,94116.0,Richmond,1,43698.0,16901.0,16283.0,15445.0,734400.0,83407.0
Wednesday,10,94116.0,Taraval,30,43698.0,16901.0,16283.0,15445.0,734400.0,83407.0
Wednesday,10,94117.0,Mission,9,39169.0,23211.0,19255.0,17939.0,911500.0,94479.0
Wednesday,10,94117.0,Northern,24,39169.0,23211.0,19255.0,17939.0,911500.0,94479.0
Wednesday,10,94117.0,Park,26,39169.0,23211.0,19255.0,17939.0,911500.0,94479.0
Wednesday,10,94118.0,Park,9,38319.0,19663.0,18633.0,17171.0,1000001.0,82857.0
Wednesday,10,94118.0,Richmond,50,38319.0,19663.0,18633.0,17171.0,1000001.0,82857.0
Wednesday,10,94118.0,Southern,1,38319.0,19663.0,18633.0,17171.0,1000001.0,82857.0
Wednesday,10,94122.0,Park,2,56023.0,23699.0,23633.0,22162.0,774500.0,81768.0
Wednesday,10,94122.0,Richmond,29,56023.0,23699.0,23633.0,22162.0,774500.0,81768.0
Wednesday,10,94122.0,Taraval,21,56023.0,23699.0,23633.0,22162.0,774500.0,81768.0
Wednesday,10,94123.0,Central,1,23088.0,22622.0,15083.0,13717.0,1000001.0,112650.0
Wednesday,10,94123.0,Northern,31,23088.0,22622.0,15083.0,13717.0,1000001.0,112650.0
Wednesday,10,94124.0,Bayview,39,33996.0,6901.0,10812.0,9717.0,470400.0,50146.0
Wednesday,10,94127.0,Bayview,3,19289.0,10895.0,7801.0,7511.0,916900.0,131351.0
Wednesday,10,94127.0,Ingleside,6,19289.0,10895.0,7801.0,7511.0,916900.0,131351.0
Wednesday,10,94127.0,Taraval,10,19289.0,10895.0,7801.0,7511.0,916900.0,131351.0
Wednesday,10,94130.0,Southern,4,2880.0,3196.0,786.0,656.0,,37500.0
Wednesday,10,94131.0,Ingleside,4,26881.0,12926.0,13427.0,12618.0,859700.0,96889.0
Wednesday,10,94131.0,Mission,1,26881.0,12926.0,13427.0,12618.0,859700.0,96889.0
Wednesday,10,94131.0,Park,8,26881.0,12926.0,13427.0,12618.0,859700.0,96889.0
Wednesday,10,94131.0,Taraval,2,26881.0,12926.0,13427.0,12618.0,859700.0,96889.0
Wednesday,10,94132.0,Taraval,20,28129.0,9045.0,10769.0,9993.0,733100.0,69223.0
Wednesday,10,94134.0,Bayview,21,40798.0,17001.0,11867.0,11244.0,547800.0,56716.0
Wednesday,10,94134.0,Ingleside,21,40798.0,17001.0,11867.0,11244.0,547800.0,56716.0
Wednesday,10,94158.0,Bayview,7,4792.0,7288.0,2482.0,2271.0,643900.0,82195.0
Wednesday,10,94158.0,Ingleside,1,4792.0,7288.0,2482.0,2271.0,643900.0,82195.0
Wednesday,10,94158.0,Mission,1,4792.0,7288.0,2482.0,2271.0,643900.0,82195.0
Wednesday,10,94158.0,Out of SF,3,4792.0,7288.0,2482.0,2271.0,643900.0,82195.0
Wednesday,10,94158.0,Southern,19,4792.0,7288.0,2482.0,2271.0,643900.0,82195.0
Wednesday,11,94102.0,Mission,24,31176.0,46472.0,18758.0,16844.0,574100.0,22517.0
Wednesday,11,94102.0,Northern,38,31176.0,46472.0,18758.0,16844.0,574100.0,22517.0
Wednesday,11,94102.0,Southern,8,31176.0,46472.0,18758.0,16844.0,574100.0,22517.0
Wednesday,11,94102.0,Tenderloin,52,31176.0,46472.0,18758.0,16844.0,574100.0,22517.0
Wednesday,11,94103.0,Mission,6,27170.0,20036.0,14778.0,13098.0,628000.0,43364.0
Wednesday,11,94103.0,Out of SF,1,27170.0,20036.0,14778.0,13098.0,628000.0,43364.0
Wednesday,11,94103.0,Southern,70,27170.0,20036.0,14778.0,13098.0,628000.0,43364.0
Wednesday,11,94103.0,Tenderloin,106,27170.0,20036.0,14778.0,13098.0,628000.0,43364.0
Wednesday,11,94104.0,Central,46,406.0,5232.0,368.0,207.0,1000001.0,48750.0
Wednesday,11,94104.0,Southern,2,406.0,5232.0,368.0,207.0,1000001.0,48750.0
Wednesday,11,94104.0,Tenderloin,5,406.0,5232.0,368.0,207.0,1000001.0,48750.0
Wednesday,11,94105.0,Central,3,5846.0,15826.0,4601.0,3586.0,740900.0,163949.0
Wednesday,11,94105.0,Southern,19,5846.0,15826.0,4601.0,3586.0,740900.0,163949.0
Wednesday,11,94107.0,Bayview,9,26599.0,14845.0,15141.0,13736.0,719700.0,114439.0
Wednesday,11,94107.0,Southern,2,26599.0,14845.0,15141.0,13736.0,719700.0,114439.0
Wednesday,11,94108.0,Central,41,13768.0,50983.0,8843.0,7628.0,856900.0,35427.0
Wednesday,11,94108.0,Out of SF,6,13768.0,50983.0,8843.0,7628.0,856900.0,35427.0
Wednesday,11,94108.0,Tenderloin,9,13768.0,50983.0,8843.0,7628.0,856900.0,35427.0
Wednesday,11,94109.0,Central,14,55984.0,47129.0,37182.0,33342.0,723200.0,60722.0
Wednesday,11,94109.0,Northern,19,55984.0,47129.0,37182.0,33342.0,723200.0,60722.0
Wednesday,11,94109.0,Tenderloin,10,55984.0,47129.0,37182.0,33342.0,723200.0,60722.0
Wednesday,11,94110.0,Bayview,15,69333.0,29816.0,28913.0,27128.0,768200.0,82111.0
Wednesday,11,94110.0,Ingleside,12,69333.0,29816.0,28913.0,27128.0,768200.0,82111.0
Wednesday,11,94110.0,Mission,55,69333.0,29816.0,28913.0,27128.0,768200.0,82111.0
Wednesday,11,94110.0,Out of SF,1,69333.0,29816.0,28913.0,27128.0,768200.0,82111.0
Wednesday,11,94111.0,Central,48,3713.0,10791.0,2811.0,2365.0,882000.0,89722.0
Wednesday,11,94111.0,Northern,1,3713.0,10791.0,2811.0,2365.0,882000.0,89722.0
Wednesday,11,94112.0,Ingleside,19,79407.0,23606.0,23081.0,21975.0,602400.0,71625.0
Wednesday,11,94112.0,Out of SF,1,79407.0,23606.0,23081.0,21975.0,602400.0,71625.0
Wednesday,11,94112.0,Taraval,5,79407.0,23606.0,23081.0,21975.0,602400.0,71625.0
Wednesday,11,94114.0,Mission,13,31124.0,21837.0,17634.0,16281.0,1000001.0,114689.0
Wednesday,11,94114.0,Park,4,31124.0,21837.0,17634.0,16281.0,1000001.0,114689.0
Wednesday,11,94115.0,Northern,24,33021.0,29596.0,18884.0,17289.0,965800.0,76952.0
Wednesday,11,94115.0,Park,2,33021.0,29596.0,18884.0,17289.0,965800.0,76952.0
Wednesday,11,94115.0,Richmond,3,33021.0,29596.0,18884.0,17289.0,965800.0,76952.0
Wednesday,11,94116.0,Taraval,23,43698.0,16901.0,16283.0,15445.0,734400.0,83407.0
Wednesday,11,94117.0,Mission,8,39169.0,23211.0,19255.0,17939.0,911500.0,94479.0
Wednesday,11,94117.0,Northern,23,39169.0,23211.0,19255.0,17939.0,911500.0,94479.0
Wednesday,11,94117.0,Out of SF,3,39169.0,23211.0,19255.0,17939.0,911500.0,94479.0
Wednesday,11,94117.0,Park,44,39169.0,23211.0,19255.0,17939.0,911500.0,94479.0
Wednesday,11,94117.0,Tenderloin,1,39169.0,23211.0,19255.0,17939.0,911500.0,94479.0
Wednesday,11,94118.0,Park,9,38319.0,19663.0,18633.0,17171.0,1000001.0,82857.0
Wednesday,11,94118.0,Richmond,42,38319.0,19663.0,18633.0,17171.0,1000001.0,82857.0
Wednesday,11,94118.0,Southern,1,38319.0,19663.0,18633.0,17171.0,1000001.0,82857.0
Wednesday,11,94122.0,Northern,1,56023.0,23699.0,23633.0,22162.0,774500.0,81768.0
Wednesday,11,94122.0,Park,1,56023.0,23699.0,23633.0,22162.0,774500.0,81768.0
Wednesday,11,94122.0,Richmond,46,56023.0,23699.0,23633.0,22162.0,774500.0,81768.0
Wednesday,11,94122.0,Taraval,25,56023.0,23699.0,23633.0,22162.0,774500.0,81768.0
Wednesday,11,94123.0,Central,3,23088.0,22622.0,15083.0,13717.0,1000001.0,112650.0
Wednesday,11,94123.0,Northern,49,23088.0,22622.0,15083.0,13717.0,1000001.0,112650.0
Wednesday,11,94124.0,Bayview,32,33996.0,6901.0,10812.0,9717.0,470400.0,50146.0
Wednesday,11,94127.0,Ingleside,4,19289.0,10895.0,7801.0,7511.0,916900.0,131351.0
Wednesday,11,94127.0,Taraval,12,19289.0,10895.0,7801.0,7511.0,916900.0,131351.0
Wednesday,11,94129.0,Central,2,3183.0,1381.0,1132.0,1086.0,,143320.0
Wednesday,11,94130.0,Southern,5,2880.0,3196.0,786.0,656.0,,37500.0
Wednesday,11,94131.0,Ingleside,4,26881.0,12926.0,13427.0,12618.0,859700.0,96889.0
Wednesday,11,94131.0,Park,7,26881.0,12926.0,13427.0,12618.0,859700.0,96889.0
Wednesday,11,94132.0,Taraval,27,28129.0,9045.0,10769.0,9993.0,733100.0,69223.0
Wednesday,11,94134.0,Bayview,15,40798.0,17001.0,11867.0,11244.0,547800.0,56716.0
Wednesday,11,94134.0,Ingleside,21,40798.0,17001.0,11867.0,11244.0,547800.0,56716.0
Wednesday,11,94158.0,Bayview,6,4792.0,7288.0,2482.0,2271.0,643900.0,82195.0
Wednesday,11,94158.0,Mission,1,4792.0,7288.0,2482.0,2271.0,643900.0,82195.0
Wednesday,11,94158.0,Out of SF,3,4792.0,7288.0,2482.0,2271.0,643900.0,82195.0
Wednesday,11,94158.0,Southern,21,4792.0,7288.0,2482.0,2271.0,643900.0,82195.0
Wednesday,12,94102.0,Mission,29,31176.0,46472.0,18758.0,16844.0,574100.0,22517.0
Wednesday,12,94102.0,Northern,61,31176.0,46472.0,18758.0,16844.0,574100.0,22517.0
Wednesday,12,94102.0,Park,1,31176.0,46472.0,18758.0,16844.0,574100.0,22517.0
Wednesday,12,94102.0,Southern,20,31176.0,46472.0,18758.0,16844.0,574100.0,22517.0
Wednesday,12,94102.0,Tenderloin,51,31176.0,46472.0,18758.0,16844.0,574100.0,22517.0
Wednesday,12,94103.0,Mission,6,27170.0,20036.0,14778.0,13098.0,628000.0,43364.0
Wednesday,12,94103.0,Out of SF,1,27170.0,20036.0,14778.0,13098.0,628000.0,43364.0
Wednesday,12,94103.0,Southern,72,27170.0,20036.0,14778.0,13098.0,628000.0,43364.0
Wednesday,12,94103.0,Taraval,1,27170.0,20036.0,14778.0,13098.0,628000.0,43364.0
Wednesday,12,94103.0,Tenderloin,138,27170.0,20036.0,14778.0,13098.0,628000.0,43364.0
Wednesday,12,94104.0,Central,44,406.0,5232.0,368.0,207.0,1000001.0,48750.0
Wednesday,12,94104.0,Southern,3,406.0,5232.0,368.0,207.0,1000001.0,48750.0
Wednesday,12,94105.0,Central,5,5846.0,15826.0,4601.0,3586.0,740900.0,163949.0
Wednesday,12,94105.0,Southern,20,5846.0,15826.0,4601.0,3586.0,740900.0,163949.0
Wednesday,12,94107.0,Bayview,6,26599.0,14845.0,15141.0,13736.0,719700.0,114439.0
Wednesday,12,94107.0,Southern,2,26599.0,14845.0,15141.0,13736.0,719700.0,114439.0
Wednesday,12,94108.0,Central,62,13768.0,50983.0,8843.0,7628.0,856900.0,35427.0
Wednesday,12,94108.0,Out of SF,5,13768.0,50983.0,8843.0,7628.0,856900.0,35427.0
Wednesday,12,94108.0,Tenderloin,4,13768.0,50983.0,8843.0,7628.0,856900.0,35427.0
Wednesday,12,94109.0,Central,21,55984.0,47129.0,37182.0,33342.0,723200.0,60722.0
Wednesday,12,94109.0,Northern,52,55984.0,47129.0,37182.0,33342.0,723200.0,60722.0
Wednesday,12,94109.0,Tenderloin,4,55984.0,47129.0,37182.0,33342.0,723200.0,60722.0
Wednesday,12,94110.0,Bayview,17,69333.0,29816.0,28913.0,27128.0,768200.0,82111.0
Wednesday,12,94110.0,Central,3,69333.0,29816.0,28913.0,27128.0,768200.0,82111.0
Wednesday,12,94110.0,Ingleside,25,69333.0,29816.0,28913.0,27128.0,768200.0,82111.0
Wednesday,12,94110.0,Mission,53,69333.0,29816.0,28913.0,27128.0,768200.0,82111.0
Wednesday,12,94111.0,Central,53,3713.0,10791.0,2811.0,2365.0,882000.0,89722.0
Wednesday,12,94112.0,Ingleside,43,79407.0,23606.0,23081.0,21975.0,602400.0,71625.0
Wednesday,12,94112.0,Mission,1,79407.0,23606.0,23081.0,21975.0,602400.0,71625.0
Wednesday,12,94112.0,Out of SF,5,79407.0,23606.0,23081.0,21975.0,602400.0,71625.0
Wednesday,12,94112.0,Taraval,2,79407.0,23606.0,23081.0,21975.0,602400.0,71625.0
Wednesday,12,94114.0,Mission,22,31124.0,21837.0,17634.0,16281.0,1000001.0,114689.0
Wednesday,12,94114.0,Park,9,31124.0,21837.0,17634.0,16281.0,1000001.0,114689.0
Wednesday,12,94115.0,Northern,25,33021.0,29596.0,18884.0,17289.0,965800.0,76952.0
Wednesday,12,94115.0,Park,2,33021.0,29596.0,18884.0,17289.0,965800.0,76952.0
Wednesday,12,94115.0,Richmond,14,33021.0,29596.0,18884.0,17289.0,965800.0,76952.0
Wednesday,12,94115.0,Taraval,1,33021.0,29596.0,18884.0,17289.0,965800.0,76952.0
Wednesday,12,94116.0,Out of SF,1,43698.0,16901.0,16283.0,15445.0,734400.0,83407.0
Wednesday,12,94116.0,Taraval,32,43698.0,16901.0,16283.0,15445.0,734400.0,83407.0
Wednesday,12,94117.0,Mission,5,39169.0,23211.0,19255.0,17939.0,911500.0,94479.0
Wednesday,12,94117.0,Northern,21,39169.0,23211.0,19255.0,17939.0,911500.0,94479.0
Wednesday,12,94117.0,Park,35,39169.0,23211.0,19255.0,17939.0,911500.0,94479.0
Wednesday,12,94118.0,Park,7,38319.0,19663.0,18633.0,17171.0,1000001.0,82857.0
Wednesday,12,94118.0,Richmond,28,38319.0,19663.0,18633.0,17171.0,1000001.0,82857.0
Wednesday,12,94122.0,Park,2,56023.0,23699.0,23633.0,22162.0,774500.0,81768.0
Wednesday,12,94122.0,Richmond,51,56023.0,23699.0,23633.0,22162.0,774500.0,81768.0
Wednesday,12,94122.0,Taraval,33,56023.0,23699.0,23633.0,22162.0,774500.0,81768.0
Wednesday,12,94123.0,Northern,30,23088.0,22622.0,15083.0,13717.0,1000001.0,112650.0
Wednesday,12,94124.0,Bayview,73,33996.0,6901.0,10812.0,9717.0,470400.0,50146.0
Wednesday,12,94124.0,Out of SF,1,33996.0,6901.0,10812.0,9717.0,470400.0,50146.0
Wednesday,12,94127.0,Ingleside,2,19289.0,10895.0,7801.0,7511.0,916900.0,131351.0
Wednesday,12,94127.0,Taraval,15,19289.0,10895.0,7801.0,7511.0,916900.0,131351.0
Wednesday,12,94129.0,Central,1,3183.0,1381.0,1132.0,1086.0,,143320.0
Wednesday,12,94129.0,Richmond,1,3183.0,1381.0,1132.0,1086.0,,143320.0
Wednesday,12,94130.0,Southern,2,2880.0,3196.0,786.0,656.0,,37500.0
Wednesday,12,94131.0,Ingleside,6,26881.0,12926.0,13427.0,12618.0,859700.0,96889.0
Wednesday,12,94131.0,Park,11,26881.0,12926.0,13427.0,12618.0,859700.0,96889.0
Wednesday,12,94131.0,Taraval,1,26881.0,12926.0,13427.0,12618.0,859700.0,96889.0
Wednesday,12,94132.0,Taraval,27,28129.0,9045.0,10769.0,9993.0,733100.0,69223.0
Wednesday,12,94134.0,Bayview,24,40798.0,17001.0,11867.0,11244.0,547800.0,56716.0
Wednesday,12,94134.0,Ingleside,35,40798.0,17001.0,11867.0,11244.0,547800.0,56716.0
Wednesday,12,94158.0,Bayview,12,4792.0,7288.0,2482.0,2271.0,643900.0,82195.0
Wednesday,12,94158.0,Mission,1,4792.0,7288.0,2482.0,2271.0,643900.0,82195.0
Wednesday,12,94158.0,Out of SF,5,4792.0,7288.0,2482.0,2271.0,643900.0,82195.0
Wednesday,12,94158.0,Southern,14,4792.0,7288.0,2482.0,2271.0,643900.0,82195.0
Wednesday,12,94158.0,Tenderloin,1,4792.0,7288.0,2482.0,2271.0,643900.0,82195.0
Wednesday,13,94102.0,Mission,39,31176.0,46472.0,18758.0,16844.0,574100.0,22517.0
Wednesday,13,94102.0,Northern,41,31176.0,46472.0,18758.0,16844.0,574100.0,22517.0
Wednesday,13,94102.0,Park,3,31176.0,46472.0,18758.0,16844.0,574100.0,22517.0
Wednesday,13,94102.0,Southern,11,31176.0,46472.0,18758.0,16844.0,574100.0,22517.0
Wednesday,13,94102.0,Tenderloin,57,31176.0,46472.0,18758.0,16844.0,574100.0,22517.0
Wednesday,13,94103.0,Central,3,27170.0,20036.0,14778.0,13098.0,628000.0,43364.0
Wednesday,13,94103.0,Mission,6,27170.0,20036.0,14778.0,13098.0,628000.0,43364.0
Wednesday,13,94103.0,Out of SF,2,27170.0,20036.0,14778.0,13098.0,628000.0,43364.0
Wednesday,13,94103.0,Southern,64,27170.0,20036.0,14778.0,13098.0,628000.0,43364.0
Wednesday,13,94103.0,Tenderloin,128,27170.0,20036.0,14778.0,13098.0,628000.0,43364.0
Wednesday,13,94104.0,Central,33,406.0,5232.0,368.0,207.0,1000001.0,48750.0
Wednesday,13,94104.0,Mission,1,406.0,5232.0,368.0,207.0,1000001.0,48750.0
Wednesday,13,94104.0,Southern,6,406.0,5232.0,368.0,207.0,1000001.0,48750.0
Wednesday,13,94104.0,Tenderloin,1,406.0,5232.0,368.0,207.0,1000001.0,48750.0
Wednesday,13,94105.0,Central,5,5846.0,15826.0,4601.0,3586.0,740900.0,163949.0
Wednesday,13,94105.0,Southern,22,5846.0,15826.0,4601.0,3586.0,740900.0,163949.0
Wednesday,13,94107.0,Bayview,8,26599.0,14845.0,15141.0,13736.0,719700.0,114439.0
Wednesday,13,94107.0,Ingleside,1,26599.0,14845.0,15141.0,13736.0,719700.0,114439.0
Wednesday,13,94108.0,Central,57,13768.0,50983.0,8843.0,7628.0,856900.0,35427.0
Wednesday,13,94108.0,Out of SF,1,13768.0,50983.0,8843.0,7628.0,856900.0,35427.0
Wednesday,13,94108.0,Taraval,1,13768.0,50983.0,8843.0,7628.0,856900.0,35427.0
Wednesday,13,94108.0,Tenderloin,13,13768.0,50983.0,8843.0,7628.0,856900.0,35427.0
Wednesday,13,94109.0,Central,15,55984.0,47129.0,37182.0,33342.0,723200.0,60722.0
Wednesday,13,94109.0,Northern,22,55984.0,47129.0,37182.0,33342.0,723200.0,60722.0
Wednesday,13,94109.0,Tenderloin,4,55984.0,47129.0,37182.0,33342.0,723200.0,60722.0
Wednesday,13,94110.0,Bayview,4,69333.0,29816.0,28913.0,27128.0,768200.0,82111.0
Wednesday,13,94110.0,Ingleside,7,69333.0,29816.0,28913.0,27128.0,768200.0,82111.0
Wednesday,13,94110.0,Mission,77,69333.0,29816.0,28913.0,27128.0,768200.0,82111.0
Wednesday,13,94110.0,Out of SF,4,69333.0,29816.0,28913.0,27128.0,768200.0,82111.0
Wednesday,13,94111.0,Central,44,3713.0,10791.0,2811.0,2365.0,882000.0,89722.0
Wednesday,13,94112.0,Ingleside,34,79407.0,23606.0,23081.0,21975.0,602400.0,71625.0
Wednesday,13,94112.0,Taraval,8,79407.0,23606.0,23081.0,21975.0,602400.0,71625.0
Wednesday,13,94114.0,Mission,20,31124.0,21837.0,17634.0,16281.0,1000001.0,114689.0
Wednesday,13,94115.0,Northern,26,33021.0,29596.0,18884.0,17289.0,965800.0,76952.0
Wednesday,13,94115.0,Park,2,33021.0,29596.0,18884.0,17289.0,965800.0,76952.0
Wednesday,13,94115.0,Richmond,5,33021.0,29596.0,18884.0,17289.0,965800.0,76952.0
Wednesday,13,94116.0,Taraval,18,43698.0,16901.0,16283.0,15445.0,734400.0,83407.0
Wednesday,13,94117.0,Mission,7,39169.0,23211.0,19255.0,17939.0,911500.0,94479.0
Wednesday,13,94117.0,Northern,11,39169.0,23211.0,19255.0,17939.0,911500.0,94479.0
Wednesday,13,94117.0,Park,38,39169.0,23211.0,19255.0,17939.0,911500.0,94479.0
Wednesday,13,94118.0,Out of SF,1,38319.0,19663.0,18633.0,17171.0,1000001.0,82857.0
Wednesday,13,94118.0,Park,4,38319.0,19663.0,18633.0,17171.0,1000001.0,82857.0
Wednesday,13,94118.0,Richmond,40,38319.0,19663.0,18633.0,17171.0,1000001.0,82857.0
Wednesday,13,94122.0,Park,4,56023.0,23699.0,23633.0,22162.0,774500.0,81768.0
Wednesday,13,94122.0,Richmond,26,56023.0,23699.0,23633.0,22162.0,774500.0,81768.0
Wednesday,13,94122.0,Taraval,13,56023.0,23699.0,23633.0,22162.0,774500.0,81768.0
Wednesday,13,94123.0,Central,1,23088.0,22622.0,15083.0,13717.0,1000001.0,112650.0
Wednesday,13,94123.0,Northern,28,23088.0,22622.0,15083.0,13717.0,1000001.0,112650.0
Wednesday,13,94124.0,Bayview,51,33996.0,6901.0,10812.0,9717.0,470400.0,50146.0
Wednesday,13,94127.0,Ingleside,2,19289.0,10895.0,7801.0,7511.0,916900.0,131351.0
Wednesday,13,94127.0,Taraval,6,19289.0,10895.0,7801.0,7511.0,916900.0,131351.0
Wednesday,13,94129.0,Northern,1,3183.0,1381.0,1132.0,1086.0,,143320.0
Wednesday,13,94130.0,Southern,1,2880.0,3196.0,786.0,656.0,,37500.0
Wednesday,13,94131.0,Ingleside,3,26881.0,12926.0,13427.0,12618.0,859700.0,96889.0
Wednesday,13,94131.0,Mission,3,26881.0,12926.0,13427.0,12618.0,859700.0,96889.0
Wednesday,13,94131.0,Park,7,26881.0,12926.0,13427.0,12618.0,859700.0,96889.0
Wednesday,13,94132.0,Ingleside,1,28129.0,9045.0,10769.0,9993.0,733100.0,69223.0
Wednesday,13,94132.0,Taraval,22,28129.0,9045.0,10769.0,9993.0,733100.0,69223.0
Wednesday,13,94134.0,Bayview,29,40798.0,17001.0,11867.0,11244.0,547800.0,56716.0
Wednesday,13,94134.0,Ingleside,19,40798.0,17001.0,11867.0,11244.0,547800.0,56716.0
Wednesday,13,94158.0,Bayview,11,4792.0,7288.0,2482.0,2271.0,643900.0,82195.0
Wednesday,13,94158.0,Mission,1,4792.0,7288.0,2482.0,2271.0,643900.0,82195.0
Wednesday,13,94158.0,Out of SF,2,4792.0,7288.0,2482.0,2271.0,643900.0,82195.0
Wednesday,13,94158.0,Southern,18,4792.0,7288.0,2482.0,2271.0,643900.0,82195.0
Wednesday,14,94102.0,Central,2,31176.0,46472.0,18758.0,16844.0,574100.0,22517.0
Wednesday,14,94102.0,Mission,36,31176.0,46472.0,18758.0,16844.0,574100.0,22517.0
Wednesday,14,94102.0,Northern,50,31176.0,46472.0,18758.0,16844.0,574100.0,22517.0
Wednesday,14,94102.0,Out of SF,3,31176.0,46472.0,18758.0,16844.0,574100.0,22517.0
Wednesday,14,94102.0,Southern,11,31176.0,46472.0,18758.0,16844.0,574100.0,22517.0
Wednesday,14,94102.0,Taraval,2,31176.0,46472.0,18758.0,16844.0,574100.0,22517.0
Wednesday,14,94102.0,Tenderloin,54,31176.0,46472.0,18758.0,16844.0,574100.0,22517.0
Wednesday,14,94103.0,Bayview,1,27170.0,20036.0,14778.0,13098.0,628000.0,43364.0
Wednesday,14,94103.0,Mission,6,27170.0,20036.0,14778.0,13098.0,628000.0,43364.0
Wednesday,14,94103.0,Out of SF,3,27170.0,20036.0,14778.0,13098.0,628000.0,43364.0
Wednesday,14,94103.0,Southern,83,27170.0,20036.0,14778.0,13098.0,628000.0,43364.0
Wednesday,14,94103.0,Tenderloin,122,27170.0,20036.0,14778.0,13098.0,628000.0,43364.0
Wednesday,14,94104.0,Central,54,406.0,5232.0,368.0,207.0,1000001.0,48750.0
Wednesday,14,94104.0,Southern,2,406.0,5232.0,368.0,207.0,1000001.0,48750.0
Wednesday,14,94105.0,Central,5,5846.0,15826.0,4601.0,3586.0,740900.0,163949.0
Wednesday,14,94105.0,Southern,23,5846.0,15826.0,4601.0,3586.0,740900.0,163949.0
Wednesday,14,94107.0,Bayview,8,26599.0,14845.0,15141.0,13736.0,719700.0,114439.0
Wednesday,14,94107.0,Southern,1,26599.0,14845.0,15141.0,13736.0,719700.0,114439.0
Wednesday,14,94108.0,Central,95,13768.0,50983.0,8843.0,7628.0,856900.0,35427.0
Wednesday,14,94108.0,Out of SF,5,13768.0,50983.0,8843.0,7628.0,856900.0,35427.0
Wednesday,14,94108.0,Tenderloin,4,13768.0,50983.0,8843.0,7628.0,856900.0,35427.0
Wednesday,14,94109.0,Central,6,55984.0,47129.0,37182.0,33342.0,723200.0,60722.0
Wednesday,14,94109.0,Northern,35,55984.0,47129.0,37182.0,33342.0,723200.0,60722.0
Wednesday,14,94109.0,Tenderloin,5,55984.0,47129.0,37182.0,33342.0,723200.0,60722.0
Wednesday,14,94110.0,Bayview,7,69333.0,29816.0,28913.0,27128.0,768200.0,82111.0
Wednesday,14,94110.0,Ingleside,16,69333.0,29816.0,28913.0,27128.0,768200.0,82111.0
Wednesday,14,94110.0,Mission,70,69333.0,29816.0,28913.0,27128.0,768200.0,82111.0
Wednesday,14,94111.0,Central,36,3713.0,10791.0,2811.0,2365.0,882000.0,89722.0
Wednesday,14,94111.0,Northern,2,3713.0,10791.0,2811.0,2365.0,882000.0,89722.0
Wednesday,14,94112.0,Ingleside,31,79407.0,23606.0,23081.0,21975.0,602400.0,71625.0
Wednesday,14,94112.0,Taraval,6,79407.0,23606.0,23081.0,21975.0,602400.0,71625.0
Wednesday,14,94114.0,Mission,21,31124.0,21837.0,17634.0,16281.0,1000001.0,114689.0
Wednesday,14,94114.0,Park,16,31124.0,21837.0,17634.0,16281.0,1000001.0,114689.0
Wednesday,14,94115.0,Northern,24,33021.0,29596.0,18884.0,17289.0,965800.0,76952.0
Wednesday,14,94115.0,Park,3,33021.0,29596.0,18884.0,17289.0,965800.0,76952.0
Wednesday,14,94115.0,Richmond,7,33021.0,29596.0,18884.0,17289.0,965800.0,76952.0
Wednesday,14,94116.0,Bayview,1,43698.0,16901.0,16283.0,15445.0,734400.0,83407.0
Wednesday,14,94116.0,Taraval,27,43698.0,16901.0,16283.0,15445.0,734400.0,83407.0
Wednesday,14,94117.0,Mission,6,39169.0,23211.0,19255.0,17939.0,911500.0,94479.0
Wednesday,14,94117.0,Northern,10,39169.0,23211.0,19255.0,17939.0,911500.0,94479.0
Wednesday,14,94117.0,Park,49,39169.0,23211.0,19255.0,17939.0,911500.0,94479.0
Wednesday,14,94118.0,Out of SF,2,38319.0,19663.0,18633.0,17171.0,1000001.0,82857.0
Wednesday,14,94118.0,Park,4,38319.0,19663.0,18633.0,17171.0,1000001.0,82857.0
Wednesday,14,94118.0,Richmond,20,38319.0,19663.0,18633.0,17171.0,1000001.0,82857.0
Wednesday,14,94122.0,Richmond,10,56023.0,23699.0,23633.0,22162.0,774500.0,81768.0
Wednesday,14,94122.0,Taraval,16,56023.0,23699.0,23633.0,22162.0,774500.0,81768.0
Wednesday,14,94123.0,Bayview,1,23088.0,22622.0,15083.0,13717.0,1000001.0,112650.0
Wednesday,14,94123.0,Northern,40,23088.0,22622.0,15083.0,13717.0,1000001.0,112650.0
Wednesday,14,94124.0,Bayview,45,33996.0,6901.0,10812.0,9717.0,470400.0,50146.0
Wednesday,14,94127.0,Ingleside,5,19289.0,10895.0,7801.0,7511.0,916900.0,131351.0
Wednesday,14,94127.0,Taraval,9,19289.0,10895.0,7801.0,7511.0,916900.0,131351.0
Wednesday,14,94129.0,Central,2,3183.0,1381.0,1132.0,1086.0,,143320.0
Wednesday,14,94129.0,Taraval,1,3183.0,1381.0,1132.0,1086.0,,143320.0
Wednesday,14,94131.0,Ingleside,3,26881.0,12926.0,13427.0,12618.0,859700.0,96889.0
Wednesday,14,94131.0,Mission,2,26881.0,12926.0,13427.0,12618.0,859700.0,96889.0
Wednesday,14,94131.0,Park,8,26881.0,12926.0,13427.0,12618.0,859700.0,96889.0
Wednesday,14,94132.0,Ingleside,3,28129.0,9045.0,10769.0,9993.0,733100.0,69223.0
Wednesday,14,94132.0,Taraval,14,28129.0,9045.0,10769.0,9993.0,733100.0,69223.0
Wednesday,14,94134.0,Bayview,21,40798.0,17001.0,11867.0,11244.0,547800.0,56716.0
Wednesday,14,94134.0,Ingleside,26,40798.0,17001.0,11867.0,11244.0,547800.0,56716.0
Wednesday,14,94134.0,Southern,1,40798.0,17001.0,11867.0,11244.0,547800.0,56716.0
Wednesday,14,94158.0,Bayview,1,4792.0,7288.0,2482.0,2271.0,643900.0,82195.0
Wednesday,14,94158.0,Mission,2,4792.0,7288.0,2482.0,2271.0,643900.0,82195.0
Wednesday,14,94158.0,Out of SF,2,4792.0,7288.0,2482.0,2271.0,643900.0,82195.0
Wednesday,14,94158.0,Southern,10,4792.0,7288.0,2482.0,2271.0,643900.0,82195.0
Wednesday,15,94102.0,Mission,45,31176.0,46472.0,18758.0,16844.0,574100.0,22517.0
Wednesday,15,94102.0,Northern,62,31176.0,46472.0,18758.0,16844.0,574100.0,22517.0
Wednesday,15,94102.0,Southern,4,31176.0,46472.0,18758.0,16844.0,574100.0,22517.0
Wednesday,15,94102.0,Tenderloin,45,31176.0,46472.0,18758.0,16844.0,574100.0,22517.0
Wednesday,15,94103.0,Central,2,27170.0,20036.0,14778.0,13098.0,628000.0,43364.0
Wednesday,15,94103.0,Mission,6,27170.0,20036.0,14778.0,13098.0,628000.0,43364.0
Wednesday,15,94103.0,Northern,1,27170.0,20036.0,14778.0,13098.0,628000.0,43364.0
Wednesday,15,94103.0,Out of SF,2,27170.0,20036.0,14778.0,13098.0,628000.0,43364.0
Wednesday,15,94103.0,Southern,81,27170.0,20036.0,14778.0,13098.0,628000.0,43364.0
Wednesday,15,94103.0,Tenderloin,81,27170.0,20036.0,14778.0,13098.0,628000.0,43364.0
Wednesday,15,94104.0,Central,39,406.0,5232.0,368.0,207.0,1000001.0,48750.0
Wednesday,15,94104.0,Southern,1,406.0,5232.0,368.0,207.0,1000001.0,48750.0
Wednesday,15,94105.0,Central,8,5846.0,15826.0,4601.0,3586.0,740900.0,163949.0
Wednesday,15,94105.0,Southern,18,5846.0,15826.0,4601.0,3586.0,740900.0,163949.0
Wednesday,15,94107.0,Bayview,2,26599.0,14845.0,15141.0,13736.0,719700.0,114439.0
Wednesday,15,94108.0,Central,80,13768.0,50983.0,8843.0,7628.0,856900.0,35427.0
Wednesday,15,94108.0,Tenderloin,8,13768.0,50983.0,8843.0,7628.0,856900.0,35427.0
Wednesday,15,94109.0,Central,14,55984.0,47129.0,37182.0,33342.0,723200.0,60722.0
Wednesday,15,94109.0,Northern,28,55984.0,47129.0,37182.0,33342.0,723200.0,60722.0
Wednesday,15,94109.0,Tenderloin,6,55984.0,47129.0,37182.0,33342.0,723200.0,60722.0
Wednesday,15,94110.0,Bayview,14,69333.0,29816.0,28913.0,27128.0,768200.0,82111.0
Wednesday,15,94110.0,Ingleside,16,69333.0,29816.0,28913.0,27128.0,768200.0,82111.0
Wednesday,15,94110.0,Mission,59,69333.0,29816.0,28913.0,27128.0,768200.0,82111.0
Wednesday,15,94110.0,Out of SF,2,69333.0,29816.0,28913.0,27128.0,768200.0,82111.0
Wednesday,15,94110.0,Richmond,1,69333.0,29816.0,28913.0,27128.0,768200.0,82111.0
Wednesday,15,94111.0,Central,60,3713.0,10791.0,2811.0,2365.0,882000.0,89722.0
Wednesday,15,94111.0,Northern,1,3713.0,10791.0,2811.0,2365.0,882000.0,89722.0
Wednesday,15,94112.0,Ingleside,42,79407.0,23606.0,23081.0,21975.0,602400.0,71625.0
Wednesday,15,94112.0,Taraval,3,79407.0,23606.0,23081.0,21975.0,602400.0,71625.0
Wednesday,15,94114.0,Mission,23,31124.0,21837.0,17634.0,16281.0,1000001.0,114689.0
Wednesday,15,94114.0,Park,4,31124.0,21837.0,17634.0,16281.0,1000001.0,114689.0
Wednesday,15,94115.0,Northern,25,33021.0,29596.0,18884.0,17289.0,965800.0,76952.0
Wednesday,15,94115.0,Richmond,4,33021.0,29596.0,18884.0,17289.0,965800.0,76952.0
Wednesday,15,94116.0,Taraval,27,43698.0,16901.0,16283.0,15445.0,734400.0,83407.0
Wednesday,15,94117.0,Mission,3,39169.0,23211.0,19255.0,17939.0,911500.0,94479.0
Wednesday,15,94117.0,Northern,15,39169.0,23211.0,19255.0,17939.0,911500.0,94479.0
Wednesday,15,94117.0,Park,37,39169.0,23211.0,19255.0,17939.0,911500.0,94479.0
Wednesday,15,94118.0,Northern,1,38319.0,19663.0,18633.0,17171.0,1000001.0,82857.0
Wednesday,15,94118.0,Park,10,38319.0,19663.0,18633.0,17171.0,1000001.0,82857.0
Wednesday,15,94118.0,Richmond,36,38319.0,19663.0,18633.0,17171.0,1000001.0,82857.0
Wednesday,15,94122.0,Out of SF,2,56023.0,23699.0,23633.0,22162.0,774500.0,81768.0
Wednesday,15,94122.0,Park,7,56023.0,23699.0,23633.0,22162.0,774500.0,81768.0
Wednesday,15,94122.0,Richmond,30,56023.0,23699.0,23633.0,22162.0,774500.0,81768.0
Wednesday,15,94122.0,Taraval,29,56023.0,23699.0,23633.0,22162.0,774500.0,81768.0
Wednesday,15,94123.0,Central,1,23088.0,22622.0,15083.0,13717.0,1000001.0,112650.0
Wednesday,15,94123.0,Northern,38,23088.0,22622.0,15083.0,13717.0,1000001.0,112650.0
Wednesday,15,94124.0,Bayview,49,33996.0,6901.0,10812.0,9717.0,470400.0,50146.0
Wednesday,15,94124.0,Central,1,33996.0,6901.0,10812.0,9717.0,470400.0,50146.0
Wednesday,15,94127.0,Ingleside,1,19289.0,10895.0,7801.0,7511.0,916900.0,131351.0
Wednesday,15,94127.0,Taraval,9,19289.0,10895.0,7801.0,7511.0,916900.0,131351.0
Wednesday,15,94129.0,Central,3,3183.0,1381.0,1132.0,1086.0,,143320.0
Wednesday,15,94129.0,Richmond,1,3183.0,1381.0,1132.0,1086.0,,143320.0
Wednesday,15,94130.0,Southern,4,2880.0,3196.0,786.0,656.0,,37500.0
Wednesday,15,94131.0,Ingleside,10,26881.0,12926.0,13427.0,12618.0,859700.0,96889.0
Wednesday,15,94131.0,Mission,3,26881.0,12926.0,13427.0,12618.0,859700.0,96889.0
Wednesday,15,94131.0,Out of SF,1,26881.0,12926.0,13427.0,12618.0,859700.0,96889.0
Wednesday,15,94131.0,Park,7,26881.0,12926.0,13427.0,12618.0,859700.0,96889.0
Wednesday,15,94131.0,Taraval,1,26881.0,12926.0,13427.0,12618.0,859700.0,96889.0
Wednesday,15,94132.0,Taraval,29,28129.0,9045.0,10769.0,9993.0,733100.0,69223.0
Wednesday,15,94134.0,Bayview,21,40798.0,17001.0,11867.0,11244.0,547800.0,56716.0
Wednesday,15,94134.0,Ingleside,28,40798.0,17001.0,11867.0,11244.0,547800.0,56716.0
Wednesday,15,94158.0,Bayview,7,4792.0,7288.0,2482.0,2271.0,643900.0,82195.0
Wednesday,15,94158.0,Mission,5,4792.0,7288.0,2482.0,2271.0,643900.0,82195.0
Wednesday,15,94158.0,Out of SF,3,4792.0,7288.0,2482.0,2271.0,643900.0,82195.0
Wednesday,15,94158.0,Southern,25,4792.0,7288.0,2482.0,2271.0,643900.0,82195.0
Wednesday,16,94102.0,Mission,43,31176.0,46472.0,18758.0,16844.0,574100.0,22517.0
Wednesday,16,94102.0,Northern,49,31176.0,46472.0,18758.0,16844.0,574100.0,22517.0
Wednesday,16,94102.0,Southern,15,31176.0,46472.0,18758.0,16844.0,574100.0,22517.0
Wednesday,16,94102.0,Tenderloin,51,31176.0,46472.0,18758.0,16844.0,574100.0,22517.0
Wednesday,16,94103.0,Mission,6,27170.0,20036.0,14778.0,13098.0,628000.0,43364.0
Wednesday,16,94103.0,Out of SF,2,27170.0,20036.0,14778.0,13098.0,628000.0,43364.0
Wednesday,16,94103.0,Southern,73,27170.0,20036.0,14778.0,13098.0,628000.0,43364.0
Wednesday,16,94103.0,Tenderloin,67,27170.0,20036.0,14778.0,13098.0,628000.0,43364.0
Wednesday,16,94104.0,Central,36,406.0,5232.0,368.0,207.0,1000001.0,48750.0
Wednesday,16,94104.0,Southern,1,406.0,5232.0,368.0,207.0,1000001.0,48750.0
Wednesday,16,94104.0,Tenderloin,4,406.0,5232.0,368.0,207.0,1000001.0,48750.0
Wednesday,16,94105.0,Central,7,5846.0,15826.0,4601.0,3586.0,740900.0,163949.0
Wednesday,16,94105.0,Mission,1,5846.0,15826.0,4601.0,3586.0,740900.0,163949.0
Wednesday,16,94105.0,Southern,20,5846.0,15826.0,4601.0,3586.0,740900.0,163949.0
Wednesday,16,94107.0,Bayview,6,26599.0,14845.0,15141.0,13736.0,719700.0,114439.0
Wednesday,16,94107.0,Southern,1,26599.0,14845.0,15141.0,13736.0,719700.0,114439.0
Wednesday,16,94108.0,Central,56,13768.0,50983.0,8843.0,7628.0,856900.0,35427.0
Wednesday,16,94108.0,Tenderloin,6,13768.0,50983.0,8843.0,7628.0,856900.0,35427.0
Wednesday,16,94109.0,Central,16,55984.0,47129.0,37182.0,33342.0,723200.0,60722.0
Wednesday,16,94109.0,Northern,34,55984.0,47129.0,37182.0,33342.0,723200.0,60722.0
Wednesday,16,94109.0,Out of SF,1,55984.0,47129.0,37182.0,33342.0,723200.0,60722.0
Wednesday,16,94109.0,Tenderloin,4,55984.0,47129.0,37182.0,33342.0,723200.0,60722.0
Wednesday,16,94110.0,Bayview,13,69333.0,29816.0,28913.0,27128.0,768200.0,82111.0
Wednesday,16,94110.0,Ingleside,17,69333.0,29816.0,28913.0,27128.0,768200.0,82111.0
Wednesday,16,94110.0,Mission,72,69333.0,29816.0,28913.0,27128.0,768200.0,82111.0
Wednesday,16,94110.0,Out of SF,1,69333.0,29816.0,28913.0,27128.0,768200.0,82111.0
Wednesday,16,94110.0,Southern,3,69333.0,29816.0,28913.0,27128.0,768200.0,82111.0
Wednesday,16,94111.0,Central,49,3713.0,10791.0,2811.0,2365.0,882000.0,89722.0
Wednesday,16,94112.0,Ingleside,38,79407.0,23606.0,23081.0,21975.0,602400.0,71625.0
Wednesday,16,94112.0,Taraval,3,79407.0,23606.0,23081.0,21975.0,602400.0,71625.0
Wednesday,16,94114.0,Mission,14,31124.0,21837.0,17634.0,16281.0,1000001.0,114689.0
Wednesday,16,94114.0,Park,7,31124.0,21837.0,17634.0,16281.0,1000001.0,114689.0
Wednesday,16,94115.0,Northern,18,33021.0,29596.0,18884.0,17289.0,965800.0,76952.0
Wednesday,16,94115.0,Park,2,33021.0,29596.0,18884.0,17289.0,965800.0,76952.0
Wednesday,16,94115.0,Richmond,9,33021.0,29596.0,18884.0,17289.0,965800.0,76952.0
Wednesday,16,94116.0,Taraval,21,43698.0,16901.0,16283.0,15445.0,734400.0,83407.0
Wednesday,16,94117.0,Mission,10,39169.0,23211.0,19255.0,17939.0,911500.0,94479.0
Wednesday,16,94117.0,Northern,17,39169.0,23211.0,19255.0,17939.0,911500.0,94479.0
Wednesday,16,94117.0,Park,38,39169.0,23211.0,19255.0,17939.0,911500.0,94479.0
Wednesday,16,94117.0,Richmond,1,39169.0,23211.0,19255.0,17939.0,911500.0,94479.0
Wednesday,16,94117.0,Southern,1,39169.0,23211.0,19255.0,17939.0,911500.0,94479.0
Wednesday,16,94117.0,Tenderloin,1,39169.0,23211.0,19255.0,17939.0,911500.0,94479.0
Wednesday,16,94118.0,Park,8,38319.0,19663.0,18633.0,17171.0,1000001.0,82857.0
Wednesday,16,94118.0,Richmond,31,38319.0,19663.0,18633.0,17171.0,1000001.0,82857.0
Wednesday,16,94122.0,Bayview,1,56023.0,23699.0,23633.0,22162.0,774500.0,81768.0
Wednesday,16,94122.0,Park,1,56023.0,23699.0,23633.0,22162.0,774500.0,81768.0
Wednesday,16,94122.0,Richmond,35,56023.0,23699.0,23633.0,22162.0,774500.0,81768.0
Wednesday,16,94122.0,Taraval,14,56023.0,23699.0,23633.0,22162.0,774500.0,81768.0
Wednesday,16,94123.0,Northern,27,23088.0,22622.0,15083.0,13717.0,1000001.0,112650.0
Wednesday,16,94124.0,Bayview,38,33996.0,6901.0,10812.0,9717.0,470400.0,50146.0
Wednesday,16,94127.0,Ingleside,8,19289.0,10895.0,7801.0,7511.0,916900.0,131351.0
Wednesday,16,94127.0,Taraval,10,19289.0,10895.0,7801.0,7511.0,916900.0,131351.0
Wednesday,16,94129.0,Northern,1,3183.0,1381.0,1132.0,1086.0,,143320.0
Wednesday,16,94129.0,Richmond,3,3183.0,1381.0,1132.0,1086.0,,143320.0
Wednesday,16,94130.0,Southern,2,2880.0,3196.0,786.0,656.0,,37500.0
Wednesday,16,94131.0,Ingleside,2,26881.0,12926.0,13427.0,12618.0,859700.0,96889.0
Wednesday,16,94131.0,Mission,2,26881.0,12926.0,13427.0,12618.0,859700.0,96889.0
Wednesday,16,94131.0,Park,9,26881.0,12926.0,13427.0,12618.0,859700.0,96889.0
Wednesday,16,94132.0,Taraval,27,28129.0,9045.0,10769.0,9993.0,733100.0,69223.0
Wednesday,16,94134.0,Bayview,20,40798.0,17001.0,11867.0,11244.0,547800.0,56716.0
Wednesday,16,94134.0,Ingleside,14,40798.0,17001.0,11867.0,11244.0,547800.0,56716.0
Wednesday,16,94158.0,Bayview,11,4792.0,7288.0,2482.0,2271.0,643900.0,82195.0
Wednesday,16,94158.0,Mission,1,4792.0,7288.0,2482.0,2271.0,643900.0,82195.0
Wednesday,16,94158.0,Out of SF,2,4792.0,7288.0,2482.0,2271.0,643900.0,82195.0
Wednesday,16,94158.0,Southern,13,4792.0,7288.0,2482.0,2271.0,643900.0,82195.0
Wednesday,16,94158.0,Taraval,2,4792.0,7288.0,2482.0,2271.0,643900.0,82195.0
Wednesday,17,94102.0,Mission,18,31176.0,46472.0,18758.0,16844.0,574100.0,22517.0
Wednesday,17,94102.0,Northern,66,31176.0,46472.0,18758.0,16844.0,574100.0,22517.0
Wednesday,17,94102.0,Park,1,31176.0,46472.0,18758.0,16844.0,574100.0,22517.0
Wednesday,17,94102.0,Southern,9,31176.0,46472.0,18758.0,16844.0,574100.0,22517.0
Wednesday,17,94102.0,Tenderloin,46,31176.0,46472.0,18758.0,16844.0,574100.0,22517.0
Wednesday,17,94103.0,Central,3,27170.0,20036.0,14778.0,13098.0,628000.0,43364.0
Wednesday,17,94103.0,Ingleside,1,27170.0,20036.0,14778.0,13098.0,628000.0,43364.0
Wednesday,17,94103.0,Mission,6,27170.0,20036.0,14778.0,13098.0,628000.0,43364.0
Wednesday,17,94103.0,Out of SF,4,27170.0,20036.0,14778.0,13098.0,628000.0,43364.0
Wednesday,17,94103.0,Southern,77,27170.0,20036.0,14778.0,13098.0,628000.0,43364.0
Wednesday,17,94103.0,Tenderloin,95,27170.0,20036.0,14778.0,13098.0,628000.0,43364.0
Wednesday,17,94104.0,Central,44,406.0,5232.0,368.0,207.0,1000001.0,48750.0
Wednesday,17,94104.0,Tenderloin,5,406.0,5232.0,368.0,207.0,1000001.0,48750.0
Wednesday,17,94105.0,Central,7,5846.0,15826.0,4601.0,3586.0,740900.0,163949.0
Wednesday,17,94105.0,Southern,22,5846.0,15826.0,4601.0,3586.0,740900.0,163949.0
Wednesday,17,94107.0,Bayview,3,26599.0,14845.0,15141.0,13736.0,719700.0,114439.0
Wednesday,17,94107.0,Mission,1,26599.0,14845.0,15141.0,13736.0,719700.0,114439.0
Wednesday,17,94107.0,Southern,1,26599.0,14845.0,15141.0,13736.0,719700.0,114439.0
Wednesday,17,94108.0,Central,81,13768.0,50983.0,8843.0,7628.0,856900.0,35427.0
Wednesday,17,94108.0,Out of SF,1,13768.0,50983.0,8843.0,7628.0,856900.0,35427.0
Wednesday,17,94108.0,Tenderloin,10,13768.0,50983.0,8843.0,7628.0,856900.0,35427.0
Wednesday,17,94109.0,Central,14,55984.0,47129.0,37182.0,33342.0,723200.0,60722.0
Wednesday,17,94109.0,Northern,38,55984.0,47129.0,37182.0,33342.0,723200.0,60722.0
Wednesday,17,94109.0,Richmond,2,55984.0,47129.0,37182.0,33342.0,723200.0,60722.0
Wednesday,17,94109.0,Tenderloin,4,55984.0,47129.0,37182.0,33342.0,723200.0,60722.0
Wednesday,17,94110.0,Bayview,6,69333.0,29816.0,28913.0,27128.0,768200.0,82111.0
Wednesday,17,94110.0,Ingleside,23,69333.0,29816.0,28913.0,27128.0,768200.0,82111.0
Wednesday,17,94110.0,Mission,77,69333.0,29816.0,28913.0,27128.0,768200.0,82111.0
Wednesday,17,94111.0,Central,55,3713.0,10791.0,2811.0,2365.0,882000.0,89722.0
Wednesday,17,94111.0,Northern,1,3713.0,10791.0,2811.0,2365.0,882000.0,89722.0
Wednesday,17,94112.0,Ingleside,61,79407.0,23606.0,23081.0,21975.0,602400.0,71625.0
Wednesday,17,94112.0,Taraval,5,79407.0,23606.0,23081.0,21975.0,602400.0,71625.0
Wednesday,17,94114.0,Mission,20,31124.0,21837.0,17634.0,16281.0,1000001.0,114689.0
Wednesday,17,94114.0,Park,7,31124.0,21837.0,17634.0,16281.0,1000001.0,114689.0
Wednesday,17,94115.0,Northern,38,33021.0,29596.0,18884.0,17289.0,965800.0,76952.0
Wednesday,17,94115.0,Park,1,33021.0,29596.0,18884.0,17289.0,965800.0,76952.0
Wednesday,17,94115.0,Richmond,13,33021.0,29596.0,18884.0,17289.0,965800.0,76952.0
Wednesday,17,94116.0,Out of SF,3,43698.0,16901.0,16283.0,15445.0,734400.0,83407.0
Wednesday,17,94116.0,Taraval,35,43698.0,16901.0,16283.0,15445.0,734400.0,83407.0
Wednesday,17,94117.0,Mission,8,39169.0,23211.0,19255.0,17939.0,911500.0,94479.0
Wednesday,17,94117.0,Northern,6,39169.0,23211.0,19255.0,17939.0,911500.0,94479.0
Wednesday,17,94117.0,Park,36,39169.0,23211.0,19255.0,17939.0,911500.0,94479.0
Wednesday,17,94118.0,Park,2,38319.0,19663.0,18633.0,17171.0,1000001.0,82857.0
Wednesday,17,94118.0,Richmond,33,38319.0,19663.0,18633.0,17171.0,1000001.0,82857.0
Wednesday,17,94122.0,Out of SF,2,56023.0,23699.0,23633.0,22162.0,774500.0,81768.0
Wednesday,17,94122.0,Richmond,26,56023.0,23699.0,23633.0,22162.0,774500.0,81768.0
Wednesday,17,94122.0,Taraval,26,56023.0,23699.0,23633.0,22162.0,774500.0,81768.0
Wednesday,17,94123.0,Northern,33,23088.0,22622.0,15083.0,13717.0,1000001.0,112650.0
Wednesday,17,94124.0,Bayview,54,33996.0,6901.0,10812.0,9717.0,470400.0,50146.0
Wednesday,17,94124.0,Park,1,33996.0,6901.0,10812.0,9717.0,470400.0,50146.0
Wednesday,17,94127.0,Ingleside,10,19289.0,10895.0,7801.0,7511.0,916900.0,131351.0
Wednesday,17,94127.0,Taraval,5,19289.0,10895.0,7801.0,7511.0,916900.0,131351.0
Wednesday,17,94129.0,Richmond,1,3183.0,1381.0,1132.0,1086.0,,143320.0
Wednesday,17,94130.0,Southern,4,2880.0,3196.0,786.0,656.0,,37500.0
Wednesday,17,94131.0,Ingleside,3,26881.0,12926.0,13427.0,12618.0,859700.0,96889.0
Wednesday,17,94131.0,Mission,2,26881.0,12926.0,13427.0,12618.0,859700.0,96889.0
Wednesday,17,94131.0,Park,6,26881.0,12926.0,13427.0,12618.0,859700.0,96889.0
Wednesday,17,94132.0,Taraval,22,28129.0,9045.0,10769.0,9993.0,733100.0,69223.0
Wednesday,17,94134.0,Bayview,29,40798.0,17001.0,11867.0,11244.0,547800.0,56716.0
Wednesday,17,94134.0,Ingleside,23,40798.0,17001.0,11867.0,11244.0,547800.0,56716.0
Wednesday,17,94134.0,Mission,2,40798.0,17001.0,11867.0,11244.0,547800.0,56716.0
Wednesday,17,94158.0,Bayview,13,4792.0,7288.0,2482.0,2271.0,643900.0,82195.0
Wednesday,17,94158.0,Mission,8,4792.0,7288.0,2482.0,2271.0,643900.0,82195.0
Wednesday,17,94158.0,Out of SF,1,4792.0,7288.0,2482.0,2271.0,643900.0,82195.0
Wednesday,17,94158.0,Southern,26,4792.0,7288.0,2482.0,2271.0,643900.0,82195.0
Wednesday,18,94102.0,Mission,36,31176.0,46472.0,18758.0,16844.0,574100.0,22517.0
Wednesday,18,94102.0,Northern,84,31176.0,46472.0,18758.0,16844.0,574100.0,22517.0
Wednesday,18,94102.0,Park,5,31176.0,46472.0,18758.0,16844.0,574100.0,22517.0
Wednesday,18,94102.0,Southern,20,31176.0,46472.0,18758.0,16844.0,574100.0,22517.0
Wednesday,18,94102.0,Tenderloin,42,31176.0,46472.0,18758.0,16844.0,574100.0,22517.0
Wednesday,18,94103.0,Mission,9,27170.0,20036.0,14778.0,13098.0,628000.0,43364.0
Wednesday,18,94103.0,Out of SF,3,27170.0,20036.0,14778.0,13098.0,628000.0,43364.0
Wednesday,18,94103.0,Southern,45,27170.0,20036.0,14778.0,13098.0,628000.0,43364.0
Wednesday,18,94103.0,Tenderloin,82,27170.0,20036.0,14778.0,13098.0,628000.0,43364.0
Wednesday,18,94104.0,Central,60,406.0,5232.0,368.0,207.0,1000001.0,48750.0
Wednesday,18,94104.0,Southern,4,406.0,5232.0,368.0,207.0,1000001.0,48750.0
Wednesday,18,94104.0,Tenderloin,1,406.0,5232.0,368.0,207.0,1000001.0,48750.0
Wednesday,18,94105.0,Central,11,5846.0,15826.0,4601.0,3586.0,740900.0,163949.0
Wednesday,18,94105.0,Southern,35,5846.0,15826.0,4601.0,3586.0,740900.0,163949.0
Wednesday,18,94107.0,Bayview,16,26599.0,14845.0,15141.0,13736.0,719700.0,114439.0
Wednesday,18,94107.0,Central,1,26599.0,14845.0,15141.0,13736.0,719700.0,114439.0
Wednesday,18,94107.0,Southern,1,26599.0,14845.0,15141.0,13736.0,719700.0,114439.0
Wednesday,18,94108.0,Central,84,13768.0,50983.0,8843.0,7628.0,856900.0,35427.0
Wednesday,18,94108.0,Out of SF,2,13768.0,50983.0,8843.0,7628.0,856900.0,35427.0
Wednesday,18,94108.0,Tenderloin,8,13768.0,50983.0,8843.0,7628.0,856900.0,35427.0
Wednesday,18,94109.0,Central,18,55984.0,47129.0,37182.0,33342.0,723200.0,60722.0
Wednesday,18,94109.0,Northern,42,55984.0,47129.0,37182.0,33342.0,723200.0,60722.0
Wednesday,18,94109.0,Tenderloin,7,55984.0,47129.0,37182.0,33342.0,723200.0,60722.0
Wednesday,18,94110.0,Bayview,11,69333.0,29816.0,28913.0,27128.0,768200.0,82111.0
Wednesday,18,94110.0,Ingleside,15,69333.0,29816.0,28913.0,27128.0,768200.0,82111.0
Wednesday,18,94110.0,Mission,90,69333.0,29816.0,28913.0,27128.0,768200.0,82111.0
Wednesday,18,94111.0,Central,54,3713.0,10791.0,2811.0,2365.0,882000.0,89722.0
Wednesday,18,94112.0,Ingleside,18,79407.0,23606.0,23081.0,21975.0,602400.0,71625.0
Wednesday,18,94112.0,Taraval,5,79407.0,23606.0,23081.0,21975.0,602400.0,71625.0
Wednesday,18,94114.0,Central,1,31124.0,21837.0,17634.0,16281.0,1000001.0,114689.0
Wednesday,18,94114.0,Ingleside,1,31124.0,21837.0,17634.0,16281.0,1000001.0,114689.0
Wednesday,18,94114.0,Mission,20,31124.0,21837.0,17634.0,16281.0,1000001.0,114689.0
Wednesday,18,94114.0,Park,12,31124.0,21837.0,17634.0,16281.0,1000001.0,114689.0
Wednesday,18,94115.0,Northern,21,33021.0,29596.0,18884.0,17289.0,965800.0,76952.0
Wednesday,18,94115.0,Richmond,12,33021.0,29596.0,18884.0,17289.0,965800.0,76952.0
Wednesday,18,94116.0,Out of SF,5,43698.0,16901.0,16283.0,15445.0,734400.0,83407.0
Wednesday,18,94116.0,Taraval,31,43698.0,16901.0,16283.0,15445.0,734400.0,83407.0
Wednesday,18,94117.0,Mission,9,39169.0,23211.0,19255.0,17939.0,911500.0,94479.0
Wednesday,18,94117.0,Northern,11,39169.0,23211.0,19255.0,17939.0,911500.0,94479.0
Wednesday,18,94117.0,Park,46,39169.0,23211.0,19255.0,17939.0,911500.0,94479.0
Wednesday,18,94118.0,Park,3,38319.0,19663.0,18633.0,17171.0,1000001.0,82857.0
Wednesday,18,94118.0,Richmond,45,38319.0,19663.0,18633.0,17171.0,1000001.0,82857.0
Wednesday,18,94122.0,Park,3,56023.0,23699.0,23633.0,22162.0,774500.0,81768.0
Wednesday,18,94122.0,Richmond,30,56023.0,23699.0,23633.0,22162.0,774500.0,81768.0
Wednesday,18,94122.0,Taraval,28,56023.0,23699.0,23633.0,22162.0,774500.0,81768.0
Wednesday,18,94123.0,Northern,45,23088.0,22622.0,15083.0,13717.0,1000001.0,112650.0
Wednesday,18,94124.0,Bayview,53,33996.0,6901.0,10812.0,9717.0,470400.0,50146.0
Wednesday,18,94124.0,Out of SF,2,33996.0,6901.0,10812.0,9717.0,470400.0,50146.0
Wednesday,18,94127.0,Ingleside,2,19289.0,10895.0,7801.0,7511.0,916900.0,131351.0
Wednesday,18,94127.0,Taraval,8,19289.0,10895.0,7801.0,7511.0,916900.0,131351.0
Wednesday,18,94129.0,Central,2,3183.0,1381.0,1132.0,1086.0,,143320.0
Wednesday,18,94130.0,Southern,2,2880.0,3196.0,786.0,656.0,,37500.0
Wednesday,18,94131.0,Ingleside,10,26881.0,12926.0,13427.0,12618.0,859700.0,96889.0
Wednesday,18,94131.0,Mission,6,26881.0,12926.0,13427.0,12618.0,859700.0,96889.0
Wednesday,18,94131.0,Park,1,26881.0,12926.0,13427.0,12618.0,859700.0,96889.0
Wednesday,18,94132.0,Taraval,18,28129.0,9045.0,10769.0,9993.0,733100.0,69223.0
Wednesday,18,94134.0,Bayview,14,40798.0,17001.0,11867.0,11244.0,547800.0,56716.0
Wednesday,18,94134.0,Ingleside,25,40798.0,17001.0,11867.0,11244.0,547800.0,56716.0
Wednesday,18,94158.0,Bayview,11,4792.0,7288.0,2482.0,2271.0,643900.0,82195.0
Wednesday,18,94158.0,Mission,9,4792.0,7288.0,2482.0,2271.0,643900.0,82195.0
Wednesday,18,94158.0,Out of SF,5,4792.0,7288.0,2482.0,2271.0,643900.0,82195.0
Wednesday,18,94158.0,Park,1,4792.0,7288.0,2482.0,2271.0,643900.0,82195.0
Wednesday,18,94158.0,Southern,30,4792.0,7288.0,2482.0,2271.0,643900.0,82195.0
Wednesday,18,94158.0,Taraval,1,4792.0,7288.0,2482.0,2271.0,643900.0,82195.0
Wednesday,19,94102.0,Mission,32,31176.0,46472.0,18758.0,16844.0,574100.0,22517.0
Wednesday,19,94102.0,Northern,62,31176.0,46472.0,18758.0,16844.0,574100.0,22517.0
Wednesday,19,94102.0,Southern,8,31176.0,46472.0,18758.0,16844.0,574100.0,22517.0
Wednesday,19,94102.0,Tenderloin,29,31176.0,46472.0,18758.0,16844.0,574100.0,22517.0
Wednesday,19,94103.0,Central,1,27170.0,20036.0,14778.0,13098.0,628000.0,43364.0
Wednesday,19,94103.0,Mission,7,27170.0,20036.0,14778.0,13098.0,628000.0,43364.0
Wednesday,19,94103.0,Southern,60,27170.0,20036.0,14778.0,13098.0,628000.0,43364.0
Wednesday,19,94103.0,Tenderloin,81,27170.0,20036.0,14778.0,13098.0,628000.0,43364.0
Wednesday,19,94104.0,Central,67,406.0,5232.0,368.0,207.0,1000001.0,48750.0
Wednesday,19,94104.0,Southern,6,406.0,5232.0,368.0,207.0,1000001.0,48750.0
Wednesday,19,94104.0,Tenderloin,3,406.0,5232.0,368.0,207.0,1000001.0,48750.0
Wednesday,19,94105.0,Central,9,5846.0,15826.0,4601.0,3586.0,740900.0,163949.0
Wednesday,19,94105.0,Southern,35,5846.0,15826.0,4601.0,3586.0,740900.0,163949.0
Wednesday,19,94107.0,Bayview,21,26599.0,14845.0,15141.0,13736.0,719700.0,114439.0
Wednesday,19,94107.0,Southern,1,26599.0,14845.0,15141.0,13736.0,719700.0,114439.0
Wednesday,19,94108.0,Central,52,13768.0,50983.0,8843.0,7628.0,856900.0,35427.0
Wednesday,19,94108.0,Tenderloin,3,13768.0,50983.0,8843.0,7628.0,856900.0,35427.0
Wednesday,19,94109.0,Central,13,55984.0,47129.0,37182.0,33342.0,723200.0,60722.0
Wednesday,19,94109.0,Northern,49,55984.0,47129.0,37182.0,33342.0,723200.0,60722.0
Wednesday,19,94109.0,Tenderloin,4,55984.0,47129.0,37182.0,33342.0,723200.0,60722.0
Wednesday,19,94110.0,Bayview,16,69333.0,29816.0,28913.0,27128.0,768200.0,82111.0
Wednesday,19,94110.0,Ingleside,19,69333.0,29816.0,28913.0,27128.0,768200.0,82111.0
Wednesday,19,94110.0,Mission,94,69333.0,29816.0,28913.0,27128.0,768200.0,82111.0
Wednesday,19,94111.0,Central,73,3713.0,10791.0,2811.0,2365.0,882000.0,89722.0
Wednesday,19,94111.0,Southern,1,3713.0,10791.0,2811.0,2365.0,882000.0,89722.0
Wednesday,19,94112.0,Ingleside,31,79407.0,23606.0,23081.0,21975.0,602400.0,71625.0
Wednesday,19,94112.0,Out of SF,1,79407.0,23606.0,23081.0,21975.0,602400.0,71625.0
Wednesday,19,94112.0,Taraval,2,79407.0,23606.0,23081.0,21975.0,602400.0,71625.0
Wednesday,19,94114.0,Mission,27,31124.0,21837.0,17634.0,16281.0,1000001.0,114689.0
Wednesday,19,94114.0,Park,9,31124.0,21837.0,17634.0,16281.0,1000001.0,114689.0
Wednesday,19,94115.0,Central,1,33021.0,29596.0,18884.0,17289.0,965800.0,76952.0
Wednesday,19,94115.0,Northern,36,33021.0,29596.0,18884.0,17289.0,965800.0,76952.0
Wednesday,19,94115.0,Richmond,12,33021.0,29596.0,18884.0,17289.0,965800.0,76952.0
Wednesday,19,94116.0,Out of SF,1,43698.0,16901.0,16283.0,15445.0,734400.0,83407.0
Wednesday,19,94116.0,Taraval,21,43698.0,16901.0,16283.0,15445.0,734400.0,83407.0
Wednesday,19,94117.0,Mission,5,39169.0,23211.0,19255.0,17939.0,911500.0,94479.0
Wednesday,19,94117.0,Northern,16,39169.0,23211.0,19255.0,17939.0,911500.0,94479.0
Wednesday,19,94117.0,Park,31,39169.0,23211.0,19255.0,17939.0,911500.0,94479.0
Wednesday,19,94118.0,Park,3,38319.0,19663.0,18633.0,17171.0,1000001.0,82857.0
Wednesday,19,94118.0,Richmond,38,38319.0,19663.0,18633.0,17171.0,1000001.0,82857.0
Wednesday,19,94122.0,Northern,2,56023.0,23699.0,23633.0,22162.0,774500.0,81768.0
Wednesday,19,94122.0,Park,1,56023.0,23699.0,23633.0,22162.0,774500.0,81768.0
Wednesday,19,94122.0,Richmond,19,56023.0,23699.0,23633.0,22162.0,774500.0,81768.0
Wednesday,19,94122.0,Taraval,30,56023.0,23699.0,23633.0,22162.0,774500.0,81768.0
Wednesday,19,94123.0,Northern,31,23088.0,22622.0,15083.0,13717.0,1000001.0,112650.0
Wednesday,19,94124.0,Bayview,53,33996.0,6901.0,10812.0,9717.0,470400.0,50146.0
Wednesday,19,94127.0,Ingleside,5,19289.0,10895.0,7801.0,7511.0,916900.0,131351.0
Wednesday,19,94127.0,Taraval,9,19289.0,10895.0,7801.0,7511.0,916900.0,131351.0
Wednesday,19,94130.0,Southern,1,2880.0,3196.0,786.0,656.0,,37500.0
Wednesday,19,94131.0,Ingleside,12,26881.0,12926.0,13427.0,12618.0,859700.0,96889.0
Wednesday,19,94131.0,Mission,5,26881.0,12926.0,13427.0,12618.0,859700.0,96889.0
Wednesday,19,94131.0,Park,10,26881.0,12926.0,13427.0,12618.0,859700.0,96889.0
Wednesday,19,94131.0,Taraval,2,26881.0,12926.0,13427.0,12618.0,859700.0,96889.0
Wednesday,19,94132.0,Taraval,6,28129.0,9045.0,10769.0,9993.0,733100.0,69223.0
Wednesday,19,94134.0,Bayview,16,40798.0,17001.0,11867.0,11244.0,547800.0,56716.0
Wednesday,19,94134.0,Ingleside,7,40798.0,17001.0,11867.0,11244.0,547800.0,56716.0
Wednesday,19,94158.0,Bayview,15,4792.0,7288.0,2482.0,2271.0,643900.0,82195.0
Wednesday,19,94158.0,Mission,6,4792.0,7288.0,2482.0,2271.0,643900.0,82195.0
Wednesday,19,94158.0,Southern,16,4792.0,7288.0,2482.0,2271.0,643900.0,82195.0
Wednesday,20,94102.0,Mission,15,31176.0,46472.0,18758.0,16844.0,574100.0,22517.0
Wednesday,20,94102.0,Northern,67,31176.0,46472.0,18758.0,16844.0,574100.0,22517.0
Wednesday,20,94102.0,Park,1,31176.0,46472.0,18758.0,16844.0,574100.0,22517.0
Wednesday,20,94102.0,Southern,3,31176.0,46472.0,18758.0,16844.0,574100.0,22517.0
Wednesday,20,94102.0,Tenderloin,11,31176.0,46472.0,18758.0,16844.0,574100.0,22517.0
Wednesday,20,94103.0,Mission,23,27170.0,20036.0,14778.0,13098.0,628000.0,43364.0
Wednesday,20,94103.0,Out of SF,1,27170.0,20036.0,14778.0,13098.0,628000.0,43364.0
Wednesday,20,94103.0,Southern,50,27170.0,20036.0,14778.0,13098.0,628000.0,43364.0
Wednesday,20,94103.0,Tenderloin,40,27170.0,20036.0,14778.0,13098.0,628000.0,43364.0
Wednesday,20,94104.0,Central,48,406.0,5232.0,368.0,207.0,1000001.0,48750.0
Wednesday,20,94104.0,Southern,9,406.0,5232.0,368.0,207.0,1000001.0,48750.0
Wednesday,20,94104.0,Tenderloin,7,406.0,5232.0,368.0,207.0,1000001.0,48750.0
Wednesday,20,94105.0,Central,12,5846.0,15826.0,4601.0,3586.0,740900.0,163949.0
Wednesday,20,94105.0,Southern,28,5846.0,15826.0,4601.0,3586.0,740900.0,163949.0
Wednesday,20,94107.0,Bayview,6,26599.0,14845.0,15141.0,13736.0,719700.0,114439.0
Wednesday,20,94107.0,Southern,2,26599.0,14845.0,15141.0,13736.0,719700.0,114439.0
Wednesday,20,94108.0,Central,61,13768.0,50983.0,8843.0,7628.0,856900.0,35427.0
Wednesday,20,94108.0,Out of SF,3,13768.0,50983.0,8843.0,7628.0,856900.0,35427.0
Wednesday,20,94108.0,Tenderloin,4,13768.0,50983.0,8843.0,7628.0,856900.0,35427.0
Wednesday,20,94109.0,Central,13,55984.0,47129.0,37182.0,33342.0,723200.0,60722.0
Wednesday,20,94109.0,Northern,37,55984.0,47129.0,37182.0,33342.0,723200.0,60722.0
Wednesday,20,94109.0,Tenderloin,3,55984.0,47129.0,37182.0,33342.0,723200.0,60722.0
Wednesday,20,94110.0,Bayview,17,69333.0,29816.0,28913.0,27128.0,768200.0,82111.0
Wednesday,20,94110.0,Ingleside,22,69333.0,29816.0,28913.0,27128.0,768200.0,82111.0
Wednesday,20,94110.0,Mission,63,69333.0,29816.0,28913.0,27128.0,768200.0,82111.0
Wednesday,20,94110.0,Out of SF,3,69333.0,29816.0,28913.0,27128.0,768200.0,82111.0
Wednesday,20,94111.0,Central,74,3713.0,10791.0,2811.0,2365.0,882000.0,89722.0
Wednesday,20,94112.0,Ingleside,37,79407.0,23606.0,23081.0,21975.0,602400.0,71625.0
Wednesday,20,94112.0,Out of SF,1,79407.0,23606.0,23081.0,21975.0,602400.0,71625.0
Wednesday,20,94114.0,Ingleside,1,31124.0,21837.0,17634.0,16281.0,1000001.0,114689.0
Wednesday,20,94114.0,Mission,21,31124.0,21837.0,17634.0,16281.0,1000001.0,114689.0
Wednesday,20,94114.0,Park,6,31124.0,21837.0,17634.0,16281.0,1000001.0,114689.0
Wednesday,20,94115.0,Northern,35,33021.0,29596.0,18884.0,17289.0,965800.0,76952.0
Wednesday,20,94115.0,Park,2,33021.0,29596.0,18884.0,17289.0,965800.0,76952.0
Wednesday,20,94115.0,Richmond,8,33021.0,29596.0,18884.0,17289.0,965800.0,76952.0
Wednesday,20,94116.0,Taraval,15,43698.0,16901.0,16283.0,15445.0,734400.0,83407.0
Wednesday,20,94117.0,Mission,9,39169.0,23211.0,19255.0,17939.0,911500.0,94479.0
Wednesday,20,94117.0,Northern,8,39169.0,23211.0,19255.0,17939.0,911500.0,94479.0
Wednesday,20,94117.0,Park,21,39169.0,23211.0,19255.0,17939.0,911500.0,94479.0
Wednesday,20,94118.0,Northern,1,38319.0,19663.0,18633.0,17171.0,1000001.0,82857.0
Wednesday,20,94118.0,Out of SF,1,38319.0,19663.0,18633.0,17171.0,1000001.0,82857.0
Wednesday,20,94118.0,Park,4,38319.0,19663.0,18633.0,17171.0,1000001.0,82857.0
Wednesday,20,94118.0,Richmond,32,38319.0,19663.0,18633.0,17171.0,1000001.0,82857.0
Wednesday,20,94122.0,Park,2,56023.0,23699.0,23633.0,22162.0,774500.0,81768.0
Wednesday,20,94122.0,Richmond,26,56023.0,23699.0,23633.0,22162.0,774500.0,81768.0
Wednesday,20,94122.0,Taraval,21,56023.0,23699.0,23633.0,22162.0,774500.0,81768.0
Wednesday,20,94123.0,Central,2,23088.0,22622.0,15083.0,13717.0,1000001.0,112650.0
Wednesday,20,94123.0,Northern,27,23088.0,22622.0,15083.0,13717.0,1000001.0,112650.0
Wednesday,20,94124.0,Bayview,39,33996.0,6901.0,10812.0,9717.0,470400.0,50146.0
Wednesday,20,94124.0,Central,1,33996.0,6901.0,10812.0,9717.0,470400.0,50146.0
Wednesday,20,94127.0,Ingleside,2,19289.0,10895.0,7801.0,7511.0,916900.0,131351.0
Wednesday,20,94127.0,Park,2,19289.0,10895.0,7801.0,7511.0,916900.0,131351.0
Wednesday,20,94127.0,Taraval,13,19289.0,10895.0,7801.0,7511.0,916900.0,131351.0
Wednesday,20,94130.0,Southern,9,2880.0,3196.0,786.0,656.0,,37500.0
Wednesday,20,94131.0,Ingleside,8,26881.0,12926.0,13427.0,12618.0,859700.0,96889.0
Wednesday,20,94131.0,Mission,2,26881.0,12926.0,13427.0,12618.0,859700.0,96889.0
Wednesday,20,94131.0,Park,9,26881.0,12926.0,13427.0,12618.0,859700.0,96889.0
Wednesday,20,94131.0,Southern,1,26881.0,12926.0,13427.0,12618.0,859700.0,96889.0
Wednesday,20,94132.0,Taraval,13,28129.0,9045.0,10769.0,9993.0,733100.0,69223.0
Wednesday,20,94134.0,Bayview,23,40798.0,17001.0,11867.0,11244.0,547800.0,56716.0
Wednesday,20,94134.0,Ingleside,22,40798.0,17001.0,11867.0,11244.0,547800.0,56716.0
Wednesday,20,94134.0,Northern,1,40798.0,17001.0,11867.0,11244.0,547800.0,56716.0
Wednesday,20,94134.0,Out of SF,3,40798.0,17001.0,11867.0,11244.0,547800.0,56716.0
Wednesday,20,94158.0,Bayview,10,4792.0,7288.0,2482.0,2271.0,643900.0,82195.0
Wednesday,20,94158.0,Mission,3,4792.0,7288.0,2482.0,2271.0,643900.0,82195.0
Wednesday,20,94158.0,Out of SF,3,4792.0,7288.0,2482.0,2271.0,643900.0,82195.0
Wednesday,20,94158.0,Southern,15,4792.0,7288.0,2482.0,2271.0,643900.0,82195.0
Wednesday,21,94102.0,Mission,15,31176.0,46472.0,18758.0,16844.0,574100.0,22517.0
Wednesday,21,94102.0,Northern,44,31176.0,46472.0,18758.0,16844.0,574100.0,22517.0
Wednesday,21,94102.0,Park,3,31176.0,46472.0,18758.0,16844.0,574100.0,22517.0
Wednesday,21,94102.0,Southern,6,31176.0,46472.0,18758.0,16844.0,574100.0,22517.0
Wednesday,21,94102.0,Tenderloin,17,31176.0,46472.0,18758.0,16844.0,574100.0,22517.0
Wednesday,21,94103.0,Mission,5,27170.0,20036.0,14778.0,13098.0,628000.0,43364.0
Wednesday,21,94103.0,Southern,44,27170.0,20036.0,14778.0,13098.0,628000.0,43364.0
Wednesday,21,94103.0,Tenderloin,43,27170.0,20036.0,14778.0,13098.0,628000.0,43364.0
Wednesday,21,94104.0,Central,31,406.0,5232.0,368.0,207.0,1000001.0,48750.0
Wednesday,21,94104.0,Southern,8,406.0,5232.0,368.0,207.0,1000001.0,48750.0
Wednesday,21,94104.0,Tenderloin,2,406.0,5232.0,368.0,207.0,1000001.0,48750.0
Wednesday,21,94105.0,Central,1,5846.0,15826.0,4601.0,3586.0,740900.0,163949.0
Wednesday,21,94105.0,Southern,35,5846.0,15826.0,4601.0,3586.0,740900.0,163949.0
Wednesday,21,94107.0,Bayview,4,26599.0,14845.0,15141.0,13736.0,719700.0,114439.0
Wednesday,21,94107.0,Southern,2,26599.0,14845.0,15141.0,13736.0,719700.0,114439.0
Wednesday,21,94108.0,Central,53,13768.0,50983.0,8843.0,7628.0,856900.0,35427.0
Wednesday,21,94108.0,Tenderloin,10,13768.0,50983.0,8843.0,7628.0,856900.0,35427.0
Wednesday,21,94109.0,Central,12,55984.0,47129.0,37182.0,33342.0,723200.0,60722.0
Wednesday,21,94109.0,Northern,34,55984.0,47129.0,37182.0,33342.0,723200.0,60722.0
Wednesday,21,94109.0,Tenderloin,1,55984.0,47129.0,37182.0,33342.0,723200.0,60722.0
Wednesday,21,94110.0,Bayview,4,69333.0,29816.0,28913.0,27128.0,768200.0,82111.0
Wednesday,21,94110.0,Ingleside,12,69333.0,29816.0,28913.0,27128.0,768200.0,82111.0
Wednesday,21,94110.0,Mission,87,69333.0,29816.0,28913.0,27128.0,768200.0,82111.0
Wednesday,21,94110.0,Out of SF,2,69333.0,29816.0,28913.0,27128.0,768200.0,82111.0
Wednesday,21,94110.0,Southern,1,69333.0,29816.0,28913.0,27128.0,768200.0,82111.0
Wednesday,21,94111.0,Central,55,3713.0,10791.0,2811.0,2365.0,882000.0,89722.0
Wednesday,21,94112.0,Ingleside,16,79407.0,23606.0,23081.0,21975.0,602400.0,71625.0
Wednesday,21,94114.0,Mission,31,31124.0,21837.0,17634.0,16281.0,1000001.0,114689.0
Wednesday,21,94114.0,Park,7,31124.0,21837.0,17634.0,16281.0,1000001.0,114689.0
Wednesday,21,94115.0,Northern,25,33021.0,29596.0,18884.0,17289.0,965800.0,76952.0
Wednesday,21,94115.0,Richmond,10,33021.0,29596.0,18884.0,17289.0,965800.0,76952.0
Wednesday,21,94116.0,Bayview,1,43698.0,16901.0,16283.0,15445.0,734400.0,83407.0
Wednesday,21,94116.0,Taraval,31,43698.0,16901.0,16283.0,15445.0,734400.0,83407.0
Wednesday,21,94117.0,Mission,10,39169.0,23211.0,19255.0,17939.0,911500.0,94479.0
Wednesday,21,94117.0,Northern,15,39169.0,23211.0,19255.0,17939.0,911500.0,94479.0
Wednesday,21,94117.0,Park,24,39169.0,23211.0,19255.0,17939.0,911500.0,94479.0
Wednesday,21,94117.0,Tenderloin,3,39169.0,23211.0,19255.0,17939.0,911500.0,94479.0
Wednesday,21,94118.0,Park,3,38319.0,19663.0,18633.0,17171.0,1000001.0,82857.0
Wednesday,21,94118.0,Richmond,30,38319.0,19663.0,18633.0,17171.0,1000001.0,82857.0
Wednesday,21,94122.0,Richmond,19,56023.0,23699.0,23633.0,22162.0,774500.0,81768.0
Wednesday,21,94122.0,Taraval,21,56023.0,23699.0,23633.0,22162.0,774500.0,81768.0
Wednesday,21,94123.0,Northern,23,23088.0,22622.0,15083.0,13717.0,1000001.0,112650.0
Wednesday,21,94123.0,Park,1,23088.0,22622.0,15083.0,13717.0,1000001.0,112650.0
Wednesday,21,94123.0,Richmond,1,23088.0,22622.0,15083.0,13717.0,1000001.0,112650.0
Wednesday,21,94124.0,Bayview,36,33996.0,6901.0,10812.0,9717.0,470400.0,50146.0
Wednesday,21,94127.0,Ingleside,3,19289.0,10895.0,7801.0,7511.0,916900.0,131351.0
Wednesday,21,94127.0,Taraval,18,19289.0,10895.0,7801.0,7511.0,916900.0,131351.0
Wednesday,21,94130.0,Central,1,2880.0,3196.0,786.0,656.0,,37500.0
Wednesday,21,94131.0,Ingleside,8,26881.0,12926.0,13427.0,12618.0,859700.0,96889.0
Wednesday,21,94131.0,Mission,12,26881.0,12926.0,13427.0,12618.0,859700.0,96889.0
Wednesday,21,94131.0,Northern,1,26881.0,12926.0,13427.0,12618.0,859700.0,96889.0
Wednesday,21,94131.0,Park,7,26881.0,12926.0,13427.0,12618.0,859700.0,96889.0
Wednesday,21,94132.0,Taraval,12,28129.0,9045.0,10769.0,9993.0,733100.0,69223.0
Wednesday,21,94134.0,Bayview,14,40798.0,17001.0,11867.0,11244.0,547800.0,56716.0
Wednesday,21,94134.0,Ingleside,6,40798.0,17001.0,11867.0,11244.0,547800.0,56716.0
Wednesday,21,94158.0,Bayview,11,4792.0,7288.0,2482.0,2271.0,643900.0,82195.0
Wednesday,21,94158.0,Mission,2,4792.0,7288.0,2482.0,2271.0,643900.0,82195.0
Wednesday,21,94158.0,Out of SF,1,4792.0,7288.0,2482.0,2271.0,643900.0,82195.0
Wednesday,21,94158.0,Southern,19,4792.0,7288.0,2482.0,2271.0,643900.0,82195.0
Wednesday,22,94102.0,Mission,13,31176.0,46472.0,18758.0,16844.0,574100.0,22517.0
Wednesday,22,94102.0,Northern,45,31176.0,46472.0,18758.0,16844.0,574100.0,22517.0
Wednesday,22,94102.0,Southern,9,31176.0,46472.0,18758.0,16844.0,574100.0,22517.0
Wednesday,22,94102.0,Tenderloin,19,31176.0,46472.0,18758.0,16844.0,574100.0,22517.0
Wednesday,22,94103.0,Central,1,27170.0,20036.0,14778.0,13098.0,628000.0,43364.0
Wednesday,22,94103.0,Ingleside,1,27170.0,20036.0,14778.0,13098.0,628000.0,43364.0
Wednesday,22,94103.0,Mission,6,27170.0,20036.0,14778.0,13098.0,628000.0,43364.0
Wednesday,22,94103.0,Southern,52,27170.0,20036.0,14778.0,13098.0,628000.0,43364.0
Wednesday,22,94103.0,Tenderloin,39,27170.0,20036.0,14778.0,13098.0,628000.0,43364.0
Wednesday,22,94104.0,Central,31,406.0,5232.0,368.0,207.0,1000001.0,48750.0
Wednesday,22,94104.0,Southern,1,406.0,5232.0,368.0,207.0,1000001.0,48750.0
Wednesday,22,94104.0,Tenderloin,2,406.0,5232.0,368.0,207.0,1000001.0,48750.0
Wednesday,22,94105.0,Central,1,5846.0,15826.0,4601.0,3586.0,740900.0,163949.0
Wednesday,22,94105.0,Southern,20,5846.0,15826.0,4601.0,3586.0,740900.0,163949.0
Wednesday,22,94107.0,Bayview,4,26599.0,14845.0,15141.0,13736.0,719700.0,114439.0
Wednesday,22,94107.0,Southern,1,26599.0,14845.0,15141.0,13736.0,719700.0,114439.0
Wednesday,22,94108.0,Central,37,13768.0,50983.0,8843.0,7628.0,856900.0,35427.0
Wednesday,22,94108.0,Out of SF,3,13768.0,50983.0,8843.0,7628.0,856900.0,35427.0
Wednesday,22,94108.0,Tenderloin,4,13768.0,50983.0,8843.0,7628.0,856900.0,35427.0
Wednesday,22,94109.0,Bayview,1,55984.0,47129.0,37182.0,33342.0,723200.0,60722.0
Wednesday,22,94109.0,Central,17,55984.0,47129.0,37182.0,33342.0,723200.0,60722.0
Wednesday,22,94109.0,Northern,41,55984.0,47129.0,37182.0,33342.0,723200.0,60722.0
Wednesday,22,94109.0,Richmond,3,55984.0,47129.0,37182.0,33342.0,723200.0,60722.0
Wednesday,22,94109.0,Tenderloin,2,55984.0,47129.0,37182.0,33342.0,723200.0,60722.0
Wednesday,22,94110.0,Bayview,5,69333.0,29816.0,28913.0,27128.0,768200.0,82111.0
Wednesday,22,94110.0,Ingleside,12,69333.0,29816.0,28913.0,27128.0,768200.0,82111.0
Wednesday,22,94110.0,Mission,77,69333.0,29816.0,28913.0,27128.0,768200.0,82111.0
Wednesday,22,94111.0,Central,30,3713.0,10791.0,2811.0,2365.0,882000.0,89722.0
Wednesday,22,94112.0,Ingleside,24,79407.0,23606.0,23081.0,21975.0,602400.0,71625.0
Wednesday,22,94112.0,Mission,1,79407.0,23606.0,23081.0,21975.0,602400.0,71625.0
Wednesday,22,94112.0,Taraval,4,79407.0,23606.0,23081.0,21975.0,602400.0,71625.0
Wednesday,22,94114.0,Mission,15,31124.0,21837.0,17634.0,16281.0,1000001.0,114689.0
Wednesday,22,94114.0,Park,8,31124.0,21837.0,17634.0,16281.0,1000001.0,114689.0
Wednesday,22,94115.0,Northern,12,33021.0,29596.0,18884.0,17289.0,965800.0,76952.0
Wednesday,22,94115.0,Richmond,4,33021.0,29596.0,18884.0,17289.0,965800.0,76952.0
Wednesday,22,94116.0,Bayview,1,43698.0,16901.0,16283.0,15445.0,734400.0,83407.0
Wednesday,22,94116.0,Taraval,22,43698.0,16901.0,16283.0,15445.0,734400.0,83407.0
Wednesday,22,94117.0,Mission,5,39169.0,23211.0,19255.0,17939.0,911500.0,94479.0
Wednesday,22,94117.0,Northern,4,39169.0,23211.0,19255.0,17939.0,911500.0,94479.0
Wednesday,22,94117.0,Park,17,39169.0,23211.0,19255.0,17939.0,911500.0,94479.0
Wednesday,22,94118.0,Out of SF,2,38319.0,19663.0,18633.0,17171.0,1000001.0,82857.0
Wednesday,22,94118.0,Park,4,38319.0,19663.0,18633.0,17171.0,1000001.0,82857.0
Wednesday,22,94118.0,Richmond,27,38319.0,19663.0,18633.0,17171.0,1000001.0,82857.0
Wednesday,22,94122.0,Park,2,56023.0,23699.0,23633.0,22162.0,774500.0,81768.0
Wednesday,22,94122.0,Richmond,7,56023.0,23699.0,23633.0,22162.0,774500.0,81768.0
Wednesday,22,94122.0,Taraval,21,56023.0,23699.0,23633.0,22162.0,774500.0,81768.0
Wednesday,22,94123.0,Central,1,23088.0,22622.0,15083.0,13717.0,1000001.0,112650.0
Wednesday,22,94123.0,Northern,20,23088.0,22622.0,15083.0,13717.0,1000001.0,112650.0
Wednesday,22,94124.0,Bayview,28,33996.0,6901.0,10812.0,9717.0,470400.0,50146.0
Wednesday,22,94127.0,Ingleside,3,19289.0,10895.0,7801.0,7511.0,916900.0,131351.0
Wednesday,22,94127.0,Taraval,6,19289.0,10895.0,7801.0,7511.0,916900.0,131351.0
Wednesday,22,94130.0,Southern,4,2880.0,3196.0,786.0,656.0,,37500.0
Wednesday,22,94131.0,Ingleside,3,26881.0,12926.0,13427.0,12618.0,859700.0,96889.0
Wednesday,22,94131.0,Mission,4,26881.0,12926.0,13427.0,12618.0,859700.0,96889.0
Wednesday,22,94131.0,Park,8,26881.0,12926.0,13427.0,12618.0,859700.0,96889.0
Wednesday,22,94132.0,Taraval,20,28129.0,9045.0,10769.0,9993.0,733100.0,69223.0
Wednesday,22,94134.0,Bayview,17,40798.0,17001.0,11867.0,11244.0,547800.0,56716.0
Wednesday,22,94134.0,Ingleside,8,40798.0,17001.0,11867.0,11244.0,547800.0,56716.0
Wednesday,22,94158.0,Bayview,6,4792.0,7288.0,2482.0,2271.0,643900.0,82195.0
Wednesday,22,94158.0,Southern,14,4792.0,7288.0,2482.0,2271.0,643900.0,82195.0
Wednesday,23,94102.0,Mission,8,31176.0,46472.0,18758.0,16844.0,574100.0,22517.0
Wednesday,23,94102.0,Northern,21,31176.0,46472.0,18758.0,16844.0,574100.0,22517.0
Wednesday,23,94102.0,Out of SF,1,31176.0,46472.0,18758.0,16844.0,574100.0,22517.0
Wednesday,23,94102.0,Southern,5,31176.0,46472.0,18758.0,16844.0,574100.0,22517.0
Wednesday,23,94102.0,Tenderloin,4,31176.0,46472.0,18758.0,16844.0,574100.0,22517.0
Wednesday,23,94103.0,Bayview,1,27170.0,20036.0,14778.0,13098.0,628000.0,43364.0
Wednesday,23,94103.0,Mission,7,27170.0,20036.0,14778.0,13098.0,628000.0,43364.0
Wednesday,23,94103.0,Southern,50,27170.0,20036.0,14778.0,13098.0,628000.0,43364.0
Wednesday,23,94103.0,Tenderloin,33,27170.0,20036.0,14778.0,13098.0,628000.0,43364.0
Wednesday,23,94104.0,Central,16,406.0,5232.0,368.0,207.0,1000001.0,48750.0
Wednesday,23,94105.0,Central,4,5846.0,15826.0,4601.0,3586.0,740900.0,163949.0
Wednesday,23,94105.0,Mission,1,5846.0,15826.0,4601.0,3586.0,740900.0,163949.0
Wednesday,23,94105.0,Northern,1,5846.0,15826.0,4601.0,3586.0,740900.0,163949.0
Wednesday,23,94105.0,Southern,20,5846.0,15826.0,4601.0,3586.0,740900.0,163949.0
Wednesday,23,94107.0,Bayview,4,26599.0,14845.0,15141.0,13736.0,719700.0,114439.0
Wednesday,23,94107.0,Southern,1,26599.0,14845.0,15141.0,13736.0,719700.0,114439.0
Wednesday,23,94108.0,Central,34,13768.0,50983.0,8843.0,7628.0,856900.0,35427.0
Wednesday,23,94108.0,Tenderloin,8,13768.0,50983.0,8843.0,7628.0,856900.0,35427.0
Wednesday,23,94109.0,Central,19,55984.0,47129.0,37182.0,33342.0,723200.0,60722.0
Wednesday,23,94109.0,Northern,9,55984.0,47129.0,37182.0,33342.0,723200.0,60722.0
Wednesday,23,94109.0,Tenderloin,1,55984.0,47129.0,37182.0,33342.0,723200.0,60722.0
Wednesday,23,94110.0,Bayview,7,69333.0,29816.0,28913.0,27128.0,768200.0,82111.0
Wednesday,23,94110.0,Ingleside,14,69333.0,29816.0,28913.0,27128.0,768200.0,82111.0
Wednesday,23,94110.0,Mission,61,69333.0,29816.0,28913.0,27128.0,768200.0,82111.0
Wednesday,23,94110.0,Park,1,69333.0,29816.0,28913.0,27128.0,768200.0,82111.0
Wednesday,23,94110.0,Taraval,1,69333.0,29816.0,28913.0,27128.0,768200.0,82111.0
Wednesday,23,94111.0,Central,16,3713.0,10791.0,2811.0,2365.0,882000.0,89722.0
Wednesday,23,94112.0,Ingleside,22,79407.0,23606.0,23081.0,21975.0,602400.0,71625.0
Wednesday,23,94112.0,Taraval,4,79407.0,23606.0,23081.0,21975.0,602400.0,71625.0
Wednesday,23,94114.0,Mission,20,31124.0,21837.0,17634.0,16281.0,1000001.0,114689.0
Wednesday,23,94114.0,Park,4,31124.0,21837.0,17634.0,16281.0,1000001.0,114689.0
Wednesday,23,94115.0,Northern,7,33021.0,29596.0,18884.0,17289.0,965800.0,76952.0
Wednesday,23,94115.0,Richmond,7,33021.0,29596.0,18884.0,17289.0,965800.0,76952.0
Wednesday,23,94116.0,Taraval,5,43698.0,16901.0,16283.0,15445.0,734400.0,83407.0
Wednesday,23,94117.0,Mission,3,39169.0,23211.0,19255.0,17939.0,911500.0,94479.0
Wednesday,23,94117.0,Northern,5,39169.0,23211.0,19255.0,17939.0,911500.0,94479.0
Wednesday,23,94117.0,Park,14,39169.0,23211.0,19255.0,17939.0,911500.0,94479.0
Wednesday,23,94118.0,Park,3,38319.0,19663.0,18633.0,17171.0,1000001.0,82857.0
Wednesday,23,94118.0,Richmond,18,38319.0,19663.0,18633.0,17171.0,1000001.0,82857.0
Wednesday,23,94122.0,Park,3,56023.0,23699.0,23633.0,22162.0,774500.0,81768.0
Wednesday,23,94122.0,Richmond,9,56023.0,23699.0,23633.0,22162.0,774500.0,81768.0
Wednesday,23,94122.0,Taraval,19,56023.0,23699.0,23633.0,22162.0,774500.0,81768.0
Wednesday,23,94123.0,Northern,14,23088.0,22622.0,15083.0,13717.0,1000001.0,112650.0
Wednesday,23,94124.0,Bayview,34,33996.0,6901.0,10812.0,9717.0,470400.0,50146.0
Wednesday,23,94127.0,Ingleside,4,19289.0,10895.0,7801.0,7511.0,916900.0,131351.0
Wednesday,23,94127.0,Taraval,3,19289.0,10895.0,7801.0,7511.0,916900.0,131351.0
Wednesday,23,94130.0,Southern,1,2880.0,3196.0,786.0,656.0,,37500.0
Wednesday,23,94131.0,Ingleside,6,26881.0,12926.0,13427.0,12618.0,859700.0,96889.0
Wednesday,23,94131.0,Mission,2,26881.0,12926.0,13427.0,12618.0,859700.0,96889.0
Wednesday,23,94131.0,Park,2,26881.0,12926.0,13427.0,12618.0,859700.0,96889.0
Wednesday,23,94132.0,Taraval,8,28129.0,9045.0,10769.0,9993.0,733100.0,69223.0
Wednesday,23,94134.0,Bayview,15,40798.0,17001.0,11867.0,11244.0,547800.0,56716.0
Wednesday,23,94134.0,Ingleside,12,40798.0,17001.0,11867.0,11244.0,547800.0,56716.0
Wednesday,23,94134.0,Southern,1,40798.0,17001.0,11867.0,11244.0,547800.0,56716.0
Wednesday,23,94158.0,Bayview,12,4792.0,7288.0,2482.0,2271.0,643900.0,82195.0
Wednesday,23,94158.0,Mission,1,4792.0,7288.0,2482.0,2271.0,643900.0,82195.0
Wednesday,23,94158.0,Out of SF,3,4792.0,7288.0,2482.0,2271.0,643900.0,82195.0
Wednesday,23,94158.0,Southern,9,4792.0,7288.0,2482.0,2271.0,643900.0,82195.0
